# r[nm],d[nm],daligned[nm],Umethane(d)[kj/mol],UMinmethane(d)[kj/mol]
-0.0078780,-0.0078780,0.0000000,24460.7420930,24460.7420930
0.0021220,0.0021220,0.0100000,21920.2069833,21920.2069833
0.0121220,0.0121220,0.0200000,20854.4821234,20854.4821234
0.0221220,0.0221220,0.0300000,20035.7141492,20035.7141492
0.0321220,0.0321220,0.0400000,18199.3092259,18199.3092259
0.0421220,0.0421220,0.0500000,16751.2615773,16751.2615773
0.0521220,0.0521220,0.0600000,15426.5216873,15426.5216873
0.0621220,0.0621220,0.0700000,10583.1378797,10583.1378797
0.0721220,0.0721220,0.0800000,7147.0095810,7147.0095810
0.0821220,0.0821220,0.0900000,4973.2446223,4973.2446223
0.0921220,0.0921220,0.1000000,3550.4974490,3550.4974490
0.1021220,0.1021220,0.1100000,2583.5077924,2583.5077924
0.1121220,0.1121220,0.1200000,1855.0976068,1855.0976068
0.1221220,0.1221220,0.1300000,1378.6020989,1354.5029142
0.1321220,0.1321220,0.1400000,1023.8098497,999.7192546
0.1421220,0.1421220,0.1500000,760.7097879,735.8479032
0.1521220,0.1521220,0.1600000,550.0803573,525.2217361
0.1621220,0.1621220,0.1700000,396.3656697,372.2233231
0.1721220,0.1721220,0.1800000,282.6040355,259.2208187
0.1821220,0.1821220,0.1900000,197.7146088,175.0204476
0.1921220,0.1921220,0.2000000,134.3375256,112.2240196
0.2021220,0.2021220,0.2100000,87.3257552,65.6937834
0.2121220,0.2121220,0.2200000,52.7463275,31.6746574
0.2221220,0.2221220,0.2300000,27.0446193,7.3017850
0.2321220,0.2321220,0.2400000,6.5204409,-9.6731011
0.2421220,0.2421220,0.2500000,-8.7705289,-24.0133490
0.2521220,0.2521220,0.2600000,-18.6336126,-32.1420250
0.2621220,0.2621220,0.2700000,-24.5342158,-36.3519351
0.2721220,0.2721220,0.2800000,-27.8097747,-37.6358085
0.2821220,0.2821220,0.2900000,-29.3687778,-37.1777336
0.2921220,0.2921220,0.3000000,-29.7682011,-35.7059649
0.3021220,0.3021220,0.3100000,-29.3659194,-33.6951065
0.3121220,0.3121220,0.3200000,-28.4181509,-31.4274623
0.3221220,0.3221220,0.3300000,-27.1142353,-29.2340117
0.3321220,0.3321220,0.3400000,-25.5985577,-27.0456859
0.3421220,0.3421220,0.3500000,-23.9777129,-25.0124793
0.3521220,0.3521220,0.3600000,-22.3234822,-23.0527520
0.3621220,0.3621220,0.3700000,-20.6838668,-21.2308521
0.3721220,0.3721220,0.3800000,-19.0948693,-19.5217378
0.3821220,0.3821220,0.3900000,-17.5843382,-17.9337370
0.3921220,0.3921220,0.4000000,-16.1708242,-16.4817035
0.4021220,0.4021220,0.4100000,-14.8635081,-15.1720087
0.4121220,0.4121220,0.4200000,-13.6641409,-13.9608701
0.4221220,0.4221220,0.4300000,-12.5695422,-12.8542751
0.4321220,0.4321220,0.4400000,-11.5736949,-11.8572785
0.4421220,0.4421220,0.4500000,-10.6692058,-10.9374778
0.4521220,0.4521220,0.4600000,-9.8482302,-10.0935842
0.4621220,0.4621220,0.4700000,-9.1030159,-9.3231214
0.4721220,0.4721220,0.4800000,-8.4262024,-8.6214756
0.4821220,0.4821220,0.4900000,-7.8109679,-7.9831524
0.4921220,0.4921220,0.5000000,-7.2510853,-7.4024676
0.5021220,0.5021220,0.5100000,-6.7409263,-6.8739128
0.5121220,0.5121220,0.5200000,-6.2754356,-6.3923359
0.5221220,0.5221220,0.5300000,-5.8500913,-5.9530179
0.5321220,0.5321220,0.5400000,-5.4608583,-5.5516897
0.5421220,0.5421220,0.5500000,-5.1041406,-5.1845193
0.5521220,0.5521220,0.5600000,-4.7767356,-4.8480825
0.5621220,0.5621220,0.5700000,-4.4757911,-4.5393275
0.5721220,0.5721220,0.5800000,-4.1987654,-4.2555374
0.5821220,0.5821220,0.5900000,-3.9433922,-3.9942942
0.5921220,0.5921220,0.6000000,-3.7076488,-3.7534451
0.6021220,0.6021220,0.6100000,-3.4897275,-3.5310720
0.6121220,0.6121220,0.6200000,-3.2880115,-3.3254978
0.6221220,0.6221220,0.6300000,-3.1010519,-3.1352117
0.6321220,0.6321220,0.6400000,-2.9275492,-2.9587796
0.6421220,0.6421220,0.6500000,-2.7663360,-2.7949742
0.6521220,0.6521220,0.6600000,-2.6163619,-2.6427007
0.6621220,0.6621220,0.6700000,-2.4766806,-2.5009805
0.6721220,0.6721220,0.6800000,-2.3464382,-2.3689450
0.6821220,0.6821220,0.6900000,-2.2248633,-2.2457639
0.6921220,0.6921220,0.7000000,-2.1112577,-2.1307167
0.7021220,0.7021220,0.7100000,-2.0049889,-2.0231511
0.7121220,0.7121220,0.7200000,-1.9054830,-1.9224762
0.7221220,0.7221220,0.7300000,-1.8122183,-1.8281554
0.7321220,0.7321220,0.7400000,-1.7247202,-1.7397014
0.7421220,0.7421220,0.7500000,-1.6425565,-1.6566705
0.7521220,0.7521220,0.7600000,-1.5653327,-1.5786582
0.7621220,0.7621220,0.7700000,-1.4926886,-1.5052956
0.7721220,0.7721220,0.7800000,-1.4242946,-1.4362457
0.7821220,0.7821220,0.7900000,-1.3598491,-1.3711999
0.7921220,0.7921220,0.8000000,-1.2990755,-1.3098759
0.8021220,0.8021220,0.8100000,-1.2417200,-1.2520145
0.8121220,0.8121220,0.8200000,-1.1875492,-1.1973780
0.8221220,0.8221220,0.8300000,-1.1363487,-1.1457476
0.8321220,0.8321220,0.8400000,-1.0879208,-1.0969223
0.8421220,0.8421220,0.8500000,-1.0420835,-1.0507166
0.8521220,0.8521220,0.8600000,-0.9986685,-1.0069597
0.8621220,0.8621220,0.8700000,-0.9575208,-0.9654937
0.8721220,0.8721220,0.8800000,-0.9184966,-0.9261729
0.8821220,0.8821220,0.8900000,-0.8814632,-0.8888624
0.8921220,0.8921220,0.9000000,-0.8462974,-0.8534373
0.9021220,0.9021220,0.9100000,-0.8128850,-0.8197817
0.9121220,0.9121220,0.9200000,-0.7811202,-0.7877885
0.9221220,0.9221220,0.9300000,-0.7509045,-0.7573578
0.9321220,0.9321220,0.9400000,-0.7221465,-0.7283971
0.9421220,0.9421220,0.9500000,-0.6947609,-0.7008201
0.9521220,0.9521220,0.9600000,-0.6686686,-0.6745466
0.9621220,0.9621220,0.9700000,-0.6437955,-0.6495020
0.9721220,0.9721220,0.9800000,-0.6200729,-0.6256164
0.9821220,0.9821220,0.9900000,-0.5974362,-0.6028250
0.9921220,0.9921220,1.0000000,-0.5758255,-0.5810668
1.0021220,1.0021220,1.0100000,-0.5551845,-0.5602853
1.0121220,1.0121220,1.0200000,-0.5354607,-0.5404273
1.0221220,1.0221220,1.0300000,-0.5166048,-0.5214431
1.0321220,1.0321220,1.0400000,-0.4985708,-0.5032863
1.0421220,1.0421220,1.0500000,-0.4813153,-0.4859131
1.0521220,1.0521220,1.0600000,-0.4647979,-0.4692827
1.0621220,1.0621220,1.0700000,-0.4489804,-0.4533568
1.0721220,1.0721220,1.0800000,-0.4338272,-0.4380991
1.0821220,1.0821220,1.0900000,-0.4193046,-0.4234760
1.0921220,1.0921220,1.1000000,-0.4053809,-0.4094555
1.1021220,1.1021220,1.1100000,-0.3920265,-0.3960076
1.1121220,1.1121220,1.1200000,-0.3792134,-0.3831042
1.1221220,1.1221220,1.1300000,-0.3669150,-0.3707187
1.1321220,1.1321220,1.1400000,-0.3551067,-0.3588260
1.1421220,1.1421220,1.1500000,-0.3437648,-0.3474024
1.1521220,1.1521220,1.1600000,-0.3328673,-0.3364258
1.1621220,1.1621220,1.1700000,-0.3223932,-0.3258750
1.1721220,1.1721220,1.1800000,-0.3123229,-0.3157302
1.1821220,1.1821220,1.1900000,-0.3026375,-0.3059726
1.1921220,1.1921220,1.2000000,-0.2933195,-0.2965845
1.2021220,1.2021220,1.2100000,-0.2843521,-0.2875489
1.2121220,1.2121220,1.2200000,-0.2757196,-0.2788501
1.2221220,1.2221220,1.2300000,-0.2674070,-0.2704729
1.2321220,1.2321220,1.2400000,-0.2594000,-0.2624031
1.2421220,1.2421220,1.2500000,-0.2516853,-0.2546272
1.2521220,1.2521220,1.2600000,-0.2442500,-0.2471323
1.2621220,1.2621220,1.2700000,-0.2370820,-0.2399063
1.2721220,1.2721220,1.2800000,-0.2301699,-0.2329376
1.2821220,1.2821220,1.2900000,-0.2235028,-0.2262152
1.2921220,1.2921220,1.3000000,-0.2170703,-0.2197288
1.3021220,1.3021220,1.3100000,-0.2108625,-0.2134684
1.3121220,1.3121220,1.3200000,-0.2048701,-0.2074245
1.3221220,1.3221220,1.3300000,-0.1990841,-0.2015884
1.3321220,1.3321220,1.3400000,-0.1934961,-0.1959514
1.3421220,1.3421220,1.3500000,-0.1880981,-0.1905054
1.3521220,1.3521220,1.3600000,-0.1828822,-0.1852427
1.3621220,1.3621220,1.3700000,-0.1778413,-0.1801560
1.3721220,1.3721220,1.3800000,-0.1729682,-0.1752382
1.3821220,1.3821220,1.3900000,-0.1682565,-0.1704827
1.3921220,1.3921220,1.4000000,-0.1636997,-0.1658830
1.4021220,1.4021220,1.4100000,-0.1592917,-0.1614331
1.4121220,1.4121220,1.4200000,-0.1550269,-0.1571273
1.4221220,1.4221220,1.4300000,-0.1508996,-0.1529599
1.4321220,1.4321220,1.4400000,-0.1469047,-0.1489256
1.4421220,1.4421220,1.4500000,-0.1430370,-0.1450195
1.4521220,1.4521220,1.4600000,-0.1392919,-0.1412367
1.4621220,1.4621220,1.4700000,-0.1356646,-0.1375725
1.4721220,1.4721220,1.4800000,-0.1321508,-0.1340226
1.4821220,1.4821220,1.4900000,-0.1287463,-0.1305827
1.4921220,1.4921220,1.5000000,-0.1254470,-0.1272488
1.5021220,1.5021220,1.5100000,-0.1222492,-0.1240170
1.5121220,1.5121220,1.5200000,-0.1191491,-0.1208836
1.5221220,1.5221220,1.5300000,-0.1161432,-0.1178451
1.5321220,1.5321220,1.5400000,-0.1132282,-0.1148981
1.5421220,1.5421220,1.5500000,-0.1104007,-0.1120392
1.5521220,1.5521220,1.5600000,-0.1076577,-0.1092655
1.5621220,1.5621220,1.5700000,-0.1049962,-0.1065739
1.5721220,1.5721220,1.5800000,-0.1024133,-0.1039616
1.5821220,1.5821220,1.5900000,-0.0999063,-0.1014257
1.5921220,1.5921220,1.6000000,-0.0974726,-0.0989637
