# r[nm],d[nm],daligned[nm],Umethane(d)[kj/mol]
-0.7944167,-0.7944167,-0.7295285,53265.8774946
-0.7844167,-0.7844167,-0.7195285,44515.9507438
-0.7744167,-0.7744167,-0.7095285,40082.8140624
-0.7644167,-0.7644167,-0.6995285,40129.2320763
-0.7544167,-0.7544167,-0.6895285,41515.3021317
-0.7444167,-0.7444167,-0.6795285,30783.6130652
-0.7344167,-0.7344167,-0.6695285,25140.1406822
-0.7244167,-0.7244167,-0.6595285,23480.3338927
-0.7144167,-0.7144167,-0.6495285,24389.9927223
-0.7044167,-0.7044167,-0.6395285,27443.2395263
-0.6944167,-0.6944167,-0.6295285,32735.8927842
-0.6844167,-0.6844167,-0.6195285,41033.1566506
-0.6744167,-0.6744167,-0.6095285,37501.3139683
-0.6644167,-0.6644167,-0.5995285,38317.0958275
-0.6544167,-0.6544167,-0.5895285,45535.7330807
-0.6444167,-0.6444167,-0.5795285,44457.3873700
-0.6344167,-0.6344167,-0.5695285,37899.0123580
-0.6244167,-0.6244167,-0.5595285,37881.4944838
-0.6144167,-0.6144167,-0.5495285,40014.4289022
-0.6044167,-0.6044167,-0.5395285,32104.5687599
-0.5944167,-0.5944167,-0.5295285,26998.7805461
-0.5844167,-0.5844167,-0.5195285,24093.9925722
-0.5744167,-0.5744167,-0.5095285,23393.3344140
-0.5644167,-0.5644167,-0.4995285,25526.7844999
-0.5544167,-0.5544167,-0.4895285,32048.3031732
-0.5444167,-0.5444167,-0.4795285,41183.3882848
-0.5344167,-0.5344167,-0.4695285,40611.9475551
-0.5244167,-0.5244167,-0.4595285,40319.5154201
-0.5144167,-0.5144167,-0.4495285,45816.0589991
-0.5044167,-0.5044167,-0.4395285,52224.5325414
-0.4944167,-0.4944167,-0.4295285,43665.1017647
-0.4844167,-0.4844167,-0.4195285,40177.2440469
-0.4744167,-0.4744167,-0.4095285,40141.6697572
-0.4644167,-0.4644167,-0.3995285,41510.1958540
-0.4544167,-0.4544167,-0.3895285,29978.0644236
-0.4444167,-0.4444167,-0.3795285,24828.0897776
-0.4344167,-0.4344167,-0.3695285,23474.6889616
-0.4244167,-0.4244167,-0.3595285,24603.9622361
-0.4144167,-0.4144167,-0.3495285,27869.0060955
-0.4044167,-0.4044167,-0.3395285,33410.5202046
-0.3944167,-0.3944167,-0.3295285,42093.9536280
-0.3844167,-0.3844167,-0.3195285,37262.1750022
-0.3744167,-0.3744167,-0.3095285,38765.8356742
-0.3644167,-0.3644167,-0.2995285,46607.5847905
-0.3544167,-0.3544167,-0.2895285,43527.0037311
-0.3444167,-0.3444167,-0.2795285,37590.0150234
-0.3344167,-0.3344167,-0.2695285,38311.5525208
-0.3244167,-0.3244167,-0.2595285,39057.6452547
-0.3144167,-0.3144167,-0.2495285,31499.5852808
-0.3044167,-0.3044167,-0.2395285,26619.8304346
-0.2944167,-0.2944167,-0.2295285,23927.4677156
-0.2844167,-0.2844167,-0.2195285,23470.3560769
-0.2744167,-0.2744167,-0.2095285,25954.2181037
-0.2644167,-0.2644167,-0.1995285,33052.8523906
-0.2544167,-0.2544167,-0.1895285,40828.0950838
-0.2444167,-0.2444167,-0.1795285,40911.1809897
-0.2344167,-0.2344167,-0.1695285,40460.2628213
-0.2244167,-0.2244167,-0.1595285,46800.5790556
-0.2144167,-0.2144167,-0.1495285,51254.3806829
-0.2044167,-0.2044167,-0.1395285,42916.9531933
-0.1944167,-0.1944167,-0.1295285,40398.1097605
-0.1844167,-0.1844167,-0.1195285,40231.5318965
-0.1744167,-0.1744167,-0.1095285,39974.8083586
-0.1644167,-0.1644167,-0.0995285,29254.2630562
-0.1544167,-0.1544167,-0.0895285,24573.7055026
-0.1444167,-0.1444167,-0.0795285,23507.6621257
-0.1344167,-0.1344167,-0.0695285,24859.8464660
-0.1244167,-0.1244167,-0.0595285,28337.2721244
-0.1144167,-0.1144167,-0.0495285,34132.7163565
-0.1044167,-0.1044167,-0.0395285,42644.2057348
-0.0944167,-0.0944167,-0.0295285,36872.3104623
-0.0844167,-0.0844167,-0.0195285,38836.6721458
-0.0744167,-0.0744167,-0.0095285,46917.4895495
-0.0644167,-0.0644167,0.0004715,39888.6528697
-0.0544167,-0.0544167,0.0104715,31828.1551195
-0.0444167,-0.0444167,0.0204715,27601.8263166
-0.0344167,-0.0344167,0.0304715,26850.9656343
-0.0244167,-0.0244167,0.0404715,28917.1891373
-0.0144167,-0.0144167,0.0504715,23031.0813894
-0.0044167,-0.0044167,0.0604715,18542.2084421
0.0055833,0.0055833,0.0704715,14975.5874922
0.0155833,0.0155833,0.0804715,12075.1267248
0.0255833,0.0255833,0.0904715,9699.6710970
0.0355833,0.0355833,0.1004715,7764.0727741
0.0455833,0.0455833,0.1104715,5553.3123975
0.0555833,0.0555833,0.1204715,3792.2222886
0.0655833,0.0655833,0.1304715,2719.7749823
0.0755833,0.0755833,0.1404715,1745.4312182
0.0855833,0.0855833,0.1504715,1152.5223453
0.0955833,0.0955833,0.1604715,792.9579004
0.1055833,0.1055833,0.1704715,560.9065588
0.1155833,0.1155833,0.1804715,401.9133088
0.1255833,0.1255833,0.1904715,287.5082795
0.1355833,0.1355833,0.2004715,202.4040690
0.1455833,0.1455833,0.2104715,137.3260268
0.1555833,0.1555833,0.2204715,86.0967463
0.1655833,0.1655833,0.2304715,44.3859504
0.1755833,0.1755833,0.2404715,14.4613669
0.1855833,0.1855833,0.2504715,-4.9160169
0.1955833,0.1955833,0.2604715,-17.2314187
0.2055833,0.2055833,0.2704715,-24.7273722
0.2155833,0.2155833,0.2804715,-28.9235516
0.2255833,0.2255833,0.2904715,-30.9832223
0.2355833,0.2355833,0.3004715,-31.7058709
0.2455833,0.2455833,0.3104715,-31.5932052
0.2555833,0.2555833,0.3204715,-30.9473770
0.2655833,0.2655833,0.3304715,-29.9663254
0.2755833,0.2755833,0.3404715,-28.7835903
0.2855833,0.2855833,0.3504715,-27.4960064
0.2955833,0.2955833,0.3604715,-26.1849361
0.3055833,0.3055833,0.3704715,-24.8854156
0.3155833,0.3155833,0.3804715,-23.5762692
0.3255833,0.3255833,0.3904715,-22.2312129
0.3355833,0.3355833,0.4004715,-20.8539655
0.3455833,0.3455833,0.4104715,-19.4670793
0.3555833,0.3555833,0.4204715,-18.0941433
0.3655833,0.3655833,0.4304715,-16.7566209
0.3755833,0.3755833,0.4404715,-15.4751257
0.3855833,0.3855833,0.4504715,-14.2669004
0.3955833,0.3955833,0.4604715,-13.1428023
0.4055833,0.4055833,0.4704715,-12.1070336
0.4155833,0.4155833,0.4804715,-11.1587407
0.4255833,0.4255833,0.4904715,-10.2939138
0.4355833,0.4355833,0.5004715,-9.5068789
0.4455833,0.4455833,0.5104715,-8.7912849
0.4555833,0.4555833,0.5204715,-8.1406966
0.4655833,0.4655833,0.5304715,-7.5489240
0.4755833,0.4755833,0.5404715,-7.0101889
0.4855833,0.4855833,0.5504715,-6.5191948
0.4955833,0.4955833,0.5604715,-6.0711418
0.5055833,0.5055833,0.5704715,-5.6617113
0.5155833,0.5155833,0.5804715,-5.2870347
0.5255833,0.5255833,0.5904715,-4.9436562
0.5355833,0.5355833,0.6004715,-4.6284933
0.5455833,0.5455833,0.6104715,-4.3387975
0.5555833,0.5555833,0.6204715,-4.0721188
0.5655833,0.5655833,0.6304715,-3.8262720
0.5755833,0.5755833,0.6404715,-3.5993068
0.5855833,0.5855833,0.6504715,-3.3894805
0.5955833,0.5955833,0.6604715,-3.1952345
0.6055833,0.6055833,0.6704715,-3.0151729
0.6155833,0.6155833,0.6804715,-2.8480440
0.6255833,0.6255833,0.6904715,-2.6927236
0.6355833,0.6355833,0.7004715,-2.5482007
0.6455833,0.6455833,0.7104715,-2.4135650
0.6555833,0.6555833,0.7204715,-2.2879951
0.6655833,0.6655833,0.7304715,-2.1707496
0.6755833,0.6755833,0.7404715,-2.0611574
0.6855833,0.6855833,0.7504715,-1.9586109
0.6955833,0.6955833,0.7604715,-1.8625587
0.7055833,0.7055833,0.7704715,-1.7725001
0.7155833,0.7155833,0.7804715,-1.6879797
0.7255833,0.7255833,0.7904715,-1.6085824
0.7355833,0.7355833,0.8004715,-1.5339299
0.7455833,0.7455833,0.8104715,-1.4636767
0.7555833,0.7555833,0.8204715,-1.3975066
0.7655833,0.7655833,0.8304715,-1.3351305
0.7755833,0.7755833,0.8404715,-1.2762830
0.7855833,0.7855833,0.8504715,-1.2207209
0.7955833,0.7955833,0.8604715,-1.1682205
0.8055833,0.8055833,0.8704715,-1.1185762
0.8155833,0.8155833,0.8804715,-1.0715986
0.8255833,0.8255833,0.8904715,-1.0271131
0.8355833,0.8355833,0.9004715,-0.9849585
0.8455833,0.8455833,0.9104715,-0.9449860
0.8555833,0.8555833,0.9204715,-0.9070581
0.8655833,0.8655833,0.9304715,-0.8710472
0.8755833,0.8755833,0.9404715,-0.8368355
0.8855833,0.8855833,0.9504715,-0.8043135
0.8955833,0.8955833,0.9604715,-0.7733795
0.9055833,0.9055833,0.9704715,-0.7439392
0.9155833,0.9155833,0.9804715,-0.7159048
0.9255833,0.9255833,0.9904715,-0.6891947
0.9355833,0.9355833,1.0004715,-0.6637328
0.9455833,0.9455833,1.0104715,-0.6394482
0.9555833,0.9555833,1.0204715,-0.6162748
0.9655833,0.9655833,1.0304715,-0.5941507
0.9755833,0.9755833,1.0404715,-0.5730182
0.9855833,0.9855833,1.0504715,-0.5528235
0.9955833,0.9955833,1.0604715,-0.5335159
1.0055833,1.0055833,1.0704715,-0.5150483
1.0155833,1.0155833,1.0804715,-0.4973762
1.0255833,1.0255833,1.0904715,-0.4804582
1.0355833,1.0355833,1.1004715,-0.4642553
1.0455833,1.0455833,1.1104715,-0.4487308
1.0555833,1.0555833,1.1204715,-0.4338503
1.0655833,1.0655833,1.1304715,-0.4195815
1.0755833,1.0755833,1.1404715,-0.4058941
1.0855833,1.0855833,1.1504715,-0.3927592
1.0955833,1.0955833,1.1604715,-0.3801501
1.1055833,1.1055833,1.1704715,-0.3680412
1.1155833,1.1155833,1.1804715,-0.3564085
1.1255833,1.1255833,1.1904715,-0.3452295
1.1355833,1.1355833,1.2004715,-0.3344829
1.1455833,1.1455833,1.2104715,-0.3241484
1.1555833,1.1555833,1.2204715,-0.3142069
1.1655833,1.1655833,1.2304715,-0.3046406
1.1755833,1.1755833,1.2404715,-0.2954322
1.1855833,1.1855833,1.2504715,-0.2865658
1.1955833,1.1955833,1.2604715,-0.2780259
1.2055833,1.2055833,1.2704715,-0.2697982
1.2155833,1.2155833,1.2804715,-0.2618689
1.2255833,1.2255833,1.2904715,-0.2542251
1.2355833,1.2355833,1.3004715,-0.2468543
1.2455833,1.2455833,1.3104715,-0.2397449
1.2555833,1.2555833,1.3204715,-0.2328857
1.2655833,1.2655833,1.3304715,-0.2262662
1.2755833,1.2755833,1.3404715,-0.2198763
1.2855833,1.2855833,1.3504715,-0.2137065
1.2955833,1.2955833,1.3604715,-0.2077477
1.3055833,1.3055833,1.3704715,-0.2019913
1.3155833,1.3155833,1.3804715,-0.1964290
1.3255833,1.3255833,1.3904715,-0.1910531
1.3355833,1.3355833,1.4004715,-0.1858560
1.3455833,1.3455833,1.4104715,-0.1808306
1.3555833,1.3555833,1.4204715,-0.1759702
1.3655833,1.3655833,1.4304715,-0.1712683
1.3755833,1.3755833,1.4404715,-0.1667187
1.3855833,1.3855833,1.4504715,-0.1623156
1.3955833,1.3955833,1.4604715,-0.1580533
1.4055833,1.4055833,1.4704715,-0.1539264
1.4155833,1.4155833,1.4804715,-0.1499299
1.4255833,1.4255833,1.4904715,-0.1460589
1.4355833,1.4355833,1.5004715,-0.1423085
1.4455833,1.4455833,1.5104715,-0.1386745
1.4555833,1.4555833,1.5204715,-0.1351524
1.4655833,1.4655833,1.5304715,-0.1317382
1.4755833,1.4755833,1.5404715,-0.1284280
1.4855833,1.4855833,1.5504715,-0.1252180
1.4955833,1.4955833,1.5604715,-0.1221046
1.5055833,1.5055833,1.5704715,-0.1190843
1.5155833,1.5155833,1.5804715,-0.1161539
1.5255833,1.5255833,1.5904715,-0.1133102
1.5355833,1.5355833,1.6004715,-0.1105501
1.5455833,1.5455833,1.6104715,-0.1078707
1.5555833,1.5555833,1.6204715,-0.1052693
1.5655833,1.5655833,1.6304715,-0.1027432
1.5755833,1.5755833,1.6404715,-0.1002897
1.5855833,1.5855833,1.6504715,-0.0979065
1.5955833,1.5955833,1.6604715,-0.0955911
