# r[nm],d[nm],daligned[nm],Ucline3(d)[kj/mol],UMincline3(d)[kj/mol]
-0.0648882,-0.0648882,0.0000000,103044.7085682,103044.7085682
-0.0548882,-0.0548882,0.0100000,127454.4835602,127454.4835602
-0.0448882,-0.0448882,0.0200000,143413.0549596,143413.0549596
-0.0348882,-0.0348882,0.0300000,94722.8641590,94722.8641590
-0.0248882,-0.0248882,0.0400000,61966.8949410,61966.8949410
-0.0148882,-0.0148882,0.0500000,39045.5588521,39045.5588521
-0.0048882,-0.0048882,0.0600000,25853.9148377,25853.9148377
0.0051118,0.0051118,0.0700000,18104.1672747,18104.1672747
0.0151118,0.0151118,0.0800000,13372.7281874,13372.7281874
0.0251118,0.0251118,0.0900000,10307.4153883,10307.4153883
0.0351118,0.0351118,0.1000000,8166.9726080,8166.9726080
0.0451118,0.0451118,0.1100000,6552.9196321,6552.9196321
0.0551118,0.0551118,0.1200000,4815.7807732,4815.7807732
0.0651118,0.0651118,0.1300000,2975.0812290,2975.0812290
0.0751118,0.0751118,0.1400000,1873.3179163,1873.3179163
0.0851118,0.0851118,0.1500000,1234.4753012,1215.8396210
0.0951118,0.0951118,0.1600000,822.1455480,803.6935822
0.1051118,0.1051118,0.1700000,551.7003366,533.4905598
0.1151118,0.1151118,0.1800000,367.5957816,349.7066319
0.1251118,0.1251118,0.1900000,238.8067229,221.3425470
0.1351118,0.1351118,0.2000000,147.1964293,130.2673132
0.1451118,0.1451118,0.2100000,81.6122538,65.2968631
0.1551118,0.1551118,0.2200000,34.8137920,19.1382926
0.1651118,0.1651118,0.2300000,1.8392400,-13.2153115
0.1751118,0.1751118,0.2400000,-20.8727324,-35.3487222
0.1851118,0.1851118,0.2500000,-35.9641196,-49.9063721
0.1951118,0.1951118,0.2600000,-45.4353998,-58.8750305
0.2051118,0.2051118,0.2700000,-50.8210330,-63.7606185
0.2151118,0.2151118,0.2800000,-53.3070186,-65.7067227
0.2251118,0.2251118,0.2900000,-53.8061887,-65.5791485
0.2351118,0.2351118,0.3000000,-52.9996831,-64.0291565
0.2451118,0.2451118,0.3100000,-51.3628169,-61.5696947
0.2551118,0.2551118,0.3200000,-49.2047278,-58.5362914
0.2651118,0.2651118,0.3300000,-46.7303523,-55.1695616
0.2751118,0.2751118,0.3400000,-44.0997078,-51.6597238
0.2851118,0.2851118,0.3500000,-41.4563643,-48.1397313
0.2951118,0.2951118,0.3600000,-38.9300998,-44.7012790
0.3051118,0.3051118,0.3700000,-36.5862009,-41.4037251
0.3151118,0.3151118,0.3800000,-34.4189603,-38.4648038
0.3251118,0.3251118,0.3900000,-32.4464096,-38.6004139
0.3351118,0.3351118,0.4000000,-30.7217538,-37.9226578
0.3451118,0.3451118,0.4100000,-29.2372487,-36.6782701
0.3551118,0.3551118,0.4200000,-27.9028930,-35.0908392
0.3651118,0.3651118,0.4300000,-26.6184172,-33.2765058
0.3751118,0.3751118,0.4400000,-25.3358465,-31.3457903
0.3851118,0.3851118,0.4500000,-24.0660443,-29.3786269
0.3951118,0.3951118,0.4600000,-22.8775026,-27.4312667
0.4051118,0.4051118,0.4700000,-21.8976250,-28.3736509
0.4151118,0.4151118,0.4800000,-21.2058614,-29.4540396
0.4251118,0.4251118,0.4900000,-20.7005241,-29.6080772
0.4351118,0.4351118,0.5000000,-20.2196542,-29.1118106
0.4451118,0.4451118,0.5100000,-19.6757361,-28.1797820
0.4551118,0.4551118,0.5200000,-19.0382402,-26.9716289
0.4651118,0.4651118,0.5300000,-18.3109827,-25.5853061
0.4751118,0.4751118,0.5400000,-17.5257814,-24.1073695
0.4851118,0.4851118,0.5500000,-16.7291463,-22.6001035
0.4951118,0.4951118,0.5600000,-15.9550812,-21.1072920
0.5051118,0.5051118,0.5700000,-15.2011998,-19.6587449
0.5151118,0.5151118,0.5800000,-14.4348551,-18.2738339
0.5251118,0.5251118,0.5900000,-13.6228843,-17.0190639
0.5351118,0.5351118,0.6000000,-12.7628692,-15.9384331
0.5451118,0.5451118,0.6100000,-11.8804670,-14.9673641
0.5551118,0.5551118,0.6200000,-11.0085699,-13.9872623
0.5651118,0.5651118,0.6300000,-10.1736836,-13.0227230
0.5751118,0.5751118,0.6400000,-9.3923265,-12.0985035
0.5851118,0.5851118,0.6500000,-8.6723280,-11.2281189
0.5951118,0.5951118,0.6600000,-8.0153918,-10.4171400
0.6051118,0.6051118,0.6700000,-7.4194368,-9.6669559
0.6151118,0.6151118,0.6800000,-6.8803289,-8.9842981
0.6251118,0.6251118,0.6900000,-6.3930298,-8.3538427
0.6351118,0.6351118,0.7000000,-5.9522988,-7.7735829
0.6451118,0.6451118,0.7100000,-5.5530883,-7.2409128
0.6551118,0.6551118,0.7200000,-5.1907419,-6.7525541
0.6651118,0.6651118,0.7300000,-4.8610730,-6.3049868
0.6751118,0.6751118,0.7400000,-4.5603748,-5.8947002
0.6851118,0.6851118,0.7500000,-4.2853955,-5.5183325
0.6951118,0.6951118,0.7600000,-4.0332958,-5.1727430
0.7051118,0.7051118,0.7700000,-3.8016019,-4.8550430
0.7151118,0.7151118,0.7800000,-3.5881588,-4.5626022
0.7251118,0.7251118,0.7900000,-3.3910869,-4.2930415
0.7351118,0.7351118,0.8000000,-3.2087433,-4.0442176
0.7451118,0.7451118,0.8100000,-3.0396888,-3.8142050
0.7551118,0.7551118,0.8200000,-2.8826585,-3.6012762
0.7651118,0.7651118,0.8300000,-2.7365378,-3.4038816
0.7751118,0.7751118,0.8400000,-2.6003408,-3.2206320
0.7851118,0.7851118,0.8500000,-2.4731930,-3.0502807
0.7951118,0.7951118,0.8600000,-2.3543164,-2.8917084
0.8051118,0.8051118,0.8700000,-2.2430165,-2.7439086
0.8151118,0.8151118,0.8800000,-2.1386718,-2.6059759
0.8251118,0.8251118,0.8900000,-2.0407243,-2.4770941
0.8351118,0.8351118,0.9000000,-1.9486719,-2.3565265
0.8451118,0.8451118,0.9100000,-1.8620613,-2.2436076
0.8551118,0.8551118,0.9200000,-1.7804827,-2.1377348
0.8651118,0.8651118,0.9300000,-1.7035644,-2.0383619
0.8751118,0.8751118,0.9400000,-1.6309689,-1.9449940
0.8851118,0.8851118,0.9500000,-1.5623887,-1.8572332
0.8951118,0.8951118,0.9600000,-1.4975433,-1.7746046
0.9051118,0.9051118,0.9700000,-1.4361763,-1.6967360
0.9151118,0.9151118,0.9800000,-1.3780530,-1.6232871
0.9251118,0.9251118,0.9900000,-1.3229580,-1.5539467
0.9351118,0.9351118,1.0000000,-1.2706936,-1.4884298
0.9451118,0.9451118,1.0100000,-1.2210776,-1.4264749
0.9551118,0.9551118,1.0200000,-1.1739425,-1.3678419
0.9651118,0.9651118,1.0300000,-1.1291334,-1.3123172
0.9751118,0.9751118,1.0400000,-1.0865071,-1.2597015
0.9851118,0.9851118,1.0500000,-1.0459316,-1.2097927
0.9951118,0.9951118,1.0600000,-1.0072840,-1.1624184
1.0051118,1.0051118,1.0700000,-0.9704507,-1.1174196
1.0151118,1.0151118,1.0800000,-0.9353261,-1.0746490
1.0251118,1.0251118,1.0900000,-0.9018121,-1.0339702
1.0351118,1.0351118,1.1000000,-0.8698173,-0.9952567
1.0451118,1.0451118,1.1100000,-0.8392567,-0.9583914
1.0551118,1.0551118,1.1200000,-0.8100508,-0.9232652
1.0651118,1.0651118,1.1300000,-0.7821257,-0.8897769
1.0751118,1.0751118,1.1400000,-0.7554121,-0.8578322
1.0851118,1.0851118,1.1500000,-0.7298455,-0.8273434
1.0951118,1.0951118,1.1600000,-0.7053652,-0.7982288
1.1051118,1.1051118,1.1700000,-0.6819146,-0.7704119
1.1151118,1.1151118,1.1800000,-0.6594405,-0.7438216
1.1251118,1.1251118,1.1900000,-0.6378931,-0.7183912
1.1351118,1.1351118,1.2000000,-0.6172255,-0.6940586
1.1451118,1.1451118,1.2100000,-0.5973939,-0.6707654
1.1551118,1.1551118,1.2200000,-0.5783568,-0.6484571
1.1651118,1.1651118,1.2300000,-0.5600755,-0.6270824
1.1751118,1.1751118,1.2400000,-0.5425131,-0.6065935
1.1851118,1.1851118,1.2500000,-0.5256354,-0.5869453
1.1951118,1.1951118,1.2600000,-0.5094096,-0.5680955
1.2051118,1.2051118,1.2700000,-0.4938053,-0.5500043
1.2151118,1.2151118,1.2800000,-0.4787933,-0.5326343
1.2251118,1.2251118,1.2900000,-0.4643464,-0.5159504
1.2351118,1.2351118,1.3000000,-0.4504387,-0.4999193
1.2451118,1.2451118,1.3100000,-0.4370458,-0.4845099
1.2551118,1.2551118,1.3200000,-0.4241445,-0.4696926
1.2651118,1.2651118,1.3300000,-0.4117130,-0.4554398
1.2751118,1.2751118,1.3400000,-0.3997305,-0.4417250
1.2851118,1.2851118,1.3500000,-0.3881775,-0.4285237
1.2951118,1.2951118,1.3600000,-0.3770352,-0.4158122
1.3051118,1.3051118,1.3700000,-0.3662860,-0.4035686
1.3151118,1.3151118,1.3800000,-0.3559133,-0.3917718
1.3251118,1.3251118,1.3900000,-0.3459010,-0.3804020
1.3351118,1.3351118,1.4000000,-0.3362340,-0.3694403
1.3451118,1.3451118,1.4100000,-0.3268980,-0.3588691
1.3551118,1.3551118,1.4200000,-0.3178793,-0.3486713
1.3651118,1.3651118,1.4300000,-0.3091650,-0.3388311
1.3751118,1.3751118,1.4400000,-0.3007427,-0.3293331
1.3851118,1.3851118,1.4500000,-0.2926005,-0.3201630
1.3951118,1.3951118,1.4600000,-0.2847274,-0.3113070
1.4051118,1.4051118,1.4700000,-0.2771126,-0.3027522
1.4151118,1.4151118,1.4800000,-0.2697459,-0.2944861
1.4251118,1.4251118,1.4900000,-0.2626177,-0.2864969
1.4351118,1.4351118,1.5000000,-0.2557187,-0.2787735
1.4451118,1.4451118,1.5100000,-0.2490400,-0.2713052
1.4551118,1.4551118,1.5200000,-0.2425733,-0.2640817
1.4651118,1.4651118,1.5300000,-0.2363105,-0.2570935
1.4751118,1.4751118,1.5400000,-0.2302438,-0.2503313
1.4851118,1.4851118,1.5500000,-0.2243661,-0.2437862
1.4951118,1.4951118,1.5600000,-0.2186701,-0.2374500
1.5051118,1.5051118,1.5700000,-0.2131493,-0.2313145
1.5151118,1.5151118,1.5800000,-0.2077971,-0.2253721
1.5251118,1.5251118,1.5900000,-0.2026075,-0.2196156
1.5351118,1.5351118,1.6000000,-0.1975745,-0.2140379
1.5451118,1.5451118,1.6100000,-0.1926925,-0.2086325
1.5551118,1.5551118,1.6200000,-0.1879562,-0.2033928
1.5651118,1.5651118,1.6300000,-0.1833603,-0.1983128
1.5751118,1.5751118,1.6400000,-0.1789000,-0.1933868
1.5851118,1.5851118,1.6500000,-0.1745703,-0.1886090
1.5951118,1.5951118,1.6600000,-0.1703669,-0.1839742
