# r[nm],d[nm],daligned[nm],Uwater(d)[kj/mol],UMinwater(d)[kj/mol]
-0.0655657,-0.0655657,0.0000000,18212.0995540,18212.0995540
-0.0555657,-0.0555657,0.0100000,13521.7931960,13521.7931960
-0.0455657,-0.0455657,0.0200000,9627.6476873,9627.6476873
-0.0355657,-0.0355657,0.0300000,6922.1701647,6922.1701647
-0.0255657,-0.0255657,0.0400000,5112.3221807,5112.3221807
-0.0155657,-0.0155657,0.0500000,3907.5291316,3907.5291316
-0.0055657,-0.0055657,0.0600000,3093.6775078,3093.6775078
0.0044343,0.0044343,0.0700000,2522.0514840,2522.0514840
0.0144343,0.0144343,0.0800000,2095.2927573,2095.2927573
0.0244343,0.0244343,0.0900000,1774.3399536,1752.5087425
0.0344343,0.0344343,0.1000000,1466.8552356,1444.0394850
0.0444343,0.0444343,0.1100000,1105.6849093,1081.8120767
0.0544343,0.0544343,0.1200000,763.8278427,740.0638103
0.0644343,0.0644343,0.1300000,480.3131280,459.4142869
0.0744343,0.0744343,0.1400000,288.1026238,266.2870204
0.0844343,0.0844343,0.1500000,176.6747830,155.0197575
0.0944343,0.0944343,0.1600000,109.2892432,88.4093787
0.1044343,0.1044343,0.1700000,66.6805179,47.0316698
0.1144343,0.1144343,0.1800000,38.7458885,20.5357496
0.1244343,0.1244343,0.1900000,19.9302089,3.2204559
0.1344343,0.1344343,0.2000000,7.0411023,-8.1772290
0.1444343,0.1444343,0.2100000,-1.8333296,-15.6096825
0.1544343,0.1544343,0.2200000,-7.8914528,-20.3034536
0.1644343,0.1644343,0.2300000,-11.9243632,-23.0677678
0.1744343,0.1744343,0.2400000,-14.4895462,-24.4605056
0.1844343,0.1844343,0.2500000,-16.0094127,-24.9321216
0.1944343,0.1944343,0.2600000,-16.8167855,-24.9549976
0.2044343,0.2044343,0.2700000,-17.1543948,-24.7391362
0.2144343,0.2144343,0.2800000,-17.1655205,-24.1177464
0.2244343,0.2244343,0.2900000,-16.9318088,-23.1513955
0.2344343,0.2344343,0.3000000,-16.5216248,-21.9733877
0.2444343,0.2444343,0.3100000,-15.9997660,-20.6848012
0.2544343,0.2544343,0.3200000,-15.4314166,-19.3524879
0.2644343,0.2644343,0.3300000,-14.8668919,-18.0081849
0.2744343,0.2744343,0.3400000,-14.3111868,-16.6888812
0.2844343,0.2844343,0.3500000,-13.7310498,-15.4196646
0.2944343,0.2944343,0.3600000,-13.0840018,-14.2987794
0.3044343,0.3044343,0.3700000,-12.3537826,-13.3498100
0.3144343,0.3144343,0.3800000,-11.5606864,-12.5318669
0.3244343,0.3244343,0.3900000,-10.7417210,-11.6806339
0.3344343,0.3344343,0.4000000,-9.9311028,-10.8105268
0.3444343,0.3444343,0.4100000,-9.1528648,-9.9618701
0.3544343,0.3544343,0.4200000,-8.4210369,-9.1586094
0.3644343,0.3644343,0.4300000,-7.7422086,-8.4094847
0.3744343,0.3744343,0.4400000,-7.1181062,-7.7223798
0.3844343,0.3844343,0.4500000,-6.5475350,-7.0987775
0.3944343,0.3944343,0.4600000,-6.0276841,-6.5248646
0.4044343,0.4044343,0.4700000,-5.5549505,-6.0001969
0.4144343,0.4144343,0.4800000,-5.1254407,-5.5226842
0.4244343,0.4244343,0.4900000,-4.7352631,-5.0891503
0.4344343,0.4344343,0.5000000,-4.3806916,-4.6959748
0.4444343,0.4444343,0.5100000,-4.0582492,-4.3395243
0.4544343,0.4544343,0.5200000,-3.7647439,-4.0161784
0.4644343,0.4644343,0.5300000,-3.4972765,-3.7225827
0.4744343,0.4744343,0.5400000,-3.2532323,-3.4556838
0.4844343,0.4844343,0.5500000,-3.0302635,-3.2127196
0.4944343,0.4944343,0.5600000,-2.8262689,-2.9912120
0.5044343,0.5044343,0.5700000,-2.6393710,-2.7889483
0.5144343,0.5144343,0.5800000,-2.4678939,-2.6039593
0.5244343,0.5244343,0.5900000,-2.3103418,-2.4344954
0.5344343,0.5344343,0.6000000,-2.1653801,-2.2790030
0.5444343,0.5444343,0.6100000,-2.0318172,-2.1361027
0.5544343,0.5544343,0.6200000,-1.9085880,-2.0045693
0.5644343,0.5644343,0.6300000,-1.7947403,-1.8833133
0.5744343,0.5744343,0.6400000,-1.6894215,-1.7713650
0.5844343,0.5844343,0.6500000,-1.5918674,-1.6678603
0.5944343,0.5944343,0.6600000,-1.5013923,-1.5720277
0.6044343,0.6044343,0.6700000,-1.4173797,-1.4831777
0.6144343,0.6144343,0.6800000,-1.3392753,-1.4006928
0.6244343,0.6244343,0.6900000,-1.2665793,-1.3240254
0.6344343,0.6344343,0.7000000,-1.1988412,-1.2526770
0.6444343,0.6444343,0.7100000,-1.1356535,-1.1861922
0.6544343,0.6544343,0.7200000,-1.0766479,-1.1241681
0.6644343,0.6644343,0.7300000,-1.0214905,-1.0662770
0.6744343,0.6744343,0.7400000,-0.9698785,-1.0121659
0.6844343,0.6844343,0.7500000,-0.9215369,-0.9615154
0.6944343,0.6944343,0.7600000,-0.8762154,-0.9140570
0.7044343,0.7044343,0.7700000,-0.8336862,-0.8695465
0.7144343,0.7144343,0.7800000,-0.7937415,-0.8277619
0.7244343,0.7244343,0.7900000,-0.7561915,-0.7885004
0.7344343,0.7344343,0.8000000,-0.7208628,-0.7515773
0.7444343,0.7444343,0.8100000,-0.6875966,-0.7168291
0.7544343,0.7544343,0.8200000,-0.6562475,-0.6841090
0.7644343,0.7644343,0.8300000,-0.6266820,-0.6532583
0.7744343,0.7744343,0.8400000,-0.5987775,-0.6241477
0.7844343,0.7844343,0.8500000,-0.5724213,-0.5966584
0.7944343,0.7944343,0.8600000,-0.5475096,-0.5706811
0.8044343,0.8044343,0.8700000,-0.5239469,-0.5461151
0.8144343,0.8144343,0.8800000,-0.5016450,-0.5228676
0.8244343,0.8244343,0.8900000,-0.4805225,-0.5008531
0.8344343,0.8344343,0.9000000,-0.4605040,-0.4799924
0.8444343,0.8444343,0.9100000,-0.4415201,-0.4602124
0.8544343,0.8544343,0.9200000,-0.4235062,-0.4414453
0.8644343,0.8644343,0.9300000,-0.4064025,-0.4236286
0.8744343,0.8744343,0.9400000,-0.3901537,-0.4067040
0.8844343,0.8844343,0.9500000,-0.3747083,-0.3906176
0.8944343,0.8944343,0.9600000,-0.3600185,-0.3753192
0.9044343,0.9044343,0.9700000,-0.3460397,-0.3607623
0.9144343,0.9144343,0.9800000,-0.3327305,-0.3469035
0.9244343,0.9244343,0.9900000,-0.3200524,-0.3337025
0.9344343,0.9344343,1.0000000,-0.3079693,-0.3211215
0.9444343,0.9444343,1.0100000,-0.2964478,-0.3091255
0.9544343,0.9544343,1.0200000,-0.2854565,-0.2976817
0.9644343,0.9644343,1.0300000,-0.2749659,-0.2867595
0.9744343,0.9744343,1.0400000,-0.2649489,-0.2763303
0.9844343,0.9844343,1.0500000,-0.2553797,-0.2663673
0.9944343,0.9944343,1.0600000,-0.2462344,-0.2568455
1.0044343,1.0044343,1.0700000,-0.2374903,-0.2477414
1.0144343,1.0144343,1.0800000,-0.2291265,-0.2390329
1.0244343,1.0244343,1.0900000,-0.2211231,-0.2306995
1.0344343,1.0344343,1.1000000,-0.2134615,-0.2227217
1.0444343,1.0444343,1.1100000,-0.2061243,-0.2150814
1.0544343,1.0544343,1.1200000,-0.1990950,-0.2077614
1.0644343,1.0644343,1.1300000,-0.1923583,-0.2007457
1.0744343,1.0744343,1.1400000,-0.1858995,-0.1940190
1.0844343,1.0844343,1.1500000,-0.1797049,-0.1875672
1.0944343,1.0944343,1.1600000,-0.1737617,-0.1813768
1.1044343,1.1044343,1.1700000,-0.1680577,-0.1754351
1.1144343,1.1144343,1.1800000,-0.1625814,-0.1697302
1.1244343,1.1244343,1.1900000,-0.1573220,-0.1642509
1.1344343,1.1344343,1.2000000,-0.1522692,-0.1589864
1.1444343,1.1444343,1.2100000,-0.1474134,-0.1539268
1.1544343,1.1544343,1.2200000,-0.1427455,-0.1490625
1.1644343,1.1644343,1.2300000,-0.1382567,-0.1443845
1.1744343,1.1744343,1.2400000,-0.1339390,-0.1398843
1.1844343,1.1844343,1.2500000,-0.1297845,-0.1355540
1.1944343,1.1944343,1.2600000,-0.1257860,-0.1313858
1.2044343,1.2044343,1.2700000,-0.1219364,-0.1273726
1.2144343,1.2144343,1.2800000,-0.1182293,-0.1235075
1.2244343,1.2244343,1.2900000,-0.1146583,-0.1197839
1.2344343,1.2344343,1.3000000,-0.1112176,-0.1161959
1.2444343,1.2444343,1.3100000,-0.1079014,-0.1127374
1.2544343,1.2544343,1.3200000,-0.1047045,-0.1094029
1.2644343,1.2644343,1.3300000,-0.1016218,-0.1061873
1.2744343,1.2744343,1.3400000,-0.0986484,-0.1030854
1.2844343,1.2844343,1.3500000,-0.0957798,-0.1000925
1.2944343,1.2944343,1.3600000,-0.0930116,-0.0972041
1.3044343,1.3044343,1.3700000,-0.0903397,-0.0944158
1.3144343,1.3144343,1.3800000,-0.0877600,-0.0917236
1.3244343,1.3244343,1.3900000,-0.0852688,-0.0891235
1.3344343,1.3344343,1.4000000,-0.0828627,-0.0866118
1.3444343,1.3444343,1.4100000,-0.0805380,-0.0841850
1.3544343,1.3544343,1.4200000,-0.0782916,-0.0818397
1.3644343,1.3644343,1.4300000,-0.0761204,-0.0795726
1.3744343,1.3744343,1.4400000,-0.0740213,-0.0773807
1.3844343,1.3844343,1.4500000,-0.0719917,-0.0752610
1.3944343,1.3944343,1.4600000,-0.0700287,-0.0732108
1.4044343,1.4044343,1.4700000,-0.0681298,-0.0712273
1.4144343,1.4144343,1.4800000,-0.0662925,-0.0693081
1.4244343,1.4244343,1.4900000,-0.0645146,-0.0674506
1.4344343,1.4344343,1.5000000,-0.0627936,-0.0656525
1.4444343,1.4444343,1.5100000,-0.0611276,-0.0639116
1.4544343,1.4544343,1.5200000,-0.0595143,-0.0622258
1.4644343,1.4644343,1.5300000,-0.0579520,-0.0605930
1.4744343,1.4744343,1.5400000,-0.0564386,-0.0590112
1.4844343,1.4844343,1.5500000,-0.0549724,-0.0574786
1.4944343,1.4944343,1.5600000,-0.0535516,-0.0559934
1.5044343,1.5044343,1.5700000,-0.0521747,-0.0545539
1.5144343,1.5144343,1.5800000,-0.0508400,-0.0531584
1.5244343,1.5244343,1.5900000,-0.0495459,-0.0518054
1.5344343,1.5344343,1.6000000,-0.0482912,-0.0504933
1.5444343,1.5444343,1.6100000,-0.0470742,-0.0492206
1.5544343,1.5544343,1.6200000,-0.0458938,-0.0479861
1.5644343,1.5644343,1.6300000,-0.0447487,-0.0467884
1.5744343,1.5744343,1.6400000,-0.0436375,-0.0456262
1.5844343,1.5844343,1.6500000,-0.0425592,-0.0444982
1.5944343,1.5944343,1.6600000,-0.0415126,-0.0434033
