# r[nm],d[nm],daligned[nm],UC(d)[kJ/mol],UK(d)[kJ/mol],UCl(d)[kJ/mol],UC2A(d)[kJ/mol],UC4A(d)[kJ/mol],UC6A(d)[kJ/mol],UC8A(d)[kJ/mol],UC10A(d)[kJ/mol]
-1.5180625,-1.5180625,-1.5088005,23242.9584004,13915.6042475,108712.0480847,807.5525115,75841.0546187,1848693.2885107,22774107.6539394,181200752.9863726
-1.5130625,-1.5130625,-1.5038005,23658.5488335,14167.0594496,110623.7580171,824.4622892,77175.7760383,1880724.0065351,23167579.7604814,184329112.0782393
-1.5080625,-1.5080625,-1.4988005,24930.2197098,14936.5062660,116473.2360411,876.2193361,81259.7824743,1978729.1925609,24371489.3736739,193900962.4013592
-1.5030625,-1.5030625,-1.4938005,27067.9949308,16230.0559469,126306.0300222,963.2747707,88124.8933291,2143463.4784907,26395086.3977273,209989805.4463670
-1.4980625,-1.4980625,-1.4888005,30085.7080626,18056.1520855,140184.8806021,1086.2602512,97814.9427296,2375964.5314863,29251085.7081716,232696667.1279079
-1.4930625,-1.4930625,-1.4838005,33931.4373939,20383.4133497,157870.5333037,1243.0951342,110162.9013370,2672217.3406151,32890151.1658360,261629262.5604403
-1.4880625,-1.4880625,-1.4788005,37140.6362079,22322.0238946,172670.8702170,1370.7420890,120494.9627130,2920774.5311441,35944845.5310039,285918864.3804644
-1.4830625,-1.4830625,-1.4738005,36760.5501083,22095.5209979,170880.3031082,1358.5238746,119246.2248494,2890133.8583807,35566936.3930312,282911144.0208648
-1.4780625,-1.4780625,-1.4688005,34759.7190717,20886.0372284,161662.7793911,1278.1699405,112811.1729179,2735485.9126854,33666715.9359598,267802147.6290275
-1.4730625,-1.4730625,-1.4638005,32116.8790322,19288.8349587,149483.1213803,1172.3789167,104308.3085149,2531072.3561060,31154844.9278715,247829477.9637583
-1.4680625,-1.4680625,-1.4588005,29543.3177512,17739.9279291,137544.6302019,1075.3741554,95976.4024649,2329523.8693236,28675389.0280405,228108837.6738312
-1.4630625,-1.4630625,-1.4538005,24380.5849344,14618.9062067,113763.1096838,867.8523738,79373.6726691,1930553.3815694,23773131.0709483,189130201.0985378
-1.4580625,-1.4580625,-1.4488005,19374.9918909,11600.0193069,90618.6652416,673.3269261,63218.5925251,1540976.2735345,18983259.0466739,151038954.6922175
-1.4530625,-1.4530625,-1.4438005,14820.9744934,8848.4547558,69623.2416941,491.6495347,48561.5309039,1188484.7408417,14651492.6111867,116595143.0192615
-1.4480625,-1.4480625,-1.4388005,11599.2326128,6901.0685260,54779.6266436,362.3821208,38198.7735596,939421.1335420,11591094.4733719,92261251.3291782
-1.4430625,-1.4430625,-1.4338005,9465.2185093,5611.8584737,44939.0488386,277.4108694,31329.0631138,774175.9598984,9560321.9397895,76113516.3565805
-1.4380625,-1.4380625,-1.4288005,8055.7743740,4760.8572622,38433.8653601,221.7378721,26787.9855544,664851.4939659,8216576.6590737,65428269.7498035
-1.4330625,-1.4330625,-1.4238005,7136.5331721,4206.1431036,34187.4104349,200.1096931,23823.7850072,593429.7154565,7338572.3615700,58446245.9878565
-1.4280625,-1.4280625,-1.4188005,6557.0150935,3856.6153206,31508.1119570,177.6342209,21953.5972292,548332.9254271,6784108.8436888,54036907.4580629
-1.4230625,-1.4230625,-1.4138005,6223.2928110,3655.4231582,29964.1429082,164.7704236,20875.9204802,522329.4575613,6464359.3000275,51494040.7262167
-1.4180625,-1.4180625,-1.4088005,6081.6975381,3570.0887201,29308.6922092,159.3389476,20418.4335642,511284.9690188,6328538.9050216,50413878.1478317
-1.4130625,-1.4130625,-1.4038005,6109.8303148,3587.0585716,29438.7349943,160.4306978,20509.2060431,513473.4292360,6355445.0941212,50627846.2843864
-1.4080625,-1.4080625,-1.3988005,6312.8813208,3709.4728412,30378.1486567,168.2558612,21164.9085948,529294.9442453,6549992.9491220,52175023.4260970
-1.4030625,-1.4030625,-1.3938005,6724.4554225,3957.6655983,32281.4997009,184.1777403,22493.4572791,561339.0438474,6943992.2491239,55308316.8701172
-1.3980625,-1.3980625,-1.3888005,7412.0845256,4372.5060090,35459.3290557,210.9381991,24711.6696653,614807.2539067,7601335.8761327,60535708.8737711
-1.3930625,-1.3930625,-1.3838005,8488.6372178,5022.3143316,40430.4839596,238.9304251,28181.8070813,698387.6075713,8628737.0333733,68705613.3383141
-1.3880625,-1.3880625,-1.3788005,10132.1896249,6014.9076204,48013.2472828,304.0762013,33475.2086602,825777.3267410,10194424.2756630,81155493.1656667
-1.3830625,-1.3830625,-1.3738005,12618.9804913,7517.5788318,59476.4508256,403.4123818,41477.8118850,1018207.4527802,12559137.4062335,99958262.5767285
-1.3780625,-1.3780625,-1.3688005,16363.4853612,9781.0010284,76727.9834367,553.0239531,53521.6268482,1307664.5109533,16115852.5472592,128238433.2655221
-1.3730625,-1.3730625,-1.3638005,21482.1470590,12874.9696946,100311.4881837,754.5473835,69985.9488077,1703378.7020724,20978242.6298403,166900366.9502485
-1.3680625,-1.3680625,-1.3588005,25988.1189414,15589.3074625,121185.0371718,931.1593707,84554.6201948,2055323.0655610,25306809.9145089,201325955.0518215
-1.3630625,-1.3630625,-1.3538005,30431.0921290,18269.6979190,141718.1067843,1104.5888032,98887.2620783,2400811.4287924,29554318.4927603,235103487.0162585
-1.3580625,-1.3580625,-1.3488005,32753.1114123,19674.1748074,152405.1131993,1198.6256505,106348.5459056,2579959.5581142,31755218.2344733,252602493.3721586
-1.3530625,-1.3530625,-1.3438005,34774.7571541,20894.4422575,161740.3872248,1278.1326180,112865.0766260,2736914.1363721,33684562.9779618,267944662.4354445
-1.3480625,-1.3480625,-1.3388005,37474.7704109,22528.6678363,174153.5030485,1388.5239172,121531.9202241,2944791.2675789,36237921.8982781,288245019.0207068
-1.3430625,-1.3430625,-1.3338005,35615.1300864,21399.4767690,165647.8706118,1309.1097622,115591.8204765,2803017.7484997,34498092.1363172,274415816.0972413
-1.3380625,-1.3380625,-1.3288005,31423.6731807,18866.5620564,146328.9625072,1141.5114021,102104.9807341,2478748.8473132,30513332.0120663,242731572.1813768
-1.3330625,-1.3330625,-1.3238005,28003.7334548,16797.1134295,130599.6706428,1002.1756670,91122.9933969,2215240.5265617,27276425.5287398,216996235.7610956
-1.3280625,-1.3280625,-1.3188005,25441.4566801,15246.7079686,118814.2833522,897.8395868,82894.6135025,2017792.1539664,24850965.6141396,197712329.3399911
-1.3230625,-1.3230625,-1.3138005,23741.1093025,14217.8978479,110992.7818667,828.6493781,77433.7797490,1886743.9093645,23241143.8641557,184913204.9453167
-1.3180625,-1.3180625,-1.3088005,22889.4600723,13702.6161437,107075.0474871,794.0093380,74698.4935522,1821099.8008288,22434752.0174513,178501853.6554773
-1.3130625,-1.3130625,-1.3038005,22878.9630216,13696.2651607,107026.7573974,793.5825214,74664.7784087,1820290.6421425,22424812.0045997,178422823.8103635
-1.3080625,-1.3080625,-1.2988005,23709.5212658,14198.7858791,110847.4707840,827.3646124,77332.3263889,1884309.1210841,23211234.1748025,184675402.9842353
-1.3030625,-1.3030625,-1.2938005,25388.5088026,15214.6711717,118570.7287735,895.6848376,82724.5679227,2013711.4687967,24800837.7907172,197313780.9082467
-1.2980625,-1.2980625,-1.2888005,27929.0501608,16751.9227025,130256.1675043,999.1339145,90883.1644011,2209485.7186115,27205733.6482342,216434192.2037802
-1.2930625,-1.2930625,-1.2838005,31329.3178273,18809.4634529,145895.0312896,1137.6643634,101802.0143828,2471479.8732067,30424042.0579457,242021666.4798238
-1.2880625,-1.2880625,-1.2788005,35541.8296046,21358.7787070,165266.2940022,1307.4691644,115326.8882386,2795951.0706974,34409691.3537635,273709712.4789122
-1.2830625,-1.2830625,-1.2738005,37570.0106056,22586.3251065,174591.2214742,1390.4042721,121837.5401570,2952119.4033160,36327928.4549753,288960601.3946981
-1.2780625,-1.2780625,-1.2688005,34818.5087693,20920.9166876,161941.6162739,1279.9149442,113005.5720447,2740285.3102138,33725974.1945981,268273906.4971319
-1.2730625,-1.2730625,-1.2638005,32832.9376878,19722.4786672,152772.2576358,1201.8779216,106604.8813735,2586110.2283778,31830772.3851755,253203193.9391467
-1.2680625,-1.2680625,-1.2588005,30470.0389930,18293.2477620,141897.4460943,1106.1593066,99012.4674178,2403819.0560122,29591271.4308232,235397300.4347677
-1.2630625,-1.2630625,-1.2538005,26104.8808287,15659.9473693,121722.2312346,935.9032321,84929.6763758,2064333.8925810,25417537.0846203,202206382.3058600
-1.2580625,-1.2580625,-1.2488005,21638.9046524,12969.8035627,101032.7306218,758.2856101,70489.5019603,1715465.5495968,21126725.7490496,168080916.0287289
-1.2530625,-1.2530625,-1.2438005,16476.3363210,9849.2453067,77247.5434101,557.1880352,53884.3593725,1316376.5260894,16222888.8202886,129089474.0713708
-1.2480625,-1.2480625,-1.2388005,12695.2567049,7563.6834684,59827.8877863,406.4722634,41723.1599484,1024104.3896675,12631596.9773992,100534404.9527075
-1.2430625,-1.2430625,-1.2338005,10182.6808278,6045.4111951,48246.0699728,306.0872048,33637.7424973,829686.8258334,10242469.6120924,81537526.2366094
-1.2380625,-1.2380625,-1.2288005,8521.9156993,5042.4089422,40584.0592935,240.2463865,28289.0141423,700968.2685767,8660456.1642074,68957837.3859822
-1.2330625,-1.2330625,-1.2238005,7433.6867523,4385.5441438,35559.0928585,211.7840575,24781.3098445,616484.7713764,7621956.9812143,60699688.9893668
-1.2280625,-1.2280625,-1.2188005,6737.9332210,3965.7974461,32343.7765022,184.7031177,22536.9285288,562386.7258031,6956872.2062461,55410741.3999566
-1.2230625,-1.2230625,-1.2138005,6320.4413538,3714.0339566,30413.0841897,168.5503712,21189.2946458,529882.7084857,6557218.8892985,52232486.0603024
-1.2180625,-1.2180625,-1.2088005,6112.7135046,3588.7998719,29452.0363836,160.5447045,20518.4915434,513696.8820012,6358191.4251447,50649684.2477504
-1.2130625,-1.2130625,-1.2038005,6080.3849425,3569.3012730,29302.5722990,159.2919579,20414.1634821,511181.1863096,6327261.0757937,50403712.5541950
-1.2080625,-1.2080625,-1.1988005,6217.5835337,3651.9854046,29937.6776509,164.5542824,20857.4496601,521882.9580436,6458867.1371469,51450359.5786594
-1.2030625,-1.2030625,-1.1938005,6545.9932079,3849.9730267,31457.0886792,177.2117514,21917.9844393,547473.1344620,6773535.4140610,53952818.1171171
-1.1980625,-1.1980625,-1.1888005,7118.4165152,4195.2177124,34103.6342482,199.4085067,23765.3086230,592019.3736445,7321231.6505802,58308343.7638986
-1.1930625,-1.1930625,-1.1838005,8027.6120688,4743.8625455,38303.7718058,220.6341266,26697.1747979,662663.4732603,8189678.9197144,65214375.0401691
-1.1880625,-1.1880625,-1.1788005,9422.3691996,5585.9842370,44741.3110493,275.7160151,31191.0271752,770853.2818798,9519482.8094974,75788772.3391896
-1.1830625,-1.1830625,-1.1738005,11534.5017755,6861.9575986,54481.1995821,359.7995995,37990.4393363,934410.8815641,11529523.5884368,91771673.8440642
-1.1780625,-1.1780625,-1.1688005,14723.2005727,8789.3457473,69172.8799822,487.7176839,48247.1165475,1180929.7786731,14558664.2300092,115857052.7444505
-1.1730625,-1.1730625,-1.1638005,19242.5422413,11519.9128523,90008.9987972,667.9685329,62792.9477151,1530755.2397643,18857687.3633580,150040548.7894770
-1.1680625,-1.1680625,-1.1588005,24259.5818169,14545.7944750,113205.2592590,862.9652998,78984.2327577,1921197.8071204,23658196.6100257,188216379.7769026
-1.1630625,-1.1630625,-1.1538005,29389.7445020,17647.0017485,136838.2668304,1069.1199888,95483.2299155,2317689.8263055,28530019.7021250,226953062.2483185
-1.1580625,-1.1580625,-1.1488005,32055.0856619,19251.4591734,149198.7193711,1169.8764432,104109.7492640,2526304.8709842,31096274.6316742,247363794.7606816
-1.1530625,-1.1530625,-1.1438005,34693.0296396,20845.6881356,161355.9882817,1275.4580364,112596.9775835,2730345.3108650,33603566.9550796,267300070.6505049
-1.1480625,-1.1480625,-1.1388005,36689.1168836,22052.2900387,170551.8317192,1355.6080902,119016.8880382,2884632.1433363,35499356.4814127,282373848.6225372
-1.1430625,-1.1430625,-1.1338005,37191.1634045,22352.6173746,172903.0304688,1372.8183009,120657.0616074,2924660.3724471,35992570.5540657,286298289.9519758
-1.1380625,-1.1380625,-1.1288005,34038.3576445,20448.1269608,158362.1103374,1247.4651627,110506.1200350,2680449.8574861,32991272.0124909,262433220.3503931
-1.1330625,-1.1330625,-1.1238005,30172.5850934,18108.7318608,140584.3390781,1089.8085942,98093.8432494,2382654.8138470,29333264.2880866,233350027.4520620
-1.1280625,-1.1280625,-1.1188005,27132.6909794,16269.2106800,126603.5088179,965.9165586,88332.5917262,2148445.8868429,26456286.9759442,210476380.8727137
-1.1230625,-1.1230625,-1.1138005,24973.0951410,14962.4561427,116670.3667613,877.9712384,81397.4187734,1982030.6690741,24412041.9785706,194223374.9559275
-1.1180625,-1.1180625,-1.1088005,23679.9177844,14179.9960670,110721.9671275,825.3385166,77244.3467898,1882368.1701487,23187773.8664507,184489661.9078280
-1.1130625,-1.1130625,-1.1038005,23243.0002149,13915.6369123,108712.1509204,807.5611037,75841.1293960,1848693.6539000,22774108.9322285,181200756.5769642
-1.1080625,-1.1080625,-1.0988005,23658.5918746,14167.0930726,110623.8638695,824.4711335,77175.8530092,1880724.3826406,23167581.0762344,184329115.7738763
-1.1030625,-1.1030625,-1.0938005,24930.2639925,14936.5408590,116473.3449469,876.2284355,81259.8616655,1978729.5795134,24371490.7273460,193900966.2033029
-1.0980625,-1.0980625,-1.0888005,27068.0404706,16230.0915219,126306.1420196,963.2841285,88124.9747684,2143463.8764252,26395087.7897882,209989809.3559197
-1.0930625,-1.0930625,-1.0838005,30085.7548755,18056.1886551,140184.9957303,1086.2698706,97815.0264455,2375964.9405420,29251087.1391060,232696671.1464131
-1.0880625,-1.0880625,-1.0788005,33931.4837668,20383.4495756,157870.6473497,1243.1046632,110162.9842660,2672217.7458176,32890152.5831996,261629266.5401735
-1.0830625,-1.0830625,-1.0738005,37140.6850910,22322.0620814,172670.9904363,1370.7521338,120495.0501309,2920774.9582811,35944847.0251058,285918868.5757642
-1.0780625,-1.0780625,-1.0688005,36760.5994262,22095.5595243,170880.4243965,1358.5340088,119246.3130447,2890134.2893107,35566937.9003394,282911148.2528043
-1.0730625,-1.0730625,-1.0638005,34759.7711258,20886.0778923,161662.9074087,1278.1806369,112811.2660063,2735486.3675252,33666717.5269152,267802152.0959255
-1.0680625,-1.0680625,-1.0588005,32116.9300960,19288.8748490,149483.2469621,1172.3894097,104308.3998322,2531072.8022803,31154846.4883910,247829482.3443014
-1.0630625,-1.0630625,-1.0538005,29543.3723617,17739.9705901,137544.7645064,1075.3853771,95976.5001248,2329524.3464925,28675390.6970122,228108842.3591483
-1.0580625,-1.0580625,-1.0488005,24380.6403023,14618.9494593,113763.2458506,867.8637512,79373.7716834,1930553.8653022,23773132.7628064,189130205.8475878
-1.0530625,-1.0530625,-1.0438005,19375.0483296,11600.0633961,90618.8040418,673.3385235,63218.6934542,1540976.7666642,18983260.7713378,151038959.5329226
-1.0480625,-1.0480625,-1.0388005,14821.0303940,8848.4984247,69623.3791704,491.6610216,48561.6308704,1188485.2292570,14651494.3192371,116595147.8124332
-1.0430625,-1.0430625,-1.0338005,11599.2899089,6901.1132849,54779.7675516,362.3938945,38198.8760214,939421.6341438,11591096.2239858,92261256.2414038
-1.0380625,-1.0380625,-1.0288005,9465.2772224,5611.9043397,44939.1932315,277.4229342,31329.1681097,774176.4728761,9560323.7336257,76113521.3896812
-1.0330625,-1.0330625,-1.0238005,8055.8345267,4760.9042527,38434.0132929,221.7502328,26788.0931243,664852.0195145,8216578.4968097,65428274.9056511
-1.0280625,-1.0280625,-1.0188005,7136.5947872,4206.1912366,34187.5619642,200.1223789,23823.8951924,593430.2537765,7338574.2439027,58446251.2683740
-1.0230625,-1.0230625,-1.0138005,6557.0781948,3856.6646147,31508.2671410,177.6472070,21953.7100720,548333.4767248,6784110.7713349,54036912.8652270
-1.0180625,-1.0180625,-1.0088005,6223.3574228,3655.4736322,29964.3018068,164.7837177,20876.0360240,522330.0220490,6464361.2737241,51494046.2620582
-1.0130625,-1.0130625,-1.0038005,6081.7636855,3570.1403937,29308.8548839,159.3525565,20418.5518539,511285.5469147,6328540.9255266,50413883.8144381
-1.0080625,-1.0080625,-0.9988005,6109.8980236,3587.1114650,29438.9015085,160.4446282,20509.3271248,513474.0207647,6355447.1622139,50627852.0839027
-1.0030625,-1.0030625,-0.9938005,6312.9506174,3709.5269750,30378.3190756,168.2701202,21165.0325158,529295.5496376,6549995.0656036,52175029.3607272
-0.9980625,-0.9980625,-0.9888005,6724.5263341,3957.7209938,32281.6740914,184.1923357,22493.5840880,561339.6633407,6943994.4148180,55308322.9421258
-0.9930625,-0.9930625,-0.9838005,7412.1570803,4372.5626881,35459.5074867,210.9531411,24711.7994123,614807.8877452,7601338.0918860,60535715.0854838
-0.9880625,-0.9880625,-0.9788005,8488.7114444,5022.3723167,40430.6665019,238.9456781,28181.9398179,698388.2560059,8628739.3000560,68705619.6921201
-0.9830625,-0.9830625,-0.9738005,10132.2655530,6014.9669347,48013.4340092,304.0918039,33475.3444393,825777.9900296,10194426.5941695,81155499.6640195
-0.9780625,-0.9780625,-0.9688005,12619.0581514,7517.6394992,59476.6418110,403.4283403,41477.9507611,1018208.1311880,12559139.7774827,99958269.2221463
-0.9730625,-0.9730625,-0.9638005,16363.5667992,9781.0646472,76728.1837132,553.0408120,53521.7724803,1307665.2223643,16115855.0338644,128238440.2342213
-0.9680625,-0.9680625,-0.9588005,21482.2309328,12875.0352161,100311.6944499,754.5647112,69986.0987954,1703379.4347521,20978245.1906968,166900374.1263932
-0.9630625,-0.9630625,-0.9538005,25988.2060658,15589.3755235,121185.2514322,931.1772741,84554.7759954,2055323.8266785,25306812.5747198,201325962.5060826
-0.9580625,-0.9580625,-0.9488005,30431.1778716,18269.7649004,141718.3176452,1104.6064227,98887.4154070,2400812.1777607,29554321.1101916,235103494.3483694
-0.9530625,-0.9530625,-0.9438005,32753.1990796,19674.2432925,152405.3287931,1198.6436655,106348.7026759,2579960.3238810,31755220.9104713,252602500.8673271
-0.9480625,-0.9480625,-0.9388005,34774.8481724,20894.5133603,161740.6110592,1278.1513217,112865.2393885,2736914.9314037,33684565.7561717,267944670.2165020
-0.9430625,-0.9430625,-0.9338005,37474.8634383,22528.7405088,174153.7318234,1388.5430338,121532.0865792,2944792.0801447,36237924.7376063,288245026.9718328
-0.9380625,-0.9380625,-0.9288005,35615.2266637,21399.5522146,165648.1081163,1309.1296083,115591.9931794,2803018.5920665,34498095.0839145,274415824.3511467
-0.9330625,-0.9330625,-0.9238005,31423.7696504,18866.6374180,146329.1997462,1141.5312262,102105.1532440,2478749.6899091,30513334.9559623,242731580.4226957
-0.9280625,-0.9280625,-0.9188005,28003.8352240,16797.1929310,130599.9209145,1002.1965801,91123.1753836,2215241.4154494,27276428.6344133,216996244.4556009
-0.9230625,-0.9230625,-0.9138005,25441.5606573,15246.7891951,118814.5390535,897.8609537,82894.7994374,2017793.0621212,24850968.7869414,197712338.2210676
-0.9180625,-0.9180625,-0.9088005,23741.2155309,14217.9808330,110993.0431033,828.6712076,77433.9697089,1886744.8371607,23241147.1053800,184913214.0164877
-0.9130625,-0.9130625,-0.9038005,22889.5685960,13702.7009220,107075.3143676,794.0316393,74698.6876162,1821100.7486513,22434755.3284276,178501862.9203580
-0.9080625,-0.9080625,-0.8988005,22879.0738860,13696.3517677,107027.0300337,793.6053037,74664.9766581,1820291.6103866,22424815.3866940,178422833.2726662
-0.9030625,-0.9030625,-0.8938005,23709.6345177,14198.8743512,110847.7492908,827.3878854,77332.5289071,1884310.1101563,23211237.6294183,184675412.6477707
-0.8980625,-0.8980625,-0.8888005,25388.6244900,15214.7615465,118571.0132689,895.7086112,82724.7747956,2013712.4791147,24800841.3192965,197313790.7769264
-0.8930625,-0.8930625,-0.8838005,27929.1683331,16752.0150186,130256.4581097,999.1581987,90883.3757170,2209486.7506046,27205737.2522585,216434202.2816188
-0.8880625,-0.8880625,-0.8788005,31329.4349421,18809.5549429,145895.3192926,1137.6884305,101802.2238065,2471480.8959079,30424045.6289591,242021676.4613152
-0.8830625,-0.8830625,-0.8738005,35541.9492536,21358.8721768,165266.5882362,1307.4943637,115327.1021932,2795952.1154996,34409695.0016668,273709722.6732973
-0.8780625,-0.8780625,-0.8688005,37570.1336622,22586.4212384,174591.5240874,1390.4299286,121837.7602047,2952120.4778531,36327932.2064832,288960611.8770695
-0.8730625,-0.8730625,-0.8638005,34818.6344804,20921.0148933,161941.9254139,1279.9407780,113005.7968385,2740286.4078986,33725978.0266072,268273917.2021798
-0.8680625,-0.8680625,-0.8588005,32833.0643109,19722.5775855,152772.5690170,1201.9039430,106605.1077971,2586111.3339766,31830776.2443220,253203204.7164722
-0.8630625,-0.8630625,-0.8538005,30470.1683372,18293.3488060,141897.7641657,1106.1858872,99012.6987063,2403820.1853348,29591275.3724367,235397311.4399303
-0.8580625,-0.8580625,-0.8488005,26105.0174887,15660.0541285,121722.5672968,935.9313161,84929.9207464,2064335.0857875,25417541.2492848,202206393.9343741
-0.8530625,-0.8530625,-0.8438005,21639.0423190,12969.9111084,101033.0691574,758.3140325,70489.7481296,1715466.7515340,21126729.9436155,168080927.7366124
-0.8480625,-0.8480625,-0.8388005,16476.4760471,9849.3544614,77247.8870087,557.2169396,53884.6092236,1316377.7459588,16222893.0769471,129089485.9490525
-0.8430625,-0.8430625,-0.8338005,12695.3964258,7563.7926192,59828.2313698,406.5009768,41723.4097886,1024105.6094172,12631601.2329036,100534416.8218614
-0.8380625,-0.8380625,-0.8288005,10182.8235869,6045.5227196,48246.4210262,306.1165428,33637.9977693,829688.0720620,10242473.9595331,81537538.3589835
-0.8330625,-0.8330625,-0.8238005,8522.0615650,5042.5228936,40584.4179846,240.2763630,28289.2749683,700969.5418771,8660460.6056202,68957849.7670184
-0.8280625,-0.8280625,-0.8188005,7433.8357948,4385.6605771,35559.4593600,211.8147431,24781.5763500,616486.0723585,7621961.5186924,60699701.6346523
-0.8230625,-0.8230625,-0.8138005,6738.0855126,3965.9164178,32344.1509918,184.7344572,22537.2008430,562388.0550945,6956876.8419420,55410754.3152278
-0.8180625,-0.8180625,-0.8088005,6320.5969690,3714.1555249,30413.4668504,168.5823869,21189.5729018,529884.0667323,6557223.6254260,52232499.2514499
-0.8130625,-0.8130625,-0.8038005,6112.8725200,3588.9240966,29452.4274036,160.5774161,20518.7758781,513698.2698676,6358196.2639807,50649697.7208235
-0.8080625,-0.8080625,-0.7988005,6080.5474369,3569.4282157,29302.9718720,159.3253844,20414.4540364,511182.6044798,6327266.0196801,50403726.3154060
-0.8030625,-0.8030625,-0.7938005,6217.7495885,3652.1151288,29938.0859766,164.5884432,20857.7465791,521884.4072216,6458872.1884931,51450373.6343885
-0.7980625,-0.7980625,-0.7888005,6546.1629064,3850.1055976,31457.5059629,177.2466672,21918.2878723,547474.6153726,6773540.5753453,53952832.4739172
-0.7930625,-0.7930625,-0.7838005,7118.5899437,4195.3531974,34104.0607014,199.4442013,23765.6187239,592020.8870337,7321236.9243526,58308358.4285000
-0.7880625,-0.7880625,-0.7788005,8027.7893157,4744.0010138,38304.2076462,220.6705536,26697.4917251,662665.0198962,8189684.3085987,65214390.0194843
-0.7830625,-0.7830625,-0.7738005,9422.5503564,5586.1257599,44741.7565014,275.7532458,31191.3510917,770854.8625534,9519488.3161933,75788787.6403188
-0.7780625,-0.7780625,-0.7688005,11534.6869362,6862.1022496,54481.6548768,359.8376533,37990.7704102,934412.4970899,11529529.2157225,91771689.4742997
-0.7730625,-0.7730625,-0.7638005,14723.3898341,8789.4936021,69173.3453574,487.7565806,48247.4549517,1180931.4298898,14558669.9807439,115857068.7112818
-0.7680625,-0.7680625,-0.7588005,19242.7405598,11520.0677827,90009.4864425,668.0092912,62793.3023133,1530756.9699838,18857693.3890797,150040565.5186630
-0.7630625,-0.7630625,-0.7538005,24259.7853189,14545.9534551,113205.7596473,863.0071299,78984.5966224,1921199.5824784,23658202.7921078,188216396.9341199
-0.7580625,-0.7580625,-0.7488005,29389.9541347,17647.1655182,136838.7822911,1069.1630727,95483.6047404,2317691.6550721,28530026.0694289,226953079.9141291
-0.7530625,-0.7530625,-0.7438005,32055.2939064,19251.6218591,149199.2314115,1169.9192423,104110.1216023,2526306.6874301,31096280.9539978,247363812.2866536
-0.7480625,-0.7480625,-0.7388005,34693.2491093,20845.8595908,161356.5279235,1275.5031425,112597.3699925,2730347.2252281,33603573.6182417,267300089.1215084
-0.7430625,-0.7430625,-0.7338005,36689.3371270,22052.4620988,170552.3732572,1355.6533558,119017.2818264,2884634.0642533,35499363.1654588,282373867.1375034
-0.7380625,-0.7380625,-0.7288005,37191.3911846,22352.7953228,172903.5905358,1372.8651156,120657.4688695,2924662.3590208,35992577.4658061,286298309.0921287
-0.7330625,-0.7330625,-0.7238005,34038.5866315,20448.3058524,158362.6733653,1247.5122261,110506.5294506,2680451.8543779,32991278.9580693,262433239.5693501
-0.7280625,-0.7280625,-0.7188005,30172.8247704,18108.9191038,140584.9283895,1089.8578547,98094.2717776,2382656.9039312,29333271.5574990,233350047.5648717
-0.7230625,-0.7230625,-0.7138005,27132.9360147,16269.4021095,126604.1112994,965.9669207,88333.0298315,2148448.0235036,26456294.4058660,210476401.4188704
-0.7180625,-0.7180625,-0.7088005,24973.3456708,14962.6518650,116670.9827474,878.0227302,81397.8666991,1982032.8534880,24412049.5729818,194223395.9456300
-0.7130625,-0.7130625,-0.7038005,23680.1739491,14180.1961920,110722.5969634,825.3911670,77244.8047870,1882370.4035292,23187781.6294521,184489683.3515598
-0.7080625,-0.7080625,-0.6988005,23243.2621596,13915.8415533,108712.7949621,807.6149425,75841.5977235,1848695.9374984,22774116.8680462,181200778.4855040
-0.7030625,-0.7030625,-0.6938005,23658.8597488,14167.3023464,110624.5224842,824.5261914,77176.3319341,1880726.7177476,23167589.1892235,184329138.1583062
-0.6980625,-0.6980625,-0.6888005,24930.5379506,14936.7548862,116474.0185138,876.2847444,81260.3514636,1978731.9674606,24371499.0219961,193900989.0750183
-0.6930625,-0.6930625,-0.6838005,27068.3206718,16230.3104270,126306.8309298,963.3417210,88125.4757241,2143466.3185865,26395096.2707276,209989832.7266395
-0.6880625,-0.6880625,-0.6788005,30086.0414843,18056.4125666,140185.7003875,1086.3287807,97815.5388524,2375967.4383353,29251095.8111070,232696695.0281932
-0.6830625,-0.6830625,-0.6738005,33931.7707752,20383.6738003,157871.3529775,1243.1636563,110163.4973794,2672220.2467127,32890161.2621871,261629290.4137925
-0.6780625,-0.6780625,-0.6688005,37140.9832148,22322.2949903,172671.7233882,1370.8134119,120495.5831138,2920777.5559158,35944856.0386611,285918893.3613362
-0.6730625,-0.6730625,-0.6638005,36760.9013971,22095.7954397,170881.1667967,1358.5960785,119246.8528988,2890136.9201381,35566947.0258006,282911173.3223985
-0.6680625,-0.6680625,-0.6588005,34760.0850520,20886.3231482,161663.6791974,1278.2451643,112811.8272313,2735489.1023859,33666727.0120002,267802178.1445430
-0.6630625,-0.6630625,-0.6538005,32117.2432234,19289.1194820,149484.0167710,1172.4537741,104308.9596185,2531075.5296797,31154855.9426156,247829508.2720302
-0.6580625,-0.6580625,-0.6488005,29543.7005022,17740.2269522,137545.5712224,1075.4528276,95977.0867492,2329527.2046035,28675400.6037865,228108869.5240012
-0.6530625,-0.6530625,-0.6438005,24380.9741046,14619.2102458,113764.0664746,867.9323664,79374.3684220,1930556.7718149,23773142.8337293,189130233.4362691
-0.6480625,-0.6480625,-0.6388005,19375.3888912,11600.3294642,90619.6412720,673.4085290,63219.3022691,1540979.7322457,18983271.0434911,151038987.6478924
-0.6430625,-0.6430625,-0.6338005,14821.3723711,8848.7656001,69624.2198637,491.7313193,48562.2422046,1188488.2066240,14651504.6268357,116595175.9853721
-0.6380625,-0.6380625,-0.6288005,11599.6401393,6901.3869093,54780.6285235,362.4658896,38199.5021025,939424.6830247,11591106.7757596,92261285.0569921
-0.6330625,-0.6330625,-0.6238005,9465.6359405,5612.1845961,44940.0750574,277.4966750,31329.8093561,774179.5952874,9560334.5363190,76113550.8646311
-0.6280625,-0.6280625,-0.6188005,8056.2019748,4761.1913307,38434.9165681,221.8257691,26788.7499689,664855.2175419,8216589.5573962,65428305.0572312
-0.6230625,-0.6230625,-0.6138005,7136.9712162,4206.4853321,34188.4873042,200.1998466,23824.5680829,593433.5295773,7338585.5695957,58446282.1144418
-0.6180625,-0.6180625,-0.6088005,6557.4638641,3856.9659304,31509.2151828,177.7265583,21954.3994716,548336.8325314,6784122.3695983,54036944.4242639
-0.6130625,-0.6130625,-0.6038005,6223.7526009,3655.7823781,29965.2732096,164.8650168,20876.7424122,522333.4601716,6464373.1522843,51494078.5532092
-0.6080625,-0.6080625,-0.5988005,6082.1686502,3570.4567868,29309.8503300,159.4358660,20419.2757267,511289.0697449,6328553.0923852,50413916.8575558
-0.6030625,-0.6030625,-0.5938005,6110.3130626,3587.4357302,29439.9217041,160.5300118,20510.0689960,513477.6307785,6355459.6256613,50627885.8995963
-0.5980625,-0.5980625,-0.5888005,6313.3760286,3709.8593451,30379.3647521,168.3576440,21165.7929172,529299.2493998,6550007.8342338,52175063.9704185
-0.5930625,-0.5930625,-0.5838005,6724.9624260,3958.0617098,32282.7460062,184.2820705,22494.3635705,561343.4555082,6944007.4975449,55308358.3681120
-0.5880625,-0.5880625,-0.5788005,7412.6041724,4372.9119998,35460.6064242,211.0451661,24712.5985465,614811.7750713,7601351.4979609,60535751.3510099
-0.5830625,-0.5830625,-0.5738005,8489.1698675,5022.7304827,40431.7932752,239.0399268,28182.7591948,698392.2413448,8628753.0390867,68705656.8214599
-0.5780625,-0.5780625,-0.5688005,10132.7356503,6015.3342230,48014.5894604,304.1884540,33476.1846714,825782.0763411,10194440.6761415,81155537.6825708
-0.5730625,-0.5730625,-0.5638005,12619.5402782,7518.0161875,59477.8268132,403.5274649,41478.8124835,1018212.3215423,12559154.2127828,99958308.1565366
-0.5680625,-0.5680625,-0.5588005,16364.0673500,9781.4557309,76729.4139915,553.1441549,53522.6671275,1307669.5726087,16115870.0175776,128238480.6303195
-0.5630625,-0.5630625,-0.5538005,21482.7463208,12875.4378934,100312.9611817,754.6709445,69987.0199521,1703383.9134972,20978260.6125480,166900415.6711297
-0.5580625,-0.5580625,-0.5488005,25988.7386463,15589.7916344,121186.5604067,931.2867747,84555.7278715,2055328.4549597,25306828.5072121,201326005.3952960
-0.5530625,-0.5530625,-0.5438005,30431.7145294,18270.1842000,141719.6366048,1104.7167644,98888.3745465,2400816.8397606,29554337.1473000,235103537.4354908
-0.5480625,-0.5480625,-0.5388005,32753.7499477,19674.6736963,152406.6826610,1198.7569303,106349.6872015,2579965.1087872,31755237.3649849,252602545.0365018
-0.5430625,-0.5430625,-0.5338005,34775.4175578,20894.9582329,161742.0104255,1278.2683947,112866.2570010,2736919.8767850,33684582.7588643,267944715.8303313
-0.5380625,-0.5380625,-0.5288005,37475.4478191,22529.1970989,174155.1680281,1388.6631912,121533.1309814,2944797.1552733,36237942.1814468,288245073.7330406
-0.5330625,-0.5330625,-0.5238005,35615.8308446,21400.0242760,165649.5929696,1309.2538379,115593.0729595,2803023.8387315,34498113.1131594,274415872.6509956
-0.5280625,-0.5280625,-0.5188005,31424.3834950,18867.1170325,146330.7083184,1141.6574452,102106.2502743,2478755.0195093,30513353.2603923,242731629.3879751
-0.5230625,-0.5230625,-0.5138005,28004.4743842,16797.6923252,130601.4917046,1002.3280044,91124.3176585,2215246.9649335,27276447.6948799,216996295.4495312
-0.5180625,-0.5180625,-0.5088005,25442.2169116,15247.3019462,118816.1518432,897.9958936,82895.9722549,2017798.7596929,24850988.3527385,197712390.5428067
-0.5130625,-0.5130625,-0.5038005,23741.8894360,14218.5073758,110994.6992640,828.8097775,77435.1740663,1886750.6877444,23241167.1943102,184913267.7201771
-0.5080625,-0.5080625,-0.4988005,22890.2607309,13703.2417086,107077.0153257,794.1739579,74699.9245503,1821106.7573894,22434775.9593159,178501918.0648711
-0.5030625,-0.5030625,-0.4938005,22879.7848526,13696.9072679,107028.7772729,793.7514944,74666.2472476,1820297.7826543,22424836.5794921,178422889.9222932
-0.4980625,-0.4980625,-0.4888005,23710.3649419,14199.4450537,110849.5443554,827.5380765,77333.8342747,1884316.4515775,23211259.4053259,184675470.8730226
-0.4930625,-0.4930625,-0.4838005,25389.3750231,15215.3479594,118572.8577668,895.8629359,82726.1161101,2013718.9955796,24800863.7008993,197313850.6554736
-0.4880625,-0.4880625,-0.4788005,27929.9396527,16752.6176707,130258.3537155,999.3167958,90884.7541956,2209493.4482900,27205760.2636898,216434263.8993931
-0.4830625,-0.4830625,-0.4738005,31330.2181268,18810.1668641,145897.2440752,1137.8494659,101803.6235013,2471487.6971687,30424069.0016952,242021739.0864367
-0.4780625,-0.4780625,-0.4688005,35542.7545631,21359.5013808,165268.5674406,1307.6616113,115328.5414605,2795959.1103926,34409719.0547545,273709787.2306176
-0.4730625,-0.4730625,-0.4638005,37570.9641554,22587.0701199,174593.5651733,1390.6016555,121839.2444726,2952127.6911013,36327957.0065414,288960678.4108465
-0.4680625,-0.4680625,-0.4588005,34819.4886894,20921.6822988,161944.0248533,1280.1164091,113007.3235365,2740293.8292898,33726003.5638169,268273985.8710851
-0.4630625,-0.4630625,-0.4538005,32833.9384280,19723.2605424,152774.7174239,1202.0836644,106606.6701016,2586118.9295492,31830802.3930476,253203275.1185538
-0.4580625,-0.4580625,-0.4488005,30471.0674953,18294.0513194,141899.9742200,1106.3707494,99014.3058340,2403828.0017350,29591302.3136268,235397384.2111396
-0.4530625,-0.4530625,-0.4438005,26105.9549130,15660.7865354,121724.8714525,936.1240420,84931.5963008,2064343.2363261,25417569.3570120,202206469.9648547
-0.4480625,-0.4480625,-0.4388005,21640.0022101,12970.6610678,101035.4285454,758.5117023,70491.4638476,1715475.0977177,21126758.7290722,168081005.6224491
-0.4430625,-0.4430625,-0.4338005,16477.4615504,9850.1244216,77250.3094720,557.4201537,53886.3708016,1316386.3187055,16222922.6823111,129089566.3341411
-0.4380625,-0.4380625,-0.4288005,12696.4033062,7564.5792670,59830.7065505,406.7079589,41725.2096913,1024114.3735631,12631631.5534371,100534499.5434209
-0.4330625,-0.4330625,-0.4238005,10183.8607501,6046.3330078,48248.9708763,306.3297325,33639.8519561,829697.1070211,10242505.2888442,81537624.3552014
-0.4280625,-0.4280625,-0.4188005,8523.1301378,5043.3576983,40587.0453292,240.4959879,28291.1854900,700978.8592029,8660493.0010272,68957939.3203879
-0.4230625,-0.4230625,-0.4138005,7434.9369569,4386.5208144,35562.1671632,212.0412130,24783.5453581,616495.6843853,7621995.0434382,60699795.0672660
-0.4180625,-0.4180625,-0.4088005,6739.2204990,3966.8030463,32346.9423667,184.9678116,22539.2305965,562397.9750214,6956911.5660460,55410851.9951753
-0.4130625,-0.4130625,-0.4038005,6321.7670740,3715.0695484,30416.3450693,168.8229037,21191.6657746,529894.3087196,6557259.6266740,52232601.6002921
-0.4080625,-0.4080625,-0.3988005,6114.0791009,3589.8665667,29455.3959101,160.8253764,20520.9343676,513708.8491475,6358233.6290761,50649805.2223263
-0.4030625,-0.4030625,-0.3938005,6081.7919180,3570.4002348,29306.0342939,159.5810787,20416.6807728,511193.5374830,6327304.8455845,50403839.5257519
-0.3980625,-0.3980625,-0.3888005,6219.0334658,3653.1178533,29941.2461403,164.8521748,20860.0443357,521895.7117231,6458912.5839873,51450493.1941206
-0.3930625,-0.3930625,-0.3838005,6547.4877527,3851.1402419,31460.7679099,177.5187550,21920.6595770,547486.3106599,6773582.6628504,53952959.1219131
-0.3880625,-0.3880625,-0.3788005,7119.9574136,4196.4210374,34107.4287062,199.7249849,23768.0674722,592032.9941005,7321280.8420532,58308493.0183284
-0.3830625,-0.3830625,-0.3738005,8029.2011525,4745.1033913,38307.6862366,220.9601720,26700.0207944,662677.5616670,8189730.2129229,65214533.5385559
-0.3780625,-0.3780625,-0.3688005,9424.0083981,5587.2640875,44745.3504814,276.0522234,31193.9639576,770867.8641428,9519536.3847089,75788941.2323148
-0.3730625,-0.3730625,-0.3638005,11536.1931234,6863.2780158,54485.3693525,360.1463632,37993.4707649,934425.9861035,11529579.6505219,91771854.4654479
-0.3680625,-0.3680625,-0.3588005,14724.9462183,8790.7083771,69177.1857663,488.0754142,48250.2467246,1180945.4367735,14558723.0124022,115857246.6411457
-0.3630625,-0.3630625,-0.3538005,19244.3617699,11521.3329037,90013.4898642,668.3411696,62796.2123983,1530771.6577576,18857749.9365874,150040761.4752903
-0.3580625,-0.3580625,-0.3488005,24261.4636163,14547.2626453,113209.9098666,863.3503574,78987.6130533,1921214.9734253,23658263.8243134,188216620.0436758
-0.3530625,-0.3530625,-0.3438005,29391.6939571,17648.5222783,136843.0898063,1069.5183706,95486.7351769,2317707.7747176,28530091.5443196,226953329.1145771
-0.3480625,-0.3480625,-0.3388005,32057.0796487,19253.0135477,149203.6633254,1170.2830935,104113.3417818,2526323.5743562,31096352.7401107,247364105.2893661
-0.3430625,-0.3430625,-0.3338005,34695.1145638,20847.3126985,161361.1662161,1275.8825774,112600.7395973,2730365.1387830,33603652.2667569,267300424.9144147
-0.3380625,-0.3380625,-0.3288005,36691.2594639,22053.9586027,170557.1640768,1356.0435065,119020.7615552,2884652.8781748,35499448.9603288,282374251.7351651
-0.3330625,-0.3330625,-0.3238005,37193.3919679,22354.3511667,172908.5978737,1373.2695697,120661.1045715,2924682.6115570,35992675.7564669,286298782.4411551
-0.3280625,-0.3280625,-0.3188005,34040.6534702,20449.9113290,158367.8670834,1247.9284115,110510.2991899,2680473.4479581,32991389.5092589,262433801.7715563
-0.3230625,-0.3230625,-0.3138005,30174.9842493,18110.5950451,140590.3730862,1090.2912944,98098.2225759,2382680.0458875,29333394.8470763,233350698.1833582
-0.3180625,-0.3180625,-0.3088005,27135.1795796,16271.1414674,126609.7903821,966.4155149,88337.1493467,2148472.7809771,26456432.0747432,210477155.1709208
-0.3130625,-0.3130625,-0.3038005,24975.6787596,14964.4584207,116676.9152633,878.4871595,81402.1684282,1982059.4551133,24412204.2157609,194224273.0218832
-0.3080625,-0.3080625,-0.2988005,23682.6026695,14182.0741508,110728.8048114,825.8721568,77249.3042257,1882399.1222476,23187956.3767825,184490708.1877412
-0.3030625,-0.3030625,-0.2938005,23245.7934154,13917.7956213,108719.3034707,808.1132687,75846.3127697,1848727.1001678,22774315.5045229,181201980.6994813
-0.2980625,-0.2980625,-0.2888005,23661.5013952,14169.3378250,110631.3611199,825.0426870,77181.2833826,1880760.7169596,23167816.2984221,184330553.7029466
-0.2930625,-0.2930625,-0.2838005,24933.2989836,14938.8777869,116481.2217516,876.8203070,81265.5636142,1978769.2760917,24371760.1651261,193902661.6584029
-0.2880625,-0.2880625,-0.2788005,27071.2114621,16232.5276126,126314.4393262,963.8973230,88130.9771305,2143507.5077406,26395398.2069840,209991815.5638759
-0.2830625,-0.2830625,-0.2738005,30089.0740647,18058.7319258,140193.7619030,1086.9054805,97821.3632457,2376013.1994984,29251446.7697952,232699053.0049368
-0.2780625,-0.2780625,-0.2688005,33934.9459828,20386.0937414,157879.8969627,1243.7595249,110169.6644030,2672271.4584222,32890572.9499943,261632118.4782684
-0.2730625,-0.2730625,-0.2638005,37144.4305004,22324.8958932,172681.3203402,1371.4356393,120502.4919097,2920843.3980478,35945440.3273996,285923079.1332822
-0.2680625,-0.2680625,-0.2588005,36764.7363706,22098.6419899,170892.4125059,1359.2444425,119254.9173074,2890228.3456809,35567840.7591669,282917809.4967157
-0.2630625,-0.2630625,-0.2538005,34764.3134224,20889.4252099,161676.5220213,1278.9258946,112821.0137897,2735604.0644742,33667902.2518719,267811036.8745542
-0.2580625,-0.2580625,-0.2488005,32121.9473445,19292.5208055,149498.9094114,1173.1645344,104319.5819360,2531222.7338265,31156422.2788588,247841466.2930354
-0.2530625,-0.2530625,-0.2438005,29549.5249230,17744.3151256,137565.5077604,1076.2175984,95991.2342686,2329757.2590171,28677980.7643058,228128880.0693058
-0.2480625,-0.2480625,-0.2388005,24387.8097359,14623.9217720,113788.5146197,868.7490556,79391.6705221,1930860.7386654,23776626.0697013,189157414.0261936
-0.2430625,-0.2430625,-0.2338005,19384.1312752,11606.1975100,90652.8260728,674.3054479,63242.7052891,1541429.1173859,18988539.2568985,151080357.1609366
-0.2380625,-0.2380625,-0.2288005,14832.1425839,8855.8656482,69666.6712248,492.7154762,48592.1170144,1189091.9214580,14658666.4559143,116651596.4640758
-0.2330625,-0.2330625,-0.2238005,11612.8367024,6909.9642953,54834.1284944,363.5574370,38237.0945992,940211.8101008,11600517.6424469,92335578.5814481
-0.2280625,-0.2280625,-0.2188005,9482.0784387,5622.7333297,45008.4166181,278.7271976,31377.7669677,775214.0333795,9572780.2080120,76211966.4782304
-0.2230625,-0.2230625,-0.2138005,8077.0259386,4774.3961459,38523.3514002,223.2392946,26850.7383844,666225.3872172,8233157.2244659,65559488.7052674
-0.2180625,-0.2180625,-0.2088005,7163.7614308,4223.3023097,34304.3394488,201.8580246,23905.6996823,595262.6616962,7360790.2472338,58622281.6532267
-0.2130625,-0.2130625,-0.2038005,6592.4488463,3878.7401600,31662.7757272,179.7170481,22061.8579771,550797.9601762,6814091.0652564,54274673.8790033
-0.2080625,-0.2080625,-0.1988005,6270.0907010,3684.4211133,30171.1157679,167.3127477,21020.7013524,525671.4506817,6505115.4908973,51817469.7216190
-0.2030625,-0.2030625,-0.1938005,6144.3726636,3608.6865098,29588.7824171,162.5205344,20614.2609119,515853.2922142,6384362.5451087,50857109.2046750
-0.1980625,-0.1980625,-0.1888005,6194.8862466,3639.1873090,29821.9063663,164.5121969,20776.9984821,519770.8467442,6432513.9485571,51240000.1391808
-0.1930625,-0.1930625,-0.1838005,6429.7740556,3780.8507151,30907.9376814,173.6183781,21535.0612172,538051.5024992,6657276.4627123,53027415.8639778
-0.1880625,-0.1880625,-0.1788005,6887.0631983,4056.6883756,33021.7622958,191.3832950,23010.5525955,573624.8954346,7094636.9842085,56505472.8012564
-0.1830625,-0.1830625,-0.1738005,7640.9778312,4511.6226085,36504.6571387,206.4886317,25441.7511142,632206.8015032,7814803.8211483,62232361.4089679
-0.1780625,-0.1780625,-0.1688005,8814.6244634,5220.1757876,41922.4712926,252.7755524,29223.7370183,723271.3680270,8934143.6537764,71133240.2193065
-0.1730625,-0.1730625,-0.1638005,10601.9217496,6299.7644365,50166.1945380,323.7904579,34978.6177035,861731.4663375,10635812.2885080,84664241.1183590
-0.1680625,-0.1680625,-0.1588005,13303.9223461,7932.7198921,62618.5034325,431.9491325,43671.8249583,1070721.0746529,13203914.8878537,105084026.1798346
-0.1630625,-0.1630625,-0.1538005,17315.3930234,10355.8793194,81119.8527892,591.4253761,56587.5145837,1381445.2992327,17022647.4188619,135448975.8994256
-0.1580625,-0.1580625,-0.1488005,22505.1566522,13486.1773866,105111.7493555,793.4236655,73334.2615363,1785239.3987893,21987223.4729787,174929354.7657850
-0.1530625,-0.1530625,-0.1438005,27166.8812911,16303.6999968,126593.0325693,980.2219507,88330.8608855,2145726.0291867,26416859.3629656,210150587.9021376
-0.1480625,-0.1480625,-0.1388005,31216.8701155,18746.2930418,145318.6245245,1137.6425771,101401.5463012,2460925.0444183,30292262.9665265,240969593.7671911
-0.1430625,-0.1430625,-0.1338005,33783.7808447,20297.5448393,157149.1186772,1240.3356886,109660.6271348,2659490.0235570,32732292.7539953,260371087.0827479
-0.1380625,-0.1380625,-0.1288005,35728.7429271,21473.1170186,166110.9559898,1318.3155479,115917.1198255,2809873.8098015,34580178.3569795,275064083.5451145
-0.1330625,-0.1330625,-0.1238005,38113.0213532,22912.8930649,177113.1711994,1412.6671189,123597.5175758,2994740.3505614,36852357.8023144,293131925.9449927
-0.1280625,-0.1280625,-0.1188005,35836.9059693,21538.9603291,166603.6588236,1323.0895814,116261.2773460,2818055.5561649,34680510.8734002,275861436.4826484
-0.1230625,-0.1230625,-0.1138005,31641.2490808,18999.9291081,147308.8844216,1151.9618163,102789.8409967,2494850.0874373,30710372.6170100,244296636.6776947
-0.1180625,-0.1180625,-0.1088005,28254.3356334,16950.5800958,131730.0923019,1014.0925054,91912.9771543,2233841.8438773,27504126.6590114,218804967.0526446
-0.1130625,-0.1130625,-0.1038005,25744.7259043,15432.1665070,120185.4486064,912.0166996,83852.7308259,2040404.0168592,25127878.4743511,199912213.9738576
-0.1080625,-0.1080625,-0.0988005,24106.8329414,14441.2916398,112649.4513859,845.5050987,78591.2904214,1914112.3233354,23576423.1797962,187577009.7705328
-0.1030625,-0.1030625,-0.0938005,23328.5761366,13970.5888218,109067.2256577,814.0126069,76090.3200632,1854057.8833975,22838620.8512773,181710835.8829890
-0.0980625,-0.0980625,-0.0888005,23403.4170037,14016.0743279,109409.0296782,817.2473776,76329.0434452,1859747.4578725,22908424.4562524,182265639.0837736
-0.0930625,-0.0930625,-0.0838005,24331.9837247,14578.1324273,113677.7022195,855.2388857,79309.4442394,1931227.8390671,23786406.9773854,189245971.2233377
-0.0880625,-0.0880625,-0.0788005,26121.9141737,15661.4202192,121907.9427318,928.3313672,85055.7634441,2069073.8240075,25479613.7539526,202707815.4133728
-0.0830625,-0.0830625,-0.0738005,28785.9188849,17273.6931401,134157.4311864,1037.1026826,93608.2984136,2274239.8847870,27999741.4507939,222744109.8606341
-0.0780625,-0.0780625,-0.0688005,32311.9362008,19407.6764646,150370.4016222,1181.0838093,104928.1237622,2545787.3772541,31335249.4327039,249263078.2666115
-0.0730625,-0.0730625,-0.0638005,36446.8322335,21906.7887094,169424.0260423,1346.7737555,118229.9171170,2865534.0265496,35264274.1894828,280503814.9525059
-0.0680625,-0.0680625,-0.0588005,38099.6240710,22911.3237630,176972.0965470,1418.2382155,123501.6661486,2991171.6437790,36805669.7173962,292754891.5685213
-0.0630625,-0.0630625,-0.0538005,35393.8509377,21274.0295411,164527.4244948,1308.0021645,114812.9590086,2782689.0279050,34244691.3897287,272393584.1248197
-0.0580625,-0.0580625,-0.0488005,33255.2589519,19983.5933796,154647.0258068,1224.2890816,107916.0708438,2616492.0761292,32201554.0985723,256146163.5629970
-0.0530625,-0.0530625,-0.0438005,30905.1994164,18562.6740927,143824.6720245,1129.6011394,100360.5016995,2434979.6968541,29971383.2191629,238413965.4287653
-0.0480625,-0.0480625,-0.0388005,26273.4048766,15769.1053465,122410.0335649,949.4306577,85412.7968117,2074532.3190087,25539681.9455362,203171095.2440732
-0.0430625,-0.0430625,-0.0338005,21641.8252423,12979.8310980,100945.7692683,770.0871489,70432.1287259,1712485.7773828,21086520.9477120,167753889.7309719
-0.0380625,-0.0380625,-0.0288005,16437.6005889,9834.9947974,76957.7050346,564.7661575,53685.7157913,1309826.7859740,16138425.9972620,128409741.0190233
-0.0330625,-0.0330625,-0.0238005,12617.1445592,7526.5960836,59344.9100578,412.8141237,41390.0696443,1014136.4628139,12504713.7506599,99516520.3408733
-0.0280625,-0.0280625,-0.0188005,10056.8651010,5980.5587265,47530.3088255,311.5156362,33142.5712731,815616.1632668,10064708.8071058,80114151.6912183
-0.0230625,-0.0230625,-0.0138005,8332.2768478,4940.1829413,39559.6055801,244.2409606,27578.8221627,681496.3252796,8415803.0767983,67001516.3986372
-0.0180625,-0.0180625,-0.0088005,7158.5208552,4232.9785271,34124.0914489,213.6404138,23785.0508416,589874.3650673,7288999.3439193,58040031.9744466
-0.0130625,-0.0130625,-0.0038005,6347.7263974,3745.2248889,30360.1522350,183.3721846,21158.2778581,526289.3430570,6506677.4747245,51817546.0684706
-0.0080625,-0.0080625,0.0011995,5774.6623143,3401.1482973,27691.7501308,162.5889588,19296.3232082,481090.0998241,5950281.4381511,47391462.8862560
-0.0030625,-0.0030625,0.0061995,5355.1609189,3149.8439130,25731.4565195,147.9000893,17928.6998177,447781.3447236,5540012.4414226,44127311.1579288
0.0019375,0.0019375,0.0111995,5032.3903305,2956.9563558,24217.4681838,137.0283089,16872.6339603,421970.8383316,5221901.7525733,41595976.6609142
0.0069375,0.0069375,0.0161995,4768.0033391,2799.3166469,22972.9849529,128.4471662,16004.7003754,400690.1711430,4959470.3285693,39507397.6502315
0.0119375,0.0119375,0.0211995,4536.3466288,2661.4342798,21879.6231259,121.1432110,15242.2583055,381950.0774387,4728268.0228625,37667151.7462530
0.0169375,0.0169375,0.0261995,4320.6082820,2533.1640994,20859.7201557,114.4579176,14531.0960766,364444.3460725,4512237.2992700,35947547.0126815
0.0219375,0.0219375,0.0311995,4110.2041088,2408.1239451,19864.3232407,107.9807317,13837.0445676,347348.7427064,4301243.5605093,34267987.3025531
0.0269375,0.0269375,0.0361995,3898.9639608,2282.5970383,18864.8492195,101.4751528,13140.1542065,330181.3141307,4089359.1982630,32581329.5479294
0.0319375,0.0319375,0.0411995,3683.8416716,2154.7516033,17847.1481467,94.8264309,12430.5503369,312702.8904838,3873641.2635971,30864165.2855718
0.0369375,0.0369375,0.0461995,3463.9743793,2024.0721166,16807.1711922,88.0036810,11705.4087908,294844.4250885,3653238.7149540,29109722.3310864
0.0419375,0.0419375,0.0511995,3239.9813990,1890.9356225,15747.7389477,81.0318881,10966.6997946,276652.7485211,3428725.8158737,27322564.3786872
0.0469375,0.0469375,0.0561995,3013.4333558,1756.2911253,14676.0921969,73.9709548,10219.4782028,258249.4218128,3201596.4191074,25514569.6988993
0.0519375,0.0519375,0.0611995,2786.4475580,1621.4153833,13602.0231562,66.8999804,9470.5790127,239799.3118937,2973877.6723922,23701859.2988893
0.0569375,0.0569375,0.0661995,2561.3810622,1487.7278049,12536.4561836,59.9055858,8727.6266871,221486.6991567,2747836.2534219,21902460.7563020
0.0619375,0.0619375,0.0711995,2340.6021010,1356.6527337,11490.3892519,53.0734704,7998.2963462,203497.4342269,2525758.9253772,20134562.9720587
0.0669375,0.0669375,0.0761995,2126.3258509,1229.5206246,10474.1318478,46.4826166,7289.7819035,186006.0682805,2309794.2050122,18415256.8413531
0.0719375,0.0719375,0.0811995,1920.5034813,1107.5014117,9496.7885342,40.2016869,6608.4356998,169167.1081531,2101844.7210626,16759678.9877038
0.0769375,0.0769375,0.0861995,1724.7550669,991.5643614,8565.9449407,34.2872137,5959.5494481,153109.6730773,1903501.3825204,15180487.9608083
0.0819375,0.0819375,0.0911995,1540.3379336,882.4593062,7687.5174574,28.7831450,5347.2494480,137934.9050732,1716011.3988975,13687609.6320179
0.0869375,0.0869375,0.0961995,1368.1427396,780.7145992,6865.7312569,23.7212518,4774.4813733,123715.5407398,1540272.8782228,12288193.9545759
0.0919375,0.0919375,0.1011995,1208.7102985,686.6475562,6103.1944707,19.1219050,4243.0621672,110497.1054509,1376849.3818035,10986730.4480059
0.0969375,0.0969375,0.1061995,1062.2629120,600.3836182,5401.0398451,14.9948781,3753.7790258,98300.2492291,1225998.5297694,9785275.4489133
0.1019375,0.1019375,0.1111995,928.7448327,521.8809802,4759.1090828,11.3400412,3306.5181625,87123.8083078,1087709.5458717,8683750.4853785
0.1069375,0.1069375,0.1161995,807.8673812,450.9579846,4176.1592265,8.1479352,2900.4089388,76948.2456057,961745.4796849,7680277.8863097
0.1119375,0.1119375,0.1211995,699.1551561,387.3211286,3650.0746395,5.4001557,2533.9718855,67739.1935569,847686.7064112,6771526.5900551
0.1169375,0.1169375,0.1261995,601.9906584,330.5920734,3178.0721764,3.0694534,2205.2619519,59450.8902374,744973.1334033,5953047.7063517
0.1219375,0.1219375,0.1311995,515.6554512,280.3325225,2756.8908214,1.1197952,1912.0008984,52029.3613798,652943.2996472,5219585.4050611
0.1269375,0.1269375,0.1361995,439.3666702,236.0662607,2382.9602665,-0.4926403,1651.6949732,45415.2544451,570869.2126598,4565353.9383282
0.1319375,0.1319375,0.1411995,372.3082766,211.9313681,2052.5455476,-1.8161437,1421.7358659,39546.2752584,497986.3119800,3984275.9340062
0.1369375,0.1369375,0.1461995,313.6568911,177.9104385,1761.8669284,-2.8975399,1219.4843732,34359.2125414,433518.3765052,3470180.5020500
0.1419375,0.1419375,0.1511995,262.6023810,148.3441142,1507.1957542,-3.7763220,1042.3372839,29791.5614741,376697.5101055,3016962.2179950
0.1469375,0.1469375,0.1561995,218.3635965,122.7593962,1284.9280494,-4.4837037,887.7787235,25782.7751555,326779.5581822,2618703.7833743
0.1519375,0.1519375,0.1611995,194.5318441,100.7140188,1091.6382764,-5.0481053,753.4176465,22275.1837689,283055.4424998,2269766.2342921
0.1569375,0.1569375,0.1661995,161.4097018,81.8012468,924.1159907,-5.5008221,637.0133894,19214.6267422,244858.9693284,1964851.1083551
0.1619375,0.1619375,0.1711995,132.9731262,65.6519967,779.3882024,-5.8737320,536.4912453,16550.8445422,211571.6828266,1699039.1151422
0.1669375,0.1669375,0.1761995,108.6451461,51.9339301,654.7301505,-6.1912830,449.9499514,14237.6751470,182625.3162702,1467809.7022946
0.1719375,0.1719375,0.1811995,87.9098875,40.3481313,547.6669791,-6.4677266,375.6628271,12233.0967072,157502.3505830,1267045.5667670
0.1769375,0.1769375,0.1861995,70.3097330,30.6247399,455.9685219,-6.7112498,312.0741043,10499.1532543,135735.1326708,1093025.7083850
0.1819375,0.1819375,0.1911995,55.4398206,22.5185110,377.6390909,-6.9263923,257.7917721,9001.7951635,116903.9429703,942410.1215695
0.1869375,0.1869375,0.1961995,42.9411534,15.8048024,310.9038489,-7.1132391,211.5780411,7710.6608843,100634.3379434,812218.7150791
0.1919375,0.1919375,0.2011995,32.4936987,10.2770301,254.1930533,-7.2679784,185.9786211,6598.8215204,86594.0327486,699806.5688129
0.1969375,0.1969375,0.2061995,23.8101280,5.7471162,206.1251828,-7.3852158,152.2735705,5642.5053537,74489.5343186,602837.1995454
0.2019375,0.2019375,0.2111995,16.6308825,2.0488711,179.0163584,-7.4608067,123.7047219,4820.8154760,64062.6867739,519255.1235650
0.2069375,0.2069375,0.2161995,10.7219183,-0.9590747,144.2614222,-7.4943130,99.5571296,4115.4503340,55087.2499202,447258.6768171
0.2119375,0.2119375,0.2211995,5.8758405,-3.3951002,114.9390432,-7.4892803,79.2117975,3510.4342071,47365.5973632,385273.7811343
0.2169375,0.2169375,0.2261995,1.9143265,-5.3605420,90.2752244,-7.4504154,62.1309884,2991.8623831,40725.5930265,331929.1245420
0.2219375,0.2219375,0.2311995,-1.3124782,-6.9438026,69.6023674,-7.3794936,47.8451848,2547.6640025,35017.6828905,286033.0489327
0.2269375,0.2269375,0.2361995,-3.9311982,-8.2198536,52.3423930,-7.2741995,35.9421144,2167.3841671,30112.2217960,246552.3034290
0.2319375,0.2319375,0.2411995,-6.0509283,-9.2493661,37.9921719,-7.1313502,26.0585367,1841.9858706,25897.0423958,212592.7202409
0.2369375,0.2369375,0.2461995,-7.7649939,-10.0805492,26.1116028,-6.9507603,17.8757065,1563.6715502,22275.2640375,183381.7958530
0.2419375,0.2419375,0.2511995,-9.1505831,-10.7512303,16.3151355,-6.7364147,11.1179260,1325.7235346,19163.3328529,158253.1085840
0.2469375,0.2469375,0.2561995,-10.2701310,-11.2891027,8.2672741,-6.4952512,5.5510858,1122.3623131,16489.2800208,136632.4692495
0.2519375,0.2519375,0.2611995,-11.1737962,-11.7120080,1.6804978,-6.2352984,0.9780349,948.6213384,14191.1825563,118025.6808409
0.2569375,0.2569375,0.2661995,-11.9004256,-12.0306519,-3.6879842,-5.9642496,-2.7684000,800.2369716,12215.8096445,102007.7724766
0.2619375,0.2619375,0.2711995,-12.4775987,-12.2527883,-8.0426978,-5.6887053,-5.8307653,673.5521435,10517.4371413,88213.5696896
0.2669375,0.2669375,0.2761995,-12.9234455,-12.3858358,-11.5572391,-5.4139240,-8.3293210,565.4323339,9056.8131321,76329.4652224
0.2719375,0.2719375,0.2811995,-13.2505547,-12.4368878,-14.3789589,-5.1438669,-10.3639380,473.1925268,7800.2581630,66086.2602173
0.2769375,0.2769375,0.2861995,-13.4693670,-12.4119976,-16.6313506,-4.8813723,-12.0170563,394.5338855,6718.8847717,57252.9537131
0.2819375,0.2819375,0.2911995,-13.5892920,-12.3165862,-18.4167998,-4.6283674,-13.3560711,327.4889876,5787.9221252,49631.3677105
0.2869375,0.2869375,0.2961995,-13.6186022,-12.1566896,-19.8198284,-4.3860703,-14.4340678,270.3745636,4986.1328248,43051.5050280
0.2919375,0.2919375,0.3011995,-13.5648193,-11.9397990,-20.9089582,-4.1551626,-15.2906846,221.7507850,4295.3102074,37367.5472186
0.2969375,0.2969375,0.3061995,-13.4357428,-11.6747726,-21.7373289,-3.9359307,-15.9549176,191.6773092,3699.8457041,32454.4096044
0.3019375,0.3019375,0.3111995,-13.2402249,-11.3711373,-22.3443927,-3.7283749,-16.4489286,156.0624066,3186.3569851,28204.7797692
0.3069375,0.3069375,0.3161995,-12.9881849,-11.0382855,-22.7595043,-3.5322945,-16.7908540,125.7917338,2743.3687120,24526.5744946
0.3119375,0.3119375,0.3211995,-12.6900534,-10.6848641,-23.0056765,-3.3473508,-16.9962606,100.0874229,2361.0387110,21340.7580497
0.3169375,0.3169375,0.3261995,-12.3560661,-10.3184313,-23.1020178,-3.1731148,-17.0791504,78.2790792,2030.9232921,18579.4719254
0.3219375,0.3219375,0.3311995,-11.9956924,-9.9453353,-23.0651521,-3.0091016,-17.0529472,59.7914724,1745.7762427,16184.4325511
0.3269375,0.3269375,0.3361995,-11.6172927,-9.5707417,-22.9103660,-2.8547966,-16.9311793,44.1332760,1499.3767529,14105.5592630
0.3319375,0.3319375,0.3411995,-11.2279839,-9.1987410,-22.6525372,-2.7096730,-16.7276024,30.8854587,1286.3821628,12299.7998684
0.3369375,0.3369375,0.3461995,-10.8336499,-8.8324922,-22.3065570,-2.5732054,-16.4558683,19.6901371,1102.2019880,10730.1256074
0.3419375,0.3419375,0.3511995,-10.4390380,-8.4743714,-21.8872105,-2.4448788,-16.1290267,10.2414373,942.8901658,9364.6712136
0.3469375,0.3469375,0.3561995,-10.0478951,-8.1261119,-21.4087498,-2.3241945,-15.7590872,2.2784053,805.0528956,8175.9991750
0.3519375,0.3519375,0.3611995,-9.6631150,-7.7889279,-20.8844316,-2.2106747,-15.3567411,-4.4212284,685.7698174,7140.4702475
0.3569375,0.3569375,0.3661995,-9.2868806,-7.4636203,-20.3261763,-2.1038642,-14.9312471,-10.0468229,582.5265934,6237.7048277
0.3619375,0.3619375,0.3711995,-8.9207920,-7.1506646,-19.7443948,-2.0033321,-14.4904447,-14.7592916,493.1572343,5450.1219974
0.3669375,0.3669375,0.3761995,-8.5659776,-6.8502831,-19.1479596,-1.9086722,-14.0408483,-18.6939162,415.7947538,4762.5449514
0.3719375,0.3719375,0.3811995,-8.2231885,-6.5625037,-18.5442775,-1.8195029,-13.5877838,-21.9626408,348.8289367,4161.8631557
0.3769375,0.3769375,0.3861995,-7.8928771,-6.2872063,-17.9394210,-1.7354665,-13.1355411,-24.6571431,290.8367617,3636.7429841
0.3819375,0.3819375,0.3911995,-7.5752610,-6.0241603,-17.3382864,-1.6562285,-12.6875249,-26.8527533,240.5764849,3177.3797826
0.3869375,0.3869375,0.3961995,-7.2703755,-5.7730548,-16.7447569,-1.5814765,-12.2463953,-28.6124230,206.6041849,2775.2853425
0.3919375,0.3919375,0.4011995,-6.9781163,-5.5335214,-16.1618573,-1.5109193,-11.8141933,-29.9900836,168.7056471,2423.1056412
0.3969375,0.3969375,0.4061995,-6.6982731,-5.3051527,-15.5918958,-1.4442854,-11.3924497,-31.0331587,135.9027951,2114.4644629
0.4019375,0.4019375,0.4111995,-6.4305569,-5.0875169,-15.0365873,-1.3813218,-10.9822782,-31.7842312,107.5190134,1843.8291539
0.4069375,0.4069375,0.4161995,-6.1746220,-4.8801686,-14.4971605,-1.3217935,-10.5844535,-32.2819882,82.9687672,1606.2896845
0.4119375,0.4119375,0.4211995,-5.9300829,-4.6826573,-13.9744488,-1.2654814,-10.1994775,-32.5616538,61.7452509,1397.6033241
0.4169375,0.4169375,0.4261995,-5.6965277,-4.4945342,-13.4689660,-1.2121819,-9.8276326,-32.6551442,43.4097187,1214.3625470
0.4219375,0.4219375,0.4311995,-5.4735291,-4.3153567,-12.9809697,-1.1617054,-9.4690273,-32.5911273,27.5819799,1053.3977885
0.4269375,0.4269375,0.4361995,-5.2606527,-4.1446924,-12.5105142,-1.1138756,-9.1236326,-32.3950980,13.9323754,911.9485176
0.4319375,0.4319375,0.4411995,-5.0574629,-3.9821213,-12.0574932,-1.0685285,-8.7913119,-32.0895089,2.1756639,787.6085491
0.4369375,0.4369375,0.4461995,-4.8635285,-3.8272382,-11.6216754,-1.0255113,-8.4718460,-31.6939608,-7.9336145,678.2789041
0.4419375,0.4419375,0.4511995,-4.6784259,-3.6796530,-11.2027335,-0.9846820,-8.1649528,-31.2254345,-16.6054199,582.1271484
0.4469375,0.4469375,0.4561995,-4.5017420,-3.5389924,-10.8002678,-0.9459081,-7.8703033,-30.6985454,-24.0189333,497.5522931
0.4519375,0.4519375,0.4611995,-4.3330761,-3.4048995,-10.4138254,-0.9090663,-7.5875352,-30.1258026,-30.3276451,423.1544741
0.4569375,0.4569375,0.4661995,-4.1720416,-3.2770343,-10.0429155,-0.8740418,-7.3162630,-29.5178600,-35.6642382,357.5844837
0.4619375,0.4619375,0.4711995,-4.0182663,-3.1550733,-9.6870222,-0.8407272,-7.0560866,-28.8837509,-40.1447317,299.8220541
0.4669375,0.4669375,0.4761995,-3.8713935,-3.0387094,-9.3456141,-0.8090226,-6.8065983,-28.2311034,-43.8716545,249.0273064
0.4719375,0.4719375,0.4811995,-3.7310820,-2.9276511,-9.0181529,-0.7788349,-6.5673878,-27.5663319,-46.9362953,204.3699058
0.4769375,0.4769375,0.4861995,-3.5970059,-2.8216225,-8.7040991,-0.7500768,-6.3380465,-26.8948076,-49.4202363,173.0833726
0.4819375,0.4819375,0.4911995,-3.4688549,-2.7203622,-8.4029175,-0.7226670,-6.1181711,-26.2210076,-51.3964153,138.2403711
0.4869375,0.4869375,0.4961995,-3.3463334,-2.6236230,-8.1140807,-0.6965295,-5.9073656,-25.5486449,-52.9299238,107.5795255
0.4919375,0.4919375,0.5011995,-3.2291607,-2.5311714,-7.8370722,-0.6715932,-5.7052437,-24.8807803,-54.0786778,80.6105652
0.4969375,0.4969375,0.5061995,-3.1170701,-2.4427864,-7.5713888,-0.6477915,-5.5114298,-24.2199196,-54.8940334,56.9042807
0.5019375,0.5019375,0.5111995,-3.0098087,-2.3582595,-7.3165417,-0.6250623,-5.3255604,-23.5680965,-55.4213793,36.0857792
0.5069375,0.5069375,0.5161995,-2.9071365,-2.2773936,-7.0720583,-0.6033471,-5.1472844,-22.9269443,-55.7007092,17.8276609
0.5119375,0.5119375,0.5211995,-2.8088263,-2.2000026,-6.8374826,-0.5825913,-4.9762639,-22.2977568,-55.7671720,1.8432132
0.5169375,0.5169375,0.5261995,-2.7146627,-2.1259108,-6.6123755,-0.5627437,-4.8121739,-21.6815405,-55.6515905,-12.1199020
0.5219375,0.5219375,0.5311995,-2.6244417,-2.0549523,-6.3963155,-0.5437562,-4.6547029,-21.0790598,-55.3809442,-24.2850444
0.5269375,0.5269375,0.5361995,-2.5379702,-1.9869706,-6.1888980,-0.5255838,-4.5035524,-20.4908744,-54.9788120,-34.8509171
0.5319375,0.5319375,0.5411995,-2.4550654,-1.9218175,-5.9897358,-0.5081840,-4.3584368,-19.9173724,-54.4657734,-43.9949052
0.5369375,0.5369375,0.5461995,-2.3755542,-1.8593535,-5.7984582,-0.4915171,-4.2190833,-19.3587983,-53.8597689,-51.8756481
0.5419375,0.5419375,0.5511995,-2.2992729,-1.7994466,-5.6147113,-0.4755457,-4.0852315,-18.8152758,-53.1764215,-58.6350822
0.5469375,0.5469375,0.5561995,-2.2260664,-1.7419721,-5.4381569,-0.4602345,-3.9566327,-18.2868292,-52.4293222,-64.4001369
0.5519375,0.5519375,0.5611995,-2.1557880,-1.6868121,-5.2684724,-0.4455505,-3.8330500,-17.7733995,-51.6302818,-69.2842113
0.5569375,0.5569375,0.5661995,-2.0882986,-1.6338554,-5.1053502,-0.4314624,-3.7142576,-17.2748599,-50.7895528,-73.3885008
0.5619375,0.5619375,0.5711995,-2.0234668,-1.5829967,-4.9484971,-0.4179410,-3.6000403,-16.7910277,-49.9160245,-76.8032100
0.5669375,0.5669375,0.5761995,-1.9611680,-1.5341364,-4.7976337,-0.4049586,-3.4901934,-16.3216755,-49.0173938,-79.6086672
0.5719375,0.5719375,0.5811995,-1.9012842,-1.4871804,-4.6524939,-0.3924890,-3.3845218,-15.8665395,-48.1003153,-81.8763482
0.5769375,0.5769375,0.5861995,-1.8437036,-1.4420397,-4.5128242,-0.3805076,-3.2828400,-15.4253277,-47.1705322,-83.6698110
0.5819375,0.5819375,0.5911995,-1.7883204,-1.3986300,-4.3783834,-0.3689913,-3.1849713,-14.9977261,-46.2329913,-85.0455465
0.5869375,0.5869375,0.5961995,-1.7350342,-1.3568714,-4.2489419,-0.3579180,-3.0907476,-14.5834045,-45.2919435,-86.0537469
0.5919375,0.5919375,0.6011995,-1.6837499,-1.3166883,-4.1242809,-0.3472670,-3.0000090,-14.1820206,-44.3510311,-86.7389972
0.5969375,0.5969375,0.6061995,-1.6343772,-1.2780093,-4.0041924,-0.3370189,-2.9126034,-13.7932243,-43.4133655,-87.1408956
0.6019375,0.6019375,0.6111995,-1.5868307,-1.2407664,-3.8884783,-0.3271549,-2.8283859,-13.4166608,-42.4815937,-87.2946071
0.6069375,0.6069375,0.6161995,-1.5410292,-1.2048954,-3.7769501,-0.3176576,-2.7472187,-13.0519732,-41.5579575,-87.2313581
0.6119375,0.6119375,0.6211995,-1.4968957,-1.1703352,-3.6694283,-0.3085105,-2.6689707,-12.6988053,-40.6443447,-86.9788752
0.6169375,0.6169375,0.6261995,-1.4543570,-1.1370280,-3.5657420,-0.2996977,-2.5935171,-12.3568028,-39.7423348,-86.5617763
0.6219375,0.6219375,0.6311995,-1.4133438,-1.1049190,-3.4657286,-0.2912045,-2.5207392,-12.0256151,-38.8532378,-86.0019171
0.6269375,0.6269375,0.6361995,-1.3737901,-1.0739561,-3.3692331,-0.2830167,-2.4505238,-11.7048968,-37.9781292,-85.3186988
0.6319375,0.6319375,0.6411995,-1.3356333,-1.0440898,-3.2761080,-0.2751210,-2.3827632,-11.3943085,-37.1178803,-84.5293411
0.6369375,0.6369375,0.6461995,-1.2988140,-1.0152731,-3.1862128,-0.2675046,-2.3173550,-11.0935173,-36.2731846,-83.6491243
0.6419375,0.6419375,0.6511995,-1.2632754,-0.9874613,-3.0994136,-0.2601556,-2.2542014,-10.8021982,-35.4445814,-82.6916040
0.6469375,0.6469375,0.6561995,-1.2289638,-0.9606121,-3.0155830,-0.2530625,-2.1932094,-10.5200339,-34.6324758,-81.6688013
0.6519375,0.6519375,0.6611995,-1.1958280,-0.9346851,-2.9345993,-0.2462144,-2.1342904,-10.2467153,-33.8371571,-80.5913722
0.6569375,0.6569375,0.6661995,-1.1638194,-0.9096420,-2.8563467,-0.2396011,-2.0773598,-9.9819419,-33.0588143,-79.4687574
0.6619375,0.6619375,0.6711995,-1.1328914,-0.8854461,-2.7807147,-0.2332127,-2.0223371,-9.7254221,-32.2975498,-78.3093155
0.6669375,0.6669375,0.6761995,-1.1030001,-0.8620629,-2.7075980,-0.2270400,-1.9691456,-9.4768727,-31.5533916,-77.1204414
0.6719375,0.6719375,0.6811995,-1.0741033,-0.8394591,-2.6368961,-0.2210740,-1.9177119,-9.2360197,-30.8263038,-75.9086715
0.6769375,0.6769375,0.6861995,-1.0461610,-0.8176033,-2.5685131,-0.2153064,-1.8679662,-9.0025976,-30.1161961,-74.6797772
0.6819375,0.6819375,0.6911995,-1.0191351,-0.7964655,-2.5023575,-0.2097290,-1.8198418,-8.7763496,-29.4229319,-73.4388479
0.6869375,0.6869375,0.6961995,-0.9929890,-0.7760171,-2.4383421,-0.2043343,-1.7732751,-8.5570275,-28.7463351,-72.1903657
0.6919375,0.6919375,0.7011995,-0.9676882,-0.7562307,-2.3763835,-0.1991150,-1.7282053,-8.3443918,-28.0861968,-70.9382705
0.6969375,0.6969375,0.7061995,-0.9431996,-0.7370804,-2.3164021,-0.1940641,-1.6845746,-8.1382108,-27.4422806,-69.6860192
0.7019375,0.7019375,0.7111995,-0.9194914,-0.7185413,-2.2583218,-0.1891750,-1.6423273,-7.9382613,-26.8143274,-68.4366383
0.7069375,0.7069375,0.7161995,-0.8965336,-0.7005899,-2.2020699,-0.1844414,-1.6014108,-7.7443279,-26.2020593,-67.1927700
0.7119375,0.7119375,0.7211995,-0.8742974,-0.6832033,-2.1475771,-0.1798573,-1.5617742,-7.5562026,-25.6051839,-65.9567144
0.7169375,0.7169375,0.7261995,-0.8527553,-0.6663602,-2.0947770,-0.1754169,-1.5233694,-7.3736853,-25.0233969,-64.7304664
0.7219375,0.7219375,0.7311995,-0.8318810,-0.6500399,-2.0436061,-0.1711147,-1.4861501,-7.1965830,-24.4563849,-63.5157490
0.7269375,0.7269375,0.7361995,-0.8116494,-0.6342226,-1.9940037,-0.1669455,-1.4500721,-7.0247095,-23.9038282,-62.3140429
0.7319375,0.7319375,0.7411995,-0.7920365,-0.6188896,-1.9459117,-0.1629044,-1.4150931,-6.8578859,-23.3654026,-61.1266131
0.7369375,0.7369375,0.7461995,-0.7730194,-0.6040228,-1.8992746,-0.1589864,-1.3811727,-6.6959394,-22.8407811,-59.9545324
0.7419375,0.7419375,0.7511995,-0.7545761,-0.5896050,-1.8540392,-0.1551871,-1.3482721,-6.5387038,-22.3296360,-58.7987027
0.7469375,0.7469375,0.7561995,-0.7366856,-0.5756198,-1.8101546,-0.1515021,-1.3163542,-6.3860191,-21.8316394,-57.6598740
0.7519375,0.7519375,0.7611995,-0.7193278,-0.5620514,-1.7675720,-0.1479271,-1.2853837,-6.2377312,-21.3464652,-56.5386611
0.7569375,0.7569375,0.7661995,-0.7024834,-0.5488848,-1.7262447,-0.1444583,-1.2553264,-6.0936915,-20.8737894,-55.4355591
0.7619375,0.7619375,0.7711995,-0.6861342,-0.5361054,-1.6861280,-0.1410917,-1.2261498,-5.9537573,-20.4132915,-54.3509564
0.7669375,0.7669375,0.7761995,-0.6702623,-0.5236995,-1.6471790,-0.1378236,-1.1978227,-5.8177908,-19.9646546,-53.2851477
0.7719375,0.7719375,0.7811995,-0.6548508,-0.5116538,-1.6093565,-0.1346507,-1.1703151,-5.6856597,-19.5275667,-52.2383439
0.7769375,0.7769375,0.7861995,-0.6398837,-0.4999556,-1.5726212,-0.1315695,-1.1435984,-5.5572362,-19.1017206,-51.2106825
0.7819375,0.7819375,0.7911995,-0.6253453,-0.4885928,-1.5369353,-0.1285767,-1.1176451,-5.4323977,-18.6868144,-50.2022361
0.7869375,0.7869375,0.7961995,-0.6112208,-0.4775536,-1.5022625,-0.1256694,-1.0924288,-5.3110258,-18.2825522,-49.2130199
0.7919375,0.7919375,0.8011995,-0.5974958,-0.4668269,-1.4685680,-0.1228445,-1.0679241,-5.1930065,-17.8886440,-48.2429994
0.7969375,0.7969375,0.8061995,-0.5841566,-0.4564020,-1.4358184,-0.1200992,-1.0441067,-5.0782303,-17.5048059,-47.2920957
0.8019375,0.8019375,0.8111995,-0.5711902,-0.4462685,-1.4039816,-0.1174307,-1.0209533,-4.9665914,-17.1307604,-46.3601918
0.8069375,0.8069375,0.8161995,-0.5585838,-0.4364166,-1.3730269,-0.1148366,-0.9984416,-4.8579881,-16.7662365,-45.4471373
0.8119375,0.8119375,0.8211995,-0.5463254,-0.4268367,-1.3429247,-0.1123141,-0.9765499,-4.7523224,-16.4109697,-44.5527530
0.8169375,0.8169375,0.8261995,-0.5344032,-0.4175199,-1.3136465,-0.1098610,-0.9552577,-4.6494997,-16.0647019,-43.6768346
0.8219375,0.8219375,0.8311995,-0.5228062,-0.4084572,-1.2851652,-0.1074750,-0.9345450,-4.5494292,-15.7271818,-42.8191567
0.8269375,0.8269375,0.8361995,-0.5115236,-0.3996403,-1.2574544,-0.1051537,-0.9143928,-4.4520232,-15.3981644,-41.9794755
0.8319375,0.8319375,0.8411995,-0.5005450,-0.3910611,-1.2304889,-0.1028951,-0.8947827,-4.3571971,-15.0774112,-41.1575321
0.8369375,0.8369375,0.8461995,-0.4898605,-0.3827119,-1.2042446,-0.1006971,-0.8756970,-4.2648696,-14.7646903,-40.3530548
0.8419375,0.8419375,0.8511995,-0.4794606,-0.3745851,-1.1786979,-0.0985577,-0.8571189,-4.1749621,-14.4597759,-39.5657612
0.8469375,0.8469375,0.8561995,-0.4693360,-0.3666736,-1.1538266,-0.0964750,-0.8390320,-4.0873989,-14.1624486,-38.7953607
0.8519375,0.8519375,0.8611995,-0.4594780,-0.3589705,-1.1296090,-0.0944473,-0.8214205,-4.0021072,-13.8724952,-38.0415557
0.8569375,0.8569375,0.8661995,-0.4498781,-0.3514691,-1.1060244,-0.0924727,-0.8042694,-3.9190166,-13.5897083,-37.3040435
0.8619375,0.8619375,0.8711995,-0.4405280,-0.3441631,-1.0830527,-0.0905496,-0.7875641,-3.8380592,-13.3138867,-36.5825180
0.8669375,0.8669375,0.8761995,-0.4314199,-0.3370462,-1.0606747,-0.0886764,-0.7712905,-3.7591695,-13.0448349,-35.8766703
0.8719375,0.8719375,0.8811995,-0.4225462,-0.3301125,-1.0388718,-0.0868514,-0.7554353,-3.6822845,-12.7823630,-35.1861901
0.8769375,0.8769375,0.8861995,-0.4138996,-0.3233563,-1.0176262,-0.0850731,-0.7399853,-3.6073433,-12.5262867,-34.5107669
0.8819375,0.8819375,0.8911995,-0.4054731,-0.3167722,-0.9969206,-0.0833402,-0.7249281,-3.5342870,-12.2764273,-33.8500905
0.8869375,0.8869375,0.8961995,-0.3972599,-0.3103548,-0.9767384,-0.0816512,-0.7102516,-3.4630589,-12.0326110,-33.2038521
0.8919375,0.8919375,0.9011995,-0.3892535,-0.3040990,-0.9570637,-0.0800048,-0.6959442,-3.3936044,-11.7946694,-32.5717446
0.8969375,0.8969375,0.9061995,-0.3814475,-0.2979998,-0.9378811,-0.0783996,-0.6819946,-3.3258705,-11.5624392,-31.9534633
0.9019375,0.9019375,0.9111995,-0.3738359,-0.2920526,-0.9191756,-0.0768345,-0.6683921,-3.2598062,-11.3357618,-31.3487065
0.9069375,0.9069375,0.9161995,-0.3664129,-0.2862528,-0.9009330,-0.0753081,-0.6551261,-3.1953623,-11.1144833,-30.7571759
0.9119375,0.9119375,0.9211995,-0.3591728,-0.2805959,-0.8831394,-0.0738194,-0.6421867,-3.1324911,-10.8984547,-30.1785769
0.9169375,0.9169375,0.9261995,-0.3521101,-0.2750777,-0.8657814,-0.0723673,-0.6295642,-3.0711467,-10.6875310,-29.6126189
0.9219375,0.9219375,0.9311995,-0.3452196,-0.2696940,-0.8488462,-0.0709505,-0.6172491,-3.0112846,-10.4815722,-29.0590156
0.9269375,0.9269375,0.9361995,-0.3384962,-0.2644410,-0.8323214,-0.0695682,-0.6052324,-2.9528620,-10.2804418,-28.5174853
0.9319375,0.9319375,0.9411995,-0.3319350,-0.2593147,-0.8161949,-0.0682192,-0.5935054,-2.8958373,-10.0840081,-27.9877509
0.9369375,0.9369375,0.9461995,-0.3255314,-0.2543115,-0.8004552,-0.0669027,-0.5820598,-2.8401706,-9.8921428,-27.4695404
0.9419375,0.9419375,0.9511995,-0.3192807,-0.2494278,-0.7850911,-0.0656176,-0.5708872,-2.7858230,-9.7047218,-26.9625865
0.9469375,0.9469375,0.9561995,-0.3131784,-0.2446602,-0.7700917,-0.0643630,-0.5599799,-2.7327570,-9.5216247,-26.4666270
0.9519375,0.9519375,0.9611995,-0.3072205,-0.2400053,-0.7554466,-0.0631382,-0.5493303,-2.6809366,-9.3427346,-25.9814051
0.9569375,0.9569375,0.9661995,-0.3014027,-0.2354600,-0.7411458,-0.0619421,-0.5389310,-2.6303265,-9.1679383,-25.5066690
0.9619375,0.9619375,0.9711995,-0.2957211,-0.2310210,-0.7271794,-0.0607741,-0.5287749,-2.5808930,-8.9971257,-25.0421719
0.9669375,0.9669375,0.9761995,-0.2901718,-0.2266855,-0.7135381,-0.0596333,-0.5188552,-2.5326033,-8.8301904,-24.5876726
0.9719375,0.9719375,0.9811995,-0.2847511,-0.2224504,-0.7002126,-0.0585190,-0.5091653,-2.4854256,-8.6670289,-24.1429348
0.9769375,0.9769375,0.9861995,-0.2794554,-0.2183130,-0.6871943,-0.0574304,-0.4996986,-2.4393293,-8.5075408,-23.7077277
0.9819375,0.9819375,0.9911995,-0.2742812,-0.2142706,-0.6744746,-0.0563668,-0.4904492,-2.3942847,-8.3516290,-23.2818252
0.9869375,0.9869375,0.9961995,-0.2692253,-0.2103206,-0.6620452,-0.0553275,-0.4814108,-2.3502629,-8.1991989,-22.8650068
0.9919375,0.9919375,1.0011995,-0.2642842,-0.2064603,-0.6498981,-0.0543118,-0.4725778,-2.3072363,-8.0501590,-22.4570568
0.9969375,0.9969375,1.0061995,-0.2594550,-0.2026874,-0.6380257,-0.0533191,-0.4639445,-2.2651777,-7.9044205,-22.0577645
1.0019375,1.0019375,1.0111995,-0.2547344,-0.1989995,-0.6264205,-0.0523488,-0.4555055,-2.2240612,-7.7618971,-21.6669242
1.0069375,1.0069375,1.0161995,-0.2501197,-0.1953942,-0.6150751,-0.0514002,-0.4472555,-2.1838614,-7.6225051,-21.2843352
1.0119375,1.0119375,1.0211995,-0.2456079,-0.1918693,-0.6039827,-0.0504728,-0.4391894,-2.1445539,-7.4861633,-20.9098013
1.0169375,1.0169375,1.0261995,-0.2411962,-0.1884227,-0.5931364,-0.0495660,-0.4313023,-2.1061149,-7.3527929,-20.5431313
1.0219375,1.0219375,1.0311995,-0.2368821,-0.1850523,-0.5825297,-0.0486793,-0.4235894,-2.0685214,-7.2223174,-20.1841385
1.0269375,1.0269375,1.0361995,-0.2326628,-0.1817560,-0.5721562,-0.0478120,-0.4160462,-2.0317512,-7.0946626,-19.8326408
1.0319375,1.0319375,1.0411995,-0.2285359,-0.1785319,-0.5620097,-0.0469638,-0.4086680,-1.9957827,-6.9697564,-19.4884606
1.0369375,1.0369375,1.0461995,-0.2244990,-0.1753781,-0.5520843,-0.0461341,-0.4014506,-1.9605950,-6.8475288,-19.1514247
1.0419375,1.0419375,1.0511995,-0.2205497,-0.1722928,-0.5423742,-0.0453223,-0.3943897,-1.9261677,-6.7279119,-18.8213639
1.0469375,1.0469375,1.0561995,-0.2166857,-0.1692741,-0.5328737,-0.0445282,-0.3874813,-1.8924812,-6.6108397,-18.4981138
1.0519375,1.0519375,1.0611995,-0.2129048,-0.1663203,-0.5235775,-0.0437511,-0.3807214,-1.8595164,-6.4962481,-18.1815135
1.0569375,1.0569375,1.0661995,-0.2092049,-0.1634298,-0.5144803,-0.0429906,-0.3741062,-1.8272548,-6.3840749,-17.8714064
1.0619375,1.0619375,1.0711995,-0.2055838,-0.1606009,-0.5055769,-0.0422464,-0.3676320,-1.7956785,-6.2742597,-17.5676400
1.0669375,1.0669375,1.0761995,-0.2020396,-0.1578321,-0.4968624,-0.0415179,-0.3612951,-1.7647700,-6.1667439,-17.2700654
1.0719375,1.0719375,1.0811995,-0.1985703,-0.1551218,-0.4883320,-0.0408049,-0.3550921,-1.7345125,-6.0614703,-16.9785374
1.0769375,1.0769375,1.0861995,-0.1951740,-0.1524685,-0.4799810,-0.0401069,-0.3490196,-1.7048895,-5.9583837,-16.6929148
1.0819375,1.0819375,1.0911995,-0.1918488,-0.1498708,-0.4718049,-0.0394235,-0.3430743,-1.6758852,-5.8574301,-16.4130596
1.0869375,1.0869375,1.0961995,-0.1885930,-0.1473273,-0.4637993,-0.0387543,-0.3372529,-1.6474840,-5.7585573,-16.1388375
1.0919375,1.0919375,1.1011995,-0.1854049,-0.1448366,-0.4559600,-0.0380991,-0.3315524,-1.6196710,-5.6617144,-15.8701177
1.0969375,1.0969375,1.1061995,-0.1822827,-0.1423975,-0.4482827,-0.0374574,-0.3259698,-1.5924316,-5.5668521,-15.6067725
1.1019375,1.1019375,1.1111995,-0.1792248,-0.1400086,-0.4407636,-0.0368290,-0.3205022,-1.5657518,-5.4739224,-15.3486775
1.1069375,1.1069375,1.1161995,-0.1762296,-0.1376687,-0.4333986,-0.0362134,-0.3151467,-1.5396176,-5.3828786,-15.0957116
1.1119375,1.1119375,1.1211995,-0.1732956,-0.1353766,-0.4261841,-0.0356104,-0.3099006,-1.5140159,-5.2936753,-14.8477566
1.1169375,1.1169375,1.1261995,-0.1704213,-0.1331312,-0.4191162,-0.0350197,-0.3047611,-1.4889337,-5.2062684,-14.6046975
1.1219375,1.1219375,1.1311995,-0.1676052,-0.1309312,-0.4121915,-0.0344410,-0.2997258,-1.4643583,-5.1206151,-14.3664219
1.1269375,1.1269375,1.1361995,-0.1648460,-0.1287756,-0.4054065,-0.0338739,-0.2947920,-1.4402776,-5.0366736,-14.1328206
1.1319375,1.1319375,1.1411995,-0.1621422,-0.1266634,-0.3987579,-0.0333183,-0.2899574,-1.4166796,-4.9544034,-13.9037870
1.1369375,1.1369375,1.1461995,-0.1594925,-0.1245934,-0.3922422,-0.0327737,-0.2852195,-1.3935529,-4.8737650,-13.6792172
1.1419375,1.1419375,1.1511995,-0.1568956,-0.1225647,-0.3858564,-0.0322401,-0.2805760,-1.3708861,-4.7947200,-13.4590100
1.1469375,1.1469375,1.1561995,-0.1543503,-0.1205763,-0.3795974,-0.0317170,-0.2760247,-1.3486683,-4.7172311,-13.2430667
1.1519375,1.1519375,1.1611995,-0.1518554,-0.1186272,-0.3734621,-0.0312042,-0.2715634,-1.3268891,-4.6412621,-13.0312910
1.1569375,1.1569375,1.1661995,-0.1494095,-0.1167165,-0.3674477,-0.0307016,-0.2671899,-1.3055379,-4.5667775,-12.8235894
1.1619375,1.1619375,1.1711995,-0.1470117,-0.1148434,-0.3615512,-0.0302088,-0.2629023,-1.2846048,-4.4937430,-12.6198702
1.1669375,1.1669375,1.1761995,-0.1446607,-0.1130068,-0.3557699,-0.0297257,-0.2586984,-1.2640801,-4.4221250,-12.4200445
1.1719375,1.1719375,1.1811995,-0.1423556,-0.1112059,-0.3501012,-0.0292520,-0.2545764,-1.2439542,-4.3518911,-12.2240255
1.1769375,1.1769375,1.1861995,-0.1400951,-0.1094400,-0.3445424,-0.0287875,-0.2505343,-1.2242179,-4.2830096,-12.0317283
1.1819375,1.1819375,1.1911995,-0.1378783,-0.1077083,-0.3390910,-0.0283319,-0.2465702,-1.2048622,-4.2154495,-11.8430705
1.1869375,1.1869375,1.1961995,-0.1357041,-0.1060098,-0.3337445,-0.0278851,-0.2426825,-1.1858783,-4.1491808,-11.6579715
1.1919375,1.1919375,1.2011995,-0.1335717,-0.1043439,-0.3285005,-0.0274469,-0.2388693,-1.1672579,-4.0841743,-11.4763530
1.1969375,1.1969375,1.2061995,-0.1314799,-0.1027099,-0.3233566,-0.0270170,-0.2351289,-1.1489925,-4.0204014,-11.2981383
1.2019375,1.2019375,1.2111995,-0.1294280,-0.1011069,-0.3183106,-0.0265954,-0.2314597,-1.1310741,-3.9578345,-11.1232529
1.2069375,1.2069375,1.2161995,-0.1274150,-0.0995344,-0.3133602,-0.0261817,-0.2278600,-1.1134949,-3.8964465,-10.9516239
1.2119375,1.2119375,1.2211995,-0.1254400,-0.0979915,-0.3085034,-0.0257758,-0.2243283,-1.0962472,-3.8362111,-10.7831804
1.2169375,1.2169375,1.2261995,-0.1235022,-0.0964777,-0.3037379,-0.0253776,-0.2208630,-1.0793236,-3.7771026,-10.6178532
1.2219375,1.2219375,1.2311995,-0.1216007,-0.0949922,-0.2990617,-0.0249869,-0.2174628,-1.0627168,-3.7190961,-10.4555747
1.2269375,1.2269375,1.2361995,-0.1197347,-0.0935345,-0.2944729,-0.0246034,-0.2141260,-1.0464198,-3.6621673,-10.2962792
1.2319375,1.2319375,1.2411995,-0.1179035,-0.0921040,-0.2899695,-0.0242271,-0.2108513,-1.0304258,-3.6062923,-10.1399023
1.2369375,1.2369375,1.2461995,-0.1161062,-0.0906999,-0.2855496,-0.0238578,-0.2076374,-1.0147279,-3.5514483,-9.9863815
1.2419375,1.2419375,1.2511995,-0.1143421,-0.0893219,-0.2812114,-0.0234953,-0.2044828,-0.9993198,-3.4976125,-9.8356556
1.2469375,1.2469375,1.2561995,-0.1126105,-0.0879692,-0.2769530,-0.0231394,-0.2013863,-0.9841950,-3.4447631,-9.6876649
1.2519375,1.2519375,1.2611995,-0.1109107,-0.0866413,-0.2727728,-0.0227901,-0.1983467,-0.9693474,-3.3928786,-9.5423513
1.2569375,1.2569375,1.2661995,-0.1092420,-0.0853377,-0.2686689,-0.0224472,-0.1953626,-0.9547709,-3.3419383,-9.3996579
1.2619375,1.2619375,1.2711995,-0.1076036,-0.0840578,-0.2646399,-0.0221105,-0.1924328,-0.9404596,-3.2919217,-9.2595295
1.2669375,1.2669375,1.2761995,-0.1059950,-0.0828012,-0.2606839,-0.0217800,-0.1895562,-0.9264078,-3.2428091,-9.1219119
1.2719375,1.2719375,1.2811995,-0.1044156,-0.0815673,-0.2567995,-0.0214554,-0.1867317,-0.9126100,-3.1945811,-8.9867523
1.2769375,1.2769375,1.2861995,-0.1028645,-0.0803557,-0.2529852,-0.0211367,-0.1839581,-0.8990607,-3.1472189,-8.8539992
1.2819375,1.2819375,1.2911995,-0.1013414,-0.0791658,-0.2492394,-0.0208237,-0.1812343,-0.8857545,-3.1007041,-8.7236025
1.2869375,1.2869375,1.2961995,-0.0998455,-0.0779973,-0.2455606,-0.0205163,-0.1785593,-0.8726863,-3.0550188,-8.5955129
1.2919375,1.2919375,1.3011995,-0.0983763,-0.0768495,-0.2419475,-0.0202144,-0.1759320,-0.8598511,-3.0101454,-8.4696827
1.2969375,1.2969375,1.3061995,-0.0969333,-0.0757222,-0.2383986,-0.0199179,-0.1733514,-0.8472439,-2.9660669,-8.3460650
1.3019375,1.3019375,1.3111995,-0.0955158,-0.0746149,-0.2349126,-0.0196266,-0.1708166,-0.8348599,-2.9227666,-8.2246143
1.3069375,1.3069375,1.3161995,-0.0941234,-0.0735272,-0.2314882,-0.0193405,-0.1683265,-0.8226944,-2.8802284,-8.1052858
1.3119375,1.3119375,1.3211995,-0.0927554,-0.0724586,-0.2281240,-0.0190594,-0.1658802,-0.8107429,-2.8384364,-7.9880362
1.3169375,1.3169375,1.3261995,-0.0914115,-0.0714087,-0.2248189,-0.0187832,-0.1634769,-0.7990009,-2.7973750,-7.8728229
1.3219375,1.3219375,1.3311995,-0.0900911,-0.0703772,-0.2215715,-0.0185119,-0.1611156,-0.7874641,-2.7570292,-7.7596043
1.3269375,1.3269375,1.3361995,-0.0887937,-0.0693637,-0.2183808,-0.0182453,-0.1587955,-0.7761282,-2.7173843,-7.6483401
1.3319375,1.3319375,1.3411995,-0.0875188,-0.0683678,-0.2152455,-0.0179833,-0.1565156,-0.7649890,-2.6784259,-7.5389905
1.3369375,1.3369375,1.3461995,-0.0862660,-0.0673891,-0.2121644,-0.0177259,-0.1542752,-0.7540426,-2.6401399,-7.4315169
1.3419375,1.3419375,1.3511995,-0.0850348,-0.0664273,-0.2091366,-0.0174729,-0.1520735,-0.7432849,-2.6025127,-7.3258816
1.3469375,1.3469375,1.3561995,-0.0838248,-0.0654821,-0.2061608,-0.0172242,-0.1499097,-0.7327122,-2.5655308,-7.2220476
1.3519375,1.3519375,1.3611995,-0.0826356,-0.0645531,-0.2032361,-0.0169799,-0.1477830,-0.7223206,-2.5291812,-7.1199789
1.3569375,1.3569375,1.3661995,-0.0814667,-0.0636399,-0.2003613,-0.0167397,-0.1456926,-0.7121065,-2.4934512,-7.0196402
1.3619375,1.3619375,1.3711995,-0.0803177,-0.0627423,-0.1975355,-0.0165036,-0.1436378,-0.7020663,-2.4583282,-6.9209972
1.3669375,1.3669375,1.3761995,-0.0791882,-0.0618600,-0.1947577,-0.0162715,-0.1416179,-0.6921965,-2.4238001,-6.8240163
1.3719375,1.3719375,1.3811995,-0.0780778,-0.0609926,-0.1920270,-0.0160433,-0.1396323,-0.6824937,-2.3898550,-6.7286644
1.3769375,1.3769375,1.3861995,-0.0769862,-0.0601399,-0.1893423,-0.0158190,-0.1376801,-0.6729546,-2.3564814,-6.6349096
1.3819375,1.3819375,1.3911995,-0.0759129,-0.0593014,-0.1867028,-0.0155985,-0.1357608,-0.6635758,-2.3236678,-6.5427205
1.3869375,1.3869375,1.3961995,-0.0748577,-0.0584771,-0.1841075,-0.0153816,-0.1338736,-0.6543543,-2.2914031,-6.4520663
1.3919375,1.3919375,1.4011995,-0.0738201,-0.0576665,-0.1815557,-0.0151684,-0.1320181,-0.6452868,-2.2596766,-6.3629172
1.3969375,1.3969375,1.4061995,-0.0727998,-0.0568695,-0.1790463,-0.0149588,-0.1301934,-0.6363704,-2.2284777,-6.2752437
1.4019375,1.4019375,1.4111995,-0.0717964,-0.0560857,-0.1765787,-0.0147526,-0.1283991,-0.6276020,-2.1977960,-6.1890172
1.4069375,1.4069375,1.4161995,-0.0708097,-0.0553148,-0.1741520,-0.0145498,-0.1266344,-0.6189788,-2.1676214,-6.1042097
1.4119375,1.4119375,1.4211995,-0.0698392,-0.0545568,-0.1717653,-0.0143504,-0.1248990,-0.6104980,-2.1379441,-6.0207938
1.4169375,1.4169375,1.4261995,-0.0688848,-0.0538111,-0.1694179,-0.0141543,-0.1231921,-0.6021567,-2.1087543,-5.9387427
1.4219375,1.4219375,1.4311995,-0.0679460,-0.0530778,-0.1671091,-0.0139614,-0.1215132,-0.5939523,-2.0800427,-5.8580303
1.4269375,1.4269375,1.4361995,-0.0670225,-0.0523564,-0.1648380,-0.0137716,-0.1198618,-0.5858821,-2.0518001,-5.7786309
1.4319375,1.4319375,1.4411995,-0.0661142,-0.0516468,-0.1626040,-0.0135850,-0.1182374,-0.5779435,-2.0240173,-5.7005194
1.4369375,1.4369375,1.4461995,-0.0652206,-0.0509488,-0.1604063,-0.0134014,-0.1166393,-0.5701340,-1.9966857,-5.6236714
1.4419375,1.4419375,1.4511995,-0.0643415,-0.0502620,-0.1582443,-0.0132207,-0.1150672,-0.5624511,-1.9697965,-5.5480629
1.4469375,1.4469375,1.4561995,-0.0634766,-0.0495864,-0.1561173,-0.0130430,-0.1135205,-0.5548924,-1.9433414,-5.4736704
1.4519375,1.4519375,1.4611995,-0.0626257,-0.0489217,-0.1540245,-0.0128682,-0.1119988,-0.5474555,-1.9173121,-5.4004711
1.4569375,1.4569375,1.4661995,-0.0617885,-0.0482677,-0.1519654,-0.0126961,-0.1105015,-0.5401381,-1.8917005,-5.3284425
1.4619375,1.4619375,1.4711995,-0.0609647,-0.0476241,-0.1499393,-0.0125268,-0.1090282,-0.5329380,-1.8664988,-5.2575626
1.4669375,1.4669375,1.4761995,-0.0601540,-0.0469908,-0.1479456,-0.0123603,-0.1075785,-0.5258530,-1.8416992,-5.1878100
1.4719375,1.4719375,1.4811995,-0.0593563,-0.0463677,-0.1459837,-0.0121964,-0.1061519,-0.5188808,-1.8172942,-5.1191637
1.4769375,1.4769375,1.4861995,-0.0585712,-0.0457544,-0.1440529,-0.0120350,-0.1047479,-0.5120193,-1.7932764,-5.0516030
1.4819375,1.4819375,1.4911995,-0.0577986,-0.0451509,-0.1421528,-0.0118763,-0.1033662,-0.5052666,-1.7696386,-4.9851080
1.4869375,1.4869375,1.4961995,-0.0570382,-0.0445568,-0.1402826,-0.0117200,-0.1020064,-0.4986205,-1.7463737,-4.9196588
1.4919375,1.4919375,1.5011995,-0.0562898,-0.0439722,-0.1384419,-0.0115662,-0.1006679,-0.4920791,-1.7234749,-4.8552362
1.4969375,1.4969375,1.5061995,-0.0555531,-0.0433967,-0.1366302,-0.0114149,-0.0993505,-0.4856404,-1.7009352,-4.7918214
1.5019375,1.5019375,1.5111995,-0.0548280,-0.0428303,-0.1348468,-0.0112659,-0.0980537,-0.4793026,-1.6787483,-4.7293959
1.5069375,1.5069375,1.5161995,-0.0541142,-0.0422727,-0.1330913,-0.0111192,-0.0967772,-0.4730637,-1.6569074,-4.6679416
1.5119375,1.5119375,1.5211995,-0.0534115,-0.0417238,-0.1313632,-0.0109748,-0.0955206,-0.4669220,-1.6354063,-4.6074408
1.5169375,1.5169375,1.5261995,-0.0527198,-0.0411834,-0.1296619,-0.0108327,-0.0942835,-0.4608758,-1.6142389,-4.5478762
1.5219375,1.5219375,1.5311995,-0.0520388,-0.0406514,-0.1279869,-0.0106927,-0.0930656,-0.4549231,-1.5933990,-4.4892308
1.5269375,1.5269375,1.5361995,-0.0513682,-0.0401276,-0.1263379,-0.0105550,-0.0918664,-0.4490624,-1.5728806,-4.4314881
1.5319375,1.5319375,1.5411995,-0.0507081,-0.0396119,-0.1247142,-0.0104193,-0.0906858,-0.4432920,-1.5526780,-4.3746317
1.5369375,1.5369375,1.5461995,-0.0500580,-0.0391041,-0.1231155,-0.0102857,-0.0895233,-0.4376102,-1.5327854,-4.3186457
1.5419375,1.5419375,1.5511995,-0.0494180,-0.0386041,-0.1215413,-0.0101542,-0.0883786,-0.4320155,-1.5131973,-4.2635146
1.5469375,1.5469375,1.5561995,-0.0487877,-0.0381117,-0.1199911,-0.0100247,-0.0872514,-0.4265062,-1.4939081,-4.2092230
1.5519375,1.5519375,1.5611995,-0.0481670,-0.0376268,-0.1184646,-0.0098972,-0.0861414,-0.4210809,-1.4749126,-4.1557561
1.5569375,1.5569375,1.5661995,-0.0475557,-0.0371493,-0.1169613,-0.0097716,-0.0850483,-0.4157380,-1.4562056,-4.1030990
1.5619375,1.5619375,1.5711995,-0.0469537,-0.0366791,-0.1154808,-0.0096479,-0.0839717,-0.4104761,-1.4377817,-4.0512376
1.5669375,1.5669375,1.5761995,-0.0463609,-0.0362159,-0.1140226,-0.0095261,-0.0829114,-0.4052937,-1.4196362,-4.0001577
1.5719375,1.5719375,1.5811995,-0.0457769,-0.0357598,-0.1125864,-0.0094061,-0.0818671,-0.4001895,-1.4017639,-3.9498456
1.5769375,1.5769375,1.5861995,-0.0452018,-0.0353105,-0.1111719,-0.0092879,-0.0808385,-0.3951620,-1.3841601,-3.9002877
1.5819375,1.5819375,1.5911995,-0.0446352,-0.0348679,-0.1097785,-0.0091715,-0.0798253,-0.3902099,-1.3668201,-3.8514709
1.5869375,1.5869375,1.5961995,-0.0440772,-0.0344320,-0.1084060,-0.0090568,-0.0788273,-0.3853318,-1.3497392,-3.8033822
1.5919375,1.5919375,1.6011995,-0.0435274,-0.0340025,-0.1070540,-0.0089438,-0.0778442,-0.3805265,-1.3329129,-3.7560088
1.5969375,1.5969375,1.6061995,-0.0429859,-0.0335795,-0.1057221,-0.0088326,-0.0768757,-0.3757927,-1.3163368,-3.7093384
1.6019375,1.6019375,1.6111995,-0.0424524,-0.0331627,-0.1044099,-0.0087229,-0.0759216,-0.3711291,-1.3000064,-3.6633588
1.6069375,1.6069375,1.6161995,-0.0419268,-0.0327521,-0.1031172,-0.0086149,-0.0749816,-0.3665346,-1.2839176,-3.6180579
1.6119375,1.6119375,1.6211995,-0.0414089,-0.0323476,-0.1018436,-0.0085085,-0.0740555,-0.3620079,-1.2680661,-3.5734242
1.6169375,1.6169375,1.6261995,-0.0408987,-0.0319490,-0.1005887,-0.0084037,-0.0731430,-0.3575478,-1.2524479,-3.5294461
1.6219375,1.6219375,1.6311995,-0.0403959,-0.0315563,-0.0993523,-0.0083004,-0.0722439,-0.3531533,-1.2370589,-3.4861123
1.6269375,1.6269375,1.6361995,-0.0399006,-0.0311693,-0.0981340,-0.0081986,-0.0713580,-0.3488231,-1.2218952,-3.4434119
1.6319375,1.6319375,1.6411995,-0.0394125,-0.0307880,-0.0969335,-0.0080983,-0.0704851,-0.3445562,-1.2069529,-3.4013340
1.6369375,1.6369375,1.6461995,-0.0389314,-0.0304122,-0.0957505,-0.0079995,-0.0696249,-0.3403515,-1.1922283,-3.3598681
1.6419375,1.6419375,1.6511995,-0.0384574,-0.0300420,-0.0945847,-0.0079021,-0.0687771,-0.3362079,-1.1777176,-3.3190037
1.6469375,1.6469375,1.6561995,-0.0379903,-0.0296770,-0.0934358,-0.0078061,-0.0679417,-0.3321244,-1.1634173,-3.2787306
1.6519375,1.6519375,1.6611995,-0.0375299,-0.0293174,-0.0923035,-0.0077115,-0.0671184,-0.3281000,-1.1493236,-3.2390389
1.6569375,1.6569375,1.6661995,-0.0370762,-0.0289630,-0.0911876,-0.0076183,-0.0663069,-0.3241337,-1.1354332,-3.1999187
1.6619375,1.6619375,1.6711995,-0.0366290,-0.0286136,-0.0900877,-0.0075264,-0.0655072,-0.3202244,-1.1217427,-3.1613605
1.6669375,1.6669375,1.6761995,-0.0361882,-0.0282693,-0.0890036,-0.0074358,-0.0647189,-0.3163713,-1.1082486,-3.1233548
1.6719375,1.6719375,1.6811995,-0.0357537,-0.0279299,-0.0879351,-0.0073465,-0.0639419,-0.3125734,-1.0949477,-3.0858924
1.6769375,1.6769375,1.6861995,-0.0353255,-0.0275953,-0.0868818,-0.0072585,-0.0631760,-0.3088297,-1.0818367,-3.0489643
1.6819375,1.6819375,1.6911995,-0.0349033,-0.0272656,-0.0858435,-0.0071718,-0.0624210,-0.3051394,-1.0689125,-3.0125615
1.6869375,1.6869375,1.6961995,-0.0344872,-0.0269405,-0.0848200,-0.0070863,-0.0616768,-0.3015015,-1.0561719,-2.9766753
1.6919375,1.6919375,1.7011995,-0.0340769,-0.0266200,-0.0838111,-0.0070020,-0.0609431,-0.2979153,-1.0436120,-2.9412972
1.6969375,1.6969375,1.7061995,-0.0336725,-0.0263041,-0.0828164,-0.0069189,-0.0602198,-0.2943798,-1.0312296,-2.9064187
1.7019375,1.7019375,1.7111995,-0.0332738,-0.0259926,-0.0818357,-0.0068369,-0.0595068,-0.2908942,-1.0190220,-2.8720317
1.7069375,1.7069375,1.7161995,-0.0328807,-0.0256855,-0.0808689,-0.0067562,-0.0588037,-0.2874576,-1.0069862,-2.8381281
1.7119375,1.7119375,1.7211995,-0.0324931,-0.0253827,-0.0799156,-0.0066765,-0.0581106,-0.2840694,-0.9951193,-2.8047000
1.7169375,1.7169375,1.7261995,-0.0321109,-0.0250842,-0.0789757,-0.0065980,-0.0574271,-0.2807286,-0.9834187,-2.7717395
1.7219375,1.7219375,1.7311995,-0.0317341,-0.0247898,-0.0780489,-0.0065206,-0.0567532,-0.2774345,-0.9718816,-2.7392391
1.7269375,1.7269375,1.7361995,-0.0313625,-0.0244996,-0.0771351,-0.0064442,-0.0560887,-0.2741864,-0.9605053,-2.7071912
1.7319375,1.7319375,1.7411995,-0.0309961,-0.0242134,-0.0762340,-0.0063689,-0.0554335,-0.2709835,-0.9492872,-2.6755886
1.7369375,1.7369375,1.7461995,-0.0306348,-0.0239311,-0.0753454,-0.0062947,-0.0547873,-0.2678250,-0.9382248,-2.6444240
1.7419375,1.7419375,1.7511995,-0.0302785,-0.0236528,-0.0744691,-0.0062215,-0.0541501,-0.2647103,-0.9273155,-2.6136904
1.7469375,1.7469375,1.7561995,-0.0299272,-0.0233783,-0.0736049,-0.0061493,-0.0535217,-0.2616386,-0.9165569,-2.5833807
1.7519375,1.7519375,1.7611995,-0.0295806,-0.0231076,-0.0727526,-0.0060781,-0.0529020,-0.2586092,-0.9059465,-2.5534882
1.7569375,1.7569375,1.7661995,-0.0292389,-0.0228406,-0.0719121,-0.0060079,-0.0522908,-0.2556215,-0.8954820,-2.5240063
1.7619375,1.7619375,1.7711995,-0.0289018,-0.0225773,-0.0710830,-0.0059386,-0.0516880,-0.2526748,-0.8851610,-2.4949282
1.7669375,1.7669375,1.7761995,-0.0285693,-0.0223176,-0.0702654,-0.0058703,-0.0510934,-0.2497684,-0.8749812,-2.4662477
1.7719375,1.7719375,1.7811995,-0.0282414,-0.0220614,-0.0694589,-0.0058029,-0.0505070,-0.2469017,-0.8649404,-2.4379583
1.7769375,1.7769375,1.7861995,-0.0279180,-0.0218088,-0.0686633,-0.0057364,-0.0499285,-0.2440741,-0.8550363,-2.4100539
1.7819375,1.7819375,1.7911995,-0.0275989,-0.0215595,-0.0678786,-0.0056709,-0.0493579,-0.2412849,-0.8452668,-2.3825283
1.7869375,1.7869375,1.7961995,-0.0272842,-0.0213137,-0.0671046,-0.0056062,-0.0487950,-0.2385336,-0.8356298,-2.3553756
1.7919375,1.7919375,1.8011995,-0.0269737,-0.0210711,-0.0663410,-0.0055424,-0.0482398,-0.2358194,-0.8261232,-2.3285898
1.7969375,1.7969375,1.8061995,-0.0266674,-0.0208319,-0.0655877,-0.0054795,-0.0476921,-0.2331419,-0.8167448,-2.3021653
1.8019375,1.8019375,1.8111995,-0.0263653,-0.0205959,-0.0648446,-0.0054174,-0.0471517,-0.2305005,-0.8074928,-2.2760964
1.8069375,1.8069375,1.8161995,-0.0260672,-0.0203630,-0.0641115,-0.0053562,-0.0466186,-0.2278946,-0.7983651,-2.2503774
1.8119375,1.8119375,1.8211995,-0.0257731,-0.0201333,-0.0633882,-0.0052957,-0.0460927,-0.2253237,-0.7893597,-2.2250029
1.8169375,1.8169375,1.8261995,-0.0254830,-0.0199066,-0.0626746,-0.0052361,-0.0455738,-0.2227871,-0.7804748,-2.1999676
1.8219375,1.8219375,1.8311995,-0.0251967,-0.0196830,-0.0619705,-0.0051773,-0.0450618,-0.2202844,-0.7717085,-2.1752662
1.8269375,1.8269375,1.8361995,-0.0249142,-0.0194623,-0.0612758,-0.0051193,-0.0445566,-0.2178150,-0.7630589,-2.1508934
1.8319375,1.8319375,1.8411995,-0.0246355,-0.0192446,-0.0605903,-0.0050620,-0.0440582,-0.2153785,-0.7545242,-2.1268443
1.8369375,1.8369375,1.8461995,-0.0243605,-0.0190298,-0.0599139,-0.0050055,-0.0435664,-0.2129743,-0.7461027,-2.1031138
1.8419375,1.8419375,1.8511995,-0.0240891,-0.0188178,-0.0592465,-0.0049497,-0.0430810,-0.2106019,-0.7377927,-2.0796970
1.8469375,1.8469375,1.8561995,-0.0238213,-0.0186086,-0.0585879,-0.0048947,-0.0426021,-0.2082608,-0.7295923,-2.0565890
1.8519375,1.8519375,1.8611995,-0.0235571,-0.0184022,-0.0579379,-0.0048404,-0.0421295,-0.2059505,-0.7214999,-2.0337853
1.8569375,1.8569375,1.8661995,-0.0232963,-0.0181984,-0.0572965,-0.0047868,-0.0416631,-0.2036707,-0.7135139,-2.0112810
1.8619375,1.8619375,1.8711995,-0.0230389,-0.0179974,-0.0566635,-0.0047339,-0.0412028,-0.2014207,-0.7056326,-1.9890716
1.8669375,1.8669375,1.8761995,-0.0227849,-0.0177990,-0.0560388,-0.0046817,-0.0407486,-0.1992002,-0.6978544,-1.9671527
1.8719375,1.8719375,1.8811995,-0.0225342,-0.0176031,-0.0554223,-0.0046302,-0.0403003,-0.1970087,-0.6901778,-1.9455198
1.8769375,1.8769375,1.8861995,-0.0222868,-0.0174099,-0.0548138,-0.0045794,-0.0398578,-0.1948457,-0.6826012,-1.9241685
1.8819375,1.8819375,1.8911995,-0.0220426,-0.0172191,-0.0542132,-0.0045292,-0.0394211,-0.1927109,-0.6751231,-1.9030947
1.8869375,1.8869375,1.8961995,-0.0218016,-0.0170308,-0.0536204,-0.0044797,-0.0389900,-0.1906038,-0.6677421,-1.8822942
1.8919375,1.8919375,1.9011995,-0.0215637,-0.0168450,-0.0530353,-0.0044308,-0.0385646,-0.1885240,-0.6604566,-1.8617627
1.8969375,1.8969375,1.9061995,-0.0213289,-0.0166615,-0.0524578,-0.0043825,-0.0381446,-0.1864710,-0.6532652,-1.8414963
1.9019375,1.9019375,1.9111995,-0.0210971,-0.0164805,-0.0518876,-0.0043349,-0.0377301,-0.1844445,-0.6461665,-1.8214911
1.9069375,1.9069375,1.9161995,-0.0208682,-0.0163017,-0.0513249,-0.0042879,-0.0373208,-0.1824441,-0.6391592,-1.8017430
1.9119375,1.9119375,1.9211995,-0.0206424,-0.0161253,-0.0507693,-0.0042415,-0.0369169,-0.1804694,-0.6322418,-1.7822483
1.9169375,1.9169375,1.9261995,-0.0204194,-0.0159511,-0.0502209,-0.0041957,-0.0365181,-0.1785199,-0.6254130,-1.7630031
1.9219375,1.9219375,1.9311995,-0.0201992,-0.0157791,-0.0496795,-0.0041504,-0.0361244,-0.1765954,-0.6186714,-1.7440039
1.9269375,1.9269375,1.9361995,-0.0199819,-0.0156093,-0.0491450,-0.0041058,-0.0357357,-0.1746955,-0.6120159,-1.7252468
1.9319375,1.9319375,1.9411995,-0.0197674,-0.0154417,-0.0486173,-0.0040617,-0.0353520,-0.1728197,-0.6054451,-1.7067284
1.9369375,1.9369375,1.9461995,-0.0195555,-0.0152763,-0.0480963,-0.0040182,-0.0349732,-0.1709678,-0.5989578,-1.6884452
1.9419375,1.9419375,1.9511995,-0.0193464,-0.0151129,-0.0475819,-0.0039752,-0.0345991,-0.1691394,-0.5925527,-1.6703936
1.9469375,1.9469375,1.9561995,-0.0191399,-0.0149516,-0.0470740,-0.0039328,-0.0342298,-0.1673341,-0.5862287,-1.6525702
1.9519375,1.9519375,1.9611995,-0.0189360,-0.0147923,-0.0465725,-0.0038909,-0.0338652,-0.1655515,-0.5799845,-1.6349717
1.9569375,1.9569375,1.9661995,-0.0187347,-0.0146350,-0.0460774,-0.0038495,-0.0335051,-0.1637915,-0.5738189,-1.6175949
1.9619375,1.9619375,1.9711995,-0.0185359,-0.0144797,-0.0455885,-0.0038087,-0.0331496,-0.1620536,-0.5677309,-1.6004364
1.9669375,1.9669375,1.9761995,-0.0183396,-0.0143264,-0.0451057,-0.0037683,-0.0327986,-0.1603375,-0.5617192,-1.5834931
1.9719375,1.9719375,1.9811995,-0.0181457,-0.0141750,-0.0446290,-0.0037285,-0.0324519,-0.1586428,-0.5557829,-1.5667619
1.9769375,1.9769375,1.9861995,-0.0179543,-0.0140254,-0.0441582,-0.0036892,-0.0321096,-0.1569694,-0.5499207,-1.5502396
1.9819375,1.9819375,1.9911995,-0.0177653,-0.0138778,-0.0436933,-0.0036503,-0.0317715,-0.1553168,-0.5441316,-1.5339233
1.9869375,1.9869375,1.9961995,-0.0175786,-0.0137319,-0.0432342,-0.0036120,-0.0314377,-0.1536848,-0.5384146,-1.5178100
1.9919375,1.9919375,2.0011995,-0.0173943,-0.0135879,-0.0427807,-0.0035741,-0.0311080,-0.1520731,-0.5327685,-1.5018967
1.9969375,1.9969375,2.0061995,-0.0172122,-0.0134457,-0.0423329,-0.0035367,-0.0307824,-0.1504814,-0.5271925,-1.4861806
