# r[nm],d[nm],daligned[nm],UC(d)[kJ/mol],UK(d)[kJ/mol],UCl(d)[kJ/mol],UC2A(d)[kJ/mol],UC4A(d)[kJ/mol],UCPlus(d)[kJ/mol],UCMinus(d)[kJ/mol],UCMoreLJ(d)[kJ/mol],UCLessLJ(d)[kJ/mol]
-1.5180625,-1.5180625,-1.5088005,23242.9584004,13915.6042475,108712.0480847,823.1035470,75841.0546187,23242.9584004,23242.9584004,27399.7012518,17329.0926328
-1.5130625,-1.5130625,-1.5038005,23658.5488335,14167.0594496,110623.7580171,840.0207552,77175.7760383,23658.5488335,23658.5488335,27889.6153803,17638.9415336
-1.5080625,-1.5080625,-1.4988005,24930.2197098,14936.5062660,116473.2360411,891.7463784,81259.7824743,24930.2197098,24930.2197098,29388.7103536,18587.0524425
-1.5030625,-1.5030625,-1.4938005,27067.9949308,16230.0559469,126306.0300222,978.4310517,88124.8933291,27067.9949308,27067.9949308,31908.8027355,20180.8988107
-1.4980625,-1.4980625,-1.4888005,30085.7080626,18056.1520855,140184.8806021,1099.9486022,97814.9427296,30085.7080626,30085.7080626,35466.2000707,22430.7944349
-1.4930625,-1.4930625,-1.4838005,33931.4373939,20383.4133497,157870.5333037,1256.6695719,110162.9013370,33931.4373939,33931.4373939,39999.6950310,25298.0284020
-1.4880625,-1.4880625,-1.4788005,37140.6362079,22322.0238946,172670.8702170,1384.8541655,120494.9627130,37140.6362079,37140.6362079,43782.8231186,27690.6886894
-1.4830625,-1.4830625,-1.4738005,36760.5501083,22095.5209979,170880.3031082,1373.1107622,119246.2248494,36760.5501083,36760.5501083,43334.7628760,27407.3105103
-1.4780625,-1.4780625,-1.4688005,34759.7190717,20886.0372284,161662.7793911,1291.0718648,112811.1729179,34759.7190717,34759.7190717,40976.1056124,25915.5646758
-1.4730625,-1.4730625,-1.4638005,32116.8790322,19288.8349587,149483.1213803,1186.4986316,104308.3085149,32116.8790322,32116.8790322,37860.6232246,23945.1606046
-1.4680625,-1.4680625,-1.4588005,29543.3177512,17739.9279291,137544.6302019,1089.7289817,95976.4024649,29543.3177512,29543.3177512,34826.8093254,22026.4082209
-1.4630625,-1.4630625,-1.4538005,24380.5849344,14618.9062067,113763.1096838,880.9349488,79373.6726691,24380.5849344,24380.5849344,28740.7795530,18177.2650232
-1.4580625,-1.4580625,-1.4488005,19374.9918909,11600.0193069,90618.6652416,686.3437839,63218.5925251,19374.9918909,19374.9918909,22839.9922429,14445.2794456
-1.4530625,-1.4530625,-1.4438005,14820.9744934,8848.4547558,69623.2416941,502.4986880,48561.5309039,14820.9744934,14820.9744934,17471.5398265,11049.9720164
-1.4480625,-1.4480625,-1.4388005,11599.2326128,6901.0685260,54779.6266436,375.7725321,38198.7735596,11599.2326128,11599.2326128,13673.6254855,8647.9600812
-1.4430625,-1.4430625,-1.4338005,9465.2185093,5611.8584737,44939.0488386,291.4413241,31329.0631138,9465.2185093,9465.2185093,11157.9668547,7056.9178635
-1.4380625,-1.4380625,-1.4288005,8055.7743740,4760.8572622,38433.8653601,236.0123300,26787.9855544,8055.7743740,8055.7743740,9496.4594178,6006.0882935
-1.4330625,-1.4330625,-1.4238005,7136.5331721,4206.1431036,34187.4104349,200.1096931,23823.7850072,7136.5331721,7136.5331721,8412.8222199,5320.7359530
-1.4280625,-1.4280625,-1.4188005,6557.0150935,3856.6153206,31508.1119570,177.6342209,21953.5972292,6557.0150935,6557.0150935,7729.6638221,4888.6686450
-1.4230625,-1.4230625,-1.4138005,6223.2928110,3655.4231582,29964.1429082,164.7704236,20875.9204802,6223.2928110,6223.2928110,7336.2590461,4639.8576181
-1.4180625,-1.4180625,-1.4088005,6081.6975381,3570.0887201,29308.6922092,159.3389476,20418.4335642,6081.6975381,6081.6975381,7169.3410442,4534.2894044
-1.4130625,-1.4130625,-1.4038005,6109.8303148,3587.0585716,29438.7349943,160.4306978,20509.2060431,6109.8303148,6109.8303148,7202.5050530,4555.2641653
-1.4080625,-1.4080625,-1.3988005,6312.8813208,3709.4728412,30378.1486567,168.2558612,21164.9085948,6312.8813208,6312.8813208,7441.8694578,4706.6515072
-1.4030625,-1.4030625,-1.3938005,6724.4554225,3957.6655983,32281.4997009,184.1777403,22493.4572791,6724.4554225,6724.4554225,7927.0489790,5013.5059795
-1.3980625,-1.3980625,-1.3888005,7412.0845256,4372.5060090,35459.3290557,210.9381991,24711.6696653,7412.0845256,7412.0845256,8737.6528477,5526.1768805
-1.3930625,-1.3930625,-1.3838005,8488.6372178,5022.3143316,40430.4839596,253.1186393,28181.8070813,8488.6372178,8488.6372178,10006.7349343,6328.8148668
-1.3880625,-1.3880625,-1.3788005,10132.1896249,6014.9076204,48013.2472828,317.9114144,33475.2086602,10132.1896249,10132.1896249,11944.2182861,7554.1869308
-1.3830625,-1.3830625,-1.3738005,12618.9804913,7517.5788318,59476.4508256,416.1897489,41477.8118850,12618.9804913,12618.9804913,14875.7438536,9408.2464933
-1.3780625,-1.3780625,-1.3688005,16363.4853612,9781.0010284,76727.9834367,562.3387284,53521.6268482,16363.4853612,16363.4853612,19289.9114911,12200.0112350
-1.3730625,-1.3730625,-1.3638005,21482.1470590,12874.9696946,100311.4881837,768.2209685,69985.9488077,21482.1470590,21482.1470590,25323.9885183,16016.2966316
-1.3680625,-1.3680625,-1.3588005,25988.1189414,15589.3074625,121185.0371718,944.8101121,84554.6201948,25988.1189414,25988.1189414,30635.8030171,19375.7830964
-1.3630625,-1.3630625,-1.3538005,30431.0921290,18269.6979190,141718.1067843,1119.0982302,98887.2620783,30431.0921290,30431.0921290,35873.3522100,22688.3000578
-1.3580625,-1.3580625,-1.3488005,32753.1114123,19674.1748074,152405.1131993,1212.2799169,106348.5459056,32753.1114123,32753.1114123,38610.6386418,24419.5120043
-1.3530625,-1.3530625,-1.3438005,34774.7571541,20894.4422575,161740.3872248,1292.1897254,112865.0766260,34774.7571541,34774.7571541,40993.8330875,25926.7765155
-1.3480625,-1.3480625,-1.3388005,37474.7704109,22528.6678363,174153.5030485,1402.9926282,121531.9202241,37474.7704109,37474.7704109,44176.7134824,27939.8068290
-1.3430625,-1.3430625,-1.3338005,35615.1300864,21399.4767690,165647.8706118,1321.6743762,115591.8204765,35615.1300864,35615.1300864,41984.4973088,26553.3275826
-1.3380625,-1.3380625,-1.3288005,31423.6731807,18866.5620564,146328.9625072,1154.6693275,102104.9807341,31423.6731807,31423.6731807,37043.4452686,23428.3318857
-1.3330625,-1.3330625,-1.3238005,28003.7334548,16797.1134295,130599.6706428,1016.6987532,91122.9933969,28003.7334548,28003.7334548,33011.8876168,20878.5509461
-1.3280625,-1.3280625,-1.3188005,25441.4566801,15246.7079686,118814.2833522,913.2286143,82894.6135025,25441.4566801,25441.4566801,29991.3763315,18968.2118742
-1.3230625,-1.3230625,-1.3138005,23741.1093025,14217.8978479,110992.7818667,844.1932336,77433.7797490,23741.1093025,23741.1093025,27986.9408648,17700.4955746
-1.3180625,-1.3180625,-1.3088005,22889.4600723,13702.6161437,107075.0474871,809.5511068,74698.4935522,22889.4600723,22889.4600723,26982.9837060,17065.5373156
-1.3130625,-1.3130625,-1.3038005,22878.9630216,13696.2651607,107026.7573974,809.1240440,74664.7784087,22878.9630216,22878.9630216,26970.6093752,17057.7111017
-1.3080625,-1.3080625,-1.2988005,23709.5212658,14198.7858791,110847.4707840,842.9091160,77332.3263889,23709.5212658,23709.5212658,27949.7036614,17676.9446993
-1.3030625,-1.3030625,-1.2938005,25388.5088026,15214.6711717,118570.7287735,911.0829822,82724.5679227,25388.5088026,25388.5088026,29928.9593190,18928.7358893
-1.2980625,-1.2980625,-1.2888005,27929.0501608,16751.9227025,130256.1675043,1013.6941316,90883.1644011,27929.0501608,27929.0501608,32923.8480519,20822.8698363
-1.2930625,-1.2930625,-1.2838005,31329.3178273,18809.4634529,145895.0312896,1150.7936604,101802.0143828,31329.3178273,31329.3178273,36932.2155167,23357.9840138
-1.2880625,-1.2880625,-1.2788005,35541.8296046,21358.7787070,165266.2940022,1319.3246056,115326.8882386,35541.8296046,35541.8296046,41898.0878566,26498.6774466
-1.2830625,-1.2830625,-1.2738005,37570.0106056,22586.3251065,174591.2214742,1404.0586729,121837.5401570,37570.0106056,37570.0106056,44288.9863195,28010.8144059
-1.2780625,-1.2780625,-1.2688005,34818.5087693,20920.9166876,161941.6162739,1293.9967912,113005.5720447,34818.5087693,34818.5087693,41045.4091892,25959.3961063
-1.2730625,-1.2730625,-1.2638005,32832.9376878,19722.4786672,152772.2576358,1215.2558544,106604.8813735,32832.9376878,32832.9376878,38704.7409528,24479.0275315
-1.2680625,-1.2680625,-1.2588005,30470.0389930,18293.2477620,141897.4460943,1120.6543835,99012.4674178,30470.0389930,30470.0389930,35919.2642846,22717.3374033
-1.2630625,-1.2630625,-1.2538005,26104.8808287,15659.9473693,121722.2312346,949.6297556,84929.6763758,26104.8808287,26104.8808287,30773.4464605,19462.8364537
-1.2580625,-1.2580625,-1.2488005,21638.9046524,12969.8035627,101032.7306218,772.2316292,70489.5019603,21638.9046524,21638.9046524,25508.7804520,16133.1693123
-1.2530625,-1.2530625,-1.2438005,16476.3363210,9849.2453067,77247.5434101,566.7240881,53884.3593725,16476.3363210,16476.3363210,19422.9445814,12284.1487489
-1.2480625,-1.2480625,-1.2388005,12695.2567049,7563.6834684,59827.8877863,419.2003941,41723.1599484,12695.2567049,12695.2567049,14965.6612139,9465.1152253
-1.2430625,-1.2430625,-1.2338005,10182.6808278,6045.4111951,48246.0699728,319.9085551,33637.7424973,10182.6808278,10182.6808278,12003.7392752,7591.8313097
-1.2380625,-1.2380625,-1.2288005,8521.9156993,5042.4089422,40584.0592935,254.4290026,28289.0141423,8521.9156993,8521.9156993,10045.9648996,6353.6260754
-1.2330625,-1.2330625,-1.2238005,7433.6867523,4385.5441438,35559.0928585,211.7840575,24781.3098445,7433.6867523,7433.6867523,8763.1183907,5542.2827041
-1.2280625,-1.2280625,-1.2188005,6737.9332210,3965.7974461,32343.7765022,184.7031177,22536.9285288,6737.9332210,6737.9332210,7942.9371308,5023.5545290
-1.2230625,-1.2230625,-1.2138005,6320.4413538,3714.0339566,30413.0841897,168.5503712,21189.2946458,6320.4413538,6320.4413538,7450.7815180,4712.2879890
-1.2180625,-1.2180625,-1.2088005,6112.7135046,3588.7998719,29452.0363836,160.5447045,20518.4915434,6112.7135046,6112.7135046,7205.9038690,4557.4137652
-1.2130625,-1.2130625,-1.2038005,6080.3849425,3569.3012730,29302.5722990,159.2919579,20414.1634821,6080.3849425,6080.3849425,7167.7937055,4533.3107815
-1.2080625,-1.2080625,-1.1988005,6217.5835337,3651.9854046,29937.6776509,164.5542824,20857.4496601,6217.5835337,6217.5835337,7329.5287286,4635.6009916
-1.2030625,-1.2030625,-1.1938005,6545.9932079,3849.9730267,31457.0886792,177.2117514,21917.9844393,6545.9932079,6545.9932079,7716.6707956,4880.4511336
-1.1980625,-1.1980625,-1.1888005,7118.4165152,4195.2177124,34103.6342482,199.4085067,23765.3086230,7118.4165152,7118.4165152,8391.4656019,5307.2288418
-1.1930625,-1.1930625,-1.1838005,8027.6120688,4743.8625455,38303.7718058,234.9125925,26697.1747979,8027.6120688,8027.6120688,9463.2605996,5985.0915173
-1.1880625,-1.1880625,-1.1788005,9422.3691996,5585.9842370,44741.3110493,289.7554540,31191.0271752,9422.3691996,9422.3691996,11107.4544257,7024.9709984
-1.1830625,-1.1830625,-1.1738005,11534.5017755,6861.9575986,54481.1995821,373.2168116,37990.4393363,11534.5017755,11534.5017755,13597.3182627,8599.6991561
-1.1780625,-1.1780625,-1.1688005,14723.2005727,8789.3457473,69172.8799822,498.6963726,48247.1165475,14723.2005727,14723.2005727,17356.2801349,10977.0753869
-1.1730625,-1.1730625,-1.1638005,19242.5422413,11519.9128523,90008.9987972,680.8996290,62792.9477151,19242.5422413,19242.5422413,22683.8554565,14346.5298713
-1.1680625,-1.1680625,-1.1588005,24259.5818169,14545.7944750,113205.2592590,876.1994481,78984.2327577,24259.5818169,24259.5818169,28598.1363829,18087.0495612
-1.1630625,-1.1630625,-1.1538005,29389.7445020,17647.0017485,136838.2668304,1083.4572580,95483.2299155,29389.7445020,29389.7445020,34645.7712202,21911.9096698
-1.1580625,-1.1580625,-1.1488005,32055.0856619,19251.4591734,149198.7193711,1184.0170590,104109.7492640,32055.0856619,32055.0856619,37787.7788019,23899.0897465
-1.1530625,-1.1530625,-1.1438005,34693.0296396,20845.6881356,161355.9882817,1288.8485508,112596.9775835,34693.0296396,34693.0296396,40897.4895222,25865.8434946
-1.1480625,-1.1480625,-1.1388005,36689.1168836,22052.2900387,170551.8317192,1370.1735986,119016.8880382,36689.1168836,36689.1168836,43250.5546189,27354.0525323
-1.1430625,-1.1430625,-1.1338005,37191.1634045,22352.6173746,172903.0304688,1386.9478770,120657.0616074,37191.1634045,37191.1634045,43842.3865385,27728.3599039
-1.1380625,-1.1380625,-1.1288005,34038.3576445,20448.1269608,158362.1103374,1261.0563293,110506.1200350,34038.3576445,34038.3576445,40125.7367713,25377.7441979
-1.1330625,-1.1330625,-1.1238005,30172.5850934,18108.7318608,140584.3390781,1103.4405974,98093.8432494,30172.5850934,30172.5850934,35568.6140857,22495.5667452
-1.1280625,-1.1280625,-1.1188005,27132.6909794,16269.2106800,126603.5088179,981.0531608,88332.5917262,27132.6909794,27132.6909794,31985.0689480,20229.1337986
-1.1230625,-1.1230625,-1.1138005,24973.0951410,14962.4561427,116670.3667613,893.4953398,81397.4187734,24973.0951410,24973.0951410,29439.2535756,18619.0187828
-1.1180625,-1.1180625,-1.1088005,23679.9177844,14179.9960670,110721.9671275,840.8971727,77244.3467898,23679.9177844,23679.9177844,27914.8059288,17654.8734353
-1.1130625,-1.1130625,-1.1038005,23243.0002149,13915.6369123,108712.1509204,823.1121336,75841.1293960,23243.0002149,23243.0002149,27399.7505443,17329.1238081
-1.1080625,-1.1080625,-1.0988005,23658.5918746,14167.0930726,110623.8638695,840.0295939,77175.8530092,23658.5918746,23658.5918746,27889.6661188,17638.9736234
-1.1030625,-1.1030625,-1.0938005,24930.2639925,14936.5408590,116473.3449469,891.7554661,81259.8616655,24930.2639925,24930.2639925,29388.7625558,18587.0854580
-1.0980625,-1.0980625,-1.0888005,27068.0404706,16230.0915219,126306.1420196,978.4403509,88124.9747684,27068.0404706,27068.0404706,31908.8564196,20180.9327635
-1.0930625,-1.0930625,-1.0838005,30085.7548755,18056.1886551,140184.9957303,1099.9580337,97815.0264455,30085.7548755,30085.7548755,35466.2552556,22430.8293369
-1.0880625,-1.0880625,-1.0788005,33931.4837668,20383.4495756,157870.6473497,1256.6791537,110162.9842660,33931.4837668,33931.4837668,39999.7496973,25298.0629760
-1.0830625,-1.0830625,-1.0738005,37140.6850910,22322.0620814,172670.9904363,1384.8642107,120495.0501309,37140.6850910,37140.6850910,43782.8807439,27690.7251349
-1.0780625,-1.0780625,-1.0688005,36760.5994262,22095.5595243,170880.4243965,1373.1208967,119246.3130447,36760.5994262,36760.5994262,43334.8210139,27407.3472799
-1.0730625,-1.0730625,-1.0638005,34759.7711258,20886.0778923,161662.9074087,1291.0824504,112811.2660063,34759.7711258,34759.7711258,40976.1669758,25915.6034854
-1.0680625,-1.0680625,-1.0588005,32116.9300960,19288.8748490,149483.2469621,1186.5091252,104308.3998322,32116.9300960,32116.9300960,37860.6834206,23945.1986759
-1.0630625,-1.0630625,-1.0538005,29543.3723617,17739.9705901,137544.7645064,1089.7402037,95976.5001248,29543.3723617,29543.3723617,34826.8737024,22026.4489365
-1.0580625,-1.0580625,-1.0488005,24380.6403023,14618.9494593,113763.2458506,880.9463498,79373.7716834,24380.6403023,24380.6403023,28740.8448228,18177.3063035
-1.0530625,-1.0530625,-1.0438005,19375.0483296,11600.0633961,90618.8040418,686.3554014,63218.6934542,19375.0483296,19375.0483296,22840.0587750,14445.3215242
-1.0480625,-1.0480625,-1.0388005,14821.0303940,8848.4984247,69623.3791704,502.5104615,48561.6308704,14821.0303940,14821.0303940,17471.6057243,11050.0136939
-1.0430625,-1.0430625,-1.0338005,11599.2899089,6901.1132849,54779.7675516,375.7844252,38198.8760214,11599.2899089,11599.2899089,13673.6930283,8648.0027990
-1.0380625,-1.0380625,-1.0288005,9465.2772224,5611.9043397,44939.1932315,291.4534475,31329.1681097,9465.2772224,9465.2772224,11158.0360681,7056.9616379
-1.0330625,-1.0330625,-1.0238005,8055.8345267,4760.9042527,38434.0132929,236.0247258,26788.0931243,8055.8345267,8055.8345267,9496.5303281,6006.1331411
-1.0280625,-1.0280625,-1.0188005,7136.5947872,4206.1912366,34187.5619642,200.1223789,23823.8951924,7136.5947872,7136.5947872,8412.8948543,5320.7818910
-1.0230625,-1.0230625,-1.0138005,6557.0781948,3856.6646147,31508.2671410,177.6472070,21953.7100720,6557.0781948,6557.0781948,7729.7382083,4888.7156910
-1.0180625,-1.0180625,-1.0088005,6223.3574228,3655.4736322,29964.3018068,164.7837177,20876.0360240,6223.3574228,6223.3574228,7336.3352130,4639.9057903
-1.0130625,-1.0130625,-1.0038005,6081.7636855,3570.1403937,29308.8548839,159.3525565,20418.5518539,6081.7636855,6081.7636855,7169.4190213,4534.3387215
-1.0080625,-1.0080625,-0.9988005,6109.8980236,3587.1114650,29438.9015085,160.4446282,20509.3271248,6109.8980236,6109.8980236,7202.5848707,4555.3146464
-1.0030625,-1.0030625,-0.9938005,6312.9506174,3709.5269750,30378.3190756,168.2701202,21165.0325158,6312.9506174,6312.9506174,7441.9511472,4706.7031722
-0.9980625,-0.9980625,-0.9888005,6724.5263341,3957.7209938,32281.6740914,184.1923357,22493.5840880,6724.5263341,6724.5263341,7927.1325723,5013.5588485
-0.9930625,-0.9930625,-0.9838005,7412.1570803,4372.5626881,35459.5074867,210.9531411,24711.7994123,7412.1570803,7412.1570803,8737.7383779,5526.2309746
-0.9880625,-0.9880625,-0.9788005,8488.7114444,5022.3723167,40430.6665019,253.1339437,28181.9398179,8488.7114444,8488.7114444,10006.8224355,6328.8702074
-0.9830625,-0.9830625,-0.9738005,10132.2655530,6014.9669347,48013.4340092,317.9271133,33475.3444393,10132.2655530,10132.2655530,11944.3077930,7554.2435400
-0.9780625,-0.9780625,-0.9688005,12619.0581514,7517.6394992,59476.6418110,416.2059280,41477.9507611,12619.0581514,12619.0581514,14875.8354023,9408.3043938
-0.9730625,-0.9730625,-0.9638005,16363.5667992,9781.0646472,76728.1837132,562.3555550,53521.7724803,16363.5667992,16363.5667992,19290.0074934,12200.0719522
-0.9680625,-0.9680625,-0.9588005,21482.2309328,12875.0352161,100311.6944499,768.2382842,69986.0987954,21482.2309328,21482.2309328,25324.0873920,16016.3591648
-0.9630625,-0.9630625,-0.9538005,25988.2060658,15589.3755235,121185.2514322,944.8280045,84554.7759954,25988.2060658,25988.2060658,30635.9057228,19375.8480532
-0.9580625,-0.9580625,-0.9488005,30431.1778716,18269.7649004,141718.3176452,1119.1158506,98887.4154070,30431.1778716,30431.1778716,35873.4532867,22688.3639843
-0.9530625,-0.9530625,-0.9438005,32753.1990796,19674.2432925,152405.3287931,1212.2980393,106348.7026759,32753.1990796,32753.1990796,38610.7419874,24419.5773658
-0.9480625,-0.9480625,-0.9388005,34774.8481724,20894.5133603,161740.6110592,1292.2084303,112865.2393885,34774.8481724,34774.8481724,40993.9403833,25926.8443753
-0.9430625,-0.9430625,-0.9338005,37474.8634383,22528.7405088,174153.7318234,1403.0117944,121532.0865792,37474.8634383,37474.8634383,44176.8231467,27939.8761868
-0.9380625,-0.9380625,-0.9288005,35615.2266637,21399.5522146,165648.1081163,1321.6942169,115591.9931794,35615.2266637,35615.2266637,41984.6111578,26553.3995870
-0.9330625,-0.9330625,-0.9238005,31423.7696504,18866.6374180,146329.1997462,1154.6893215,102105.1532440,31423.7696504,31423.7696504,37043.5589907,23428.4038099
-0.9280625,-0.9280625,-0.9188005,28003.8352240,16797.1929310,130599.9209145,1016.7194316,91123.1753836,28003.8352240,28003.8352240,33012.0075863,20878.6268215
-0.9230625,-0.9230625,-0.9138005,25441.5606573,15246.7891951,118814.5390535,913.2499218,82894.7994374,25441.5606573,25441.5606573,29991.4989039,18968.2893958
-0.9180625,-0.9180625,-0.9088005,23741.2155309,14217.9808330,110993.0431033,844.2150466,77433.9697089,23741.2155309,23741.2155309,27987.0660909,17700.5747746
-0.9130625,-0.9130625,-0.9038005,22889.5685960,13702.7009220,107075.3143676,809.5733942,74698.6876162,22889.5685960,22889.5685960,26983.1116379,17065.6182269
-0.9080625,-0.9080625,-0.8988005,22879.0738860,13696.3517677,107027.0300337,809.1468123,74664.9766581,22879.0738860,22879.0738860,26970.7400665,17057.7937581
-0.9030625,-0.9030625,-0.8938005,23709.6345177,14198.8743512,110847.7492908,842.9323719,77332.5289071,23709.6345177,23709.6345177,27949.8371671,17677.0291358
-0.8980625,-0.8980625,-0.8888005,25388.6244900,15214.7615465,118571.0132689,911.1066943,82724.7747956,25388.6244900,25388.6244900,29929.0956959,18928.8221416
-0.8930625,-0.8930625,-0.8838005,27929.1683331,16752.0150186,130256.4581097,1013.7181620,90883.3757170,27929.1683331,27929.1683331,32923.9873580,20822.9579412
-0.8880625,-0.8880625,-0.8788005,31329.4349421,18809.5549429,145895.3192926,1150.8179282,101802.2238065,31329.4349421,31329.4349421,36932.3535762,23358.0713303
-0.8830625,-0.8830625,-0.8738005,35541.9492536,21358.8721768,165266.5882362,1319.3496642,115327.1021932,35541.9492536,35541.9492536,41898.2289035,26498.7666524
-0.8780625,-0.8780625,-0.8688005,37570.1336622,22586.4212384,174591.5240874,1404.0842322,121837.7602047,37570.1336622,37570.1336622,44289.1313834,28010.9061524
-0.8730625,-0.8730625,-0.8638005,34818.6344804,20921.0148933,161941.9254139,1294.0226269,113005.7968385,34818.6344804,34818.6344804,41045.5573823,25959.4898318
-0.8680625,-0.8680625,-0.8588005,32833.0643109,19722.5775855,152772.5690170,1215.2821018,106605.1077971,32833.0643109,32833.0643109,38704.8902211,24479.1219371
-0.8630625,-0.8630625,-0.8538005,30470.1683372,18293.3488060,141897.7641657,1120.6809657,99012.6987063,30470.1683372,30470.1683372,35919.4167605,22717.4338376
-0.8580625,-0.8580625,-0.8488005,26105.0174887,15660.0541285,121722.5672968,949.6578278,84929.9207464,26105.0174887,26105.0174887,30773.6075607,19462.9383424
-0.8530625,-0.8530625,-0.8438005,21639.0423190,12969.9111084,101033.0691574,772.2600463,70489.7481296,21639.0423190,21639.0423190,25508.9427387,16133.2719514
-0.8480625,-0.8480625,-0.8388005,16476.4760471,9849.3544614,77247.8870087,566.7529493,53884.6092236,16476.4760471,16476.4760471,19423.1092959,12284.2529235
-0.8430625,-0.8430625,-0.8338005,12695.3964258,7563.7926192,59828.2313698,419.2294523,41723.4097886,12695.3964258,12695.3964258,14965.8259223,9465.2193960
-0.8380625,-0.8380625,-0.8288005,10182.8235869,6045.5227196,48246.4210262,319.9380480,33637.9977693,10182.8235869,10182.8235869,12003.9075653,7591.9377457
-0.8330625,-0.8330625,-0.8238005,8522.0615650,5042.5228936,40584.4179846,254.4590646,28289.2749683,8522.0615650,8522.0615650,10046.1368517,6353.7348274
-0.8280625,-0.8280625,-0.8188005,7433.8357948,4385.6605771,35559.4593600,211.8147431,24781.5763500,7433.8357948,7433.8357948,8763.2940878,5542.3938247
-0.8230625,-0.8230625,-0.8138005,6738.0855126,3965.9164178,32344.1509918,184.7344572,22537.2008430,6738.0855126,6738.0855126,7943.1166581,5023.6680720
-0.8180625,-0.8180625,-0.8088005,6320.5969690,3714.1555249,30413.4668504,168.5823869,21189.5729018,6320.5969690,6320.5969690,7450.9649632,4712.4040100
-0.8130625,-0.8130625,-0.8038005,6112.8725200,3588.9240966,29452.4274036,160.5774161,20518.7758781,6112.8725200,6112.8725200,7206.0913225,4557.5323213
-0.8080625,-0.8080625,-0.7988005,6080.5474369,3569.4282157,29302.9718720,159.3253844,20414.4540364,6080.5474369,6080.5474369,7167.9852603,4533.4319314
-0.8030625,-0.8030625,-0.7938005,6217.7495885,3652.1151288,29938.0859766,164.5884432,20857.7465791,6217.7495885,6217.7495885,7329.7244803,4635.7247958
-0.7980625,-0.7980625,-0.7888005,6546.1629064,3850.1055976,31457.5059629,177.2466672,21918.2878723,6546.1629064,6546.1629064,7716.8708429,4880.5776546
-0.7930625,-0.7930625,-0.7838005,7118.5899437,4195.3531974,34104.0607014,199.4442013,23765.6187239,7118.5899437,7118.5899437,8391.6700461,5307.3581436
-0.7880625,-0.7880625,-0.7788005,8027.7893157,4744.0010138,38304.2076462,234.9490964,26697.4917251,8027.7893157,8027.7893157,9463.4695452,5985.2236661
-0.7830625,-0.7830625,-0.7738005,9422.5503564,5586.1257599,44741.7565014,289.7928163,31191.3510917,9422.5503564,9422.5503564,11107.6679804,7025.1060622
-0.7780625,-0.7780625,-0.7688005,11534.6869362,6862.1022496,54481.6548768,373.2551402,37990.7704102,11534.6869362,11534.6869362,13597.5365373,8599.8372050
-0.7730625,-0.7730625,-0.7638005,14723.3898341,8789.4936021,69173.3453574,498.7359508,48247.4549517,14723.3898341,14723.3898341,17356.5032436,10977.2164932
-0.7680625,-0.7680625,-0.7588005,19242.7405598,11520.0677827,90009.4864425,680.9404369,62793.3023133,19242.7405598,19242.7405598,22684.0892421,14346.6777303
-0.7630625,-0.7630625,-0.7538005,24259.7853189,14545.9534551,113205.7596473,876.2413245,78984.5966224,24259.7853189,24259.7853189,28598.3762789,18087.2012848
-0.7580625,-0.7580625,-0.7488005,29389.9541347,17647.1655182,136838.7822911,1083.5003433,95483.6047404,29389.9541347,29389.9541347,34646.0183434,21912.0659642
-0.7530625,-0.7530625,-0.7438005,32055.2939064,19251.6218591,149199.2314115,1184.0598619,104110.1216023,32055.2939064,32055.2939064,37788.0242886,23899.2450059
-0.7480625,-0.7480625,-0.7388005,34693.2491093,20845.8595908,161356.5279235,1288.8934567,112597.3699925,34693.2491093,34693.2491093,40897.7482416,25866.0071231
-0.7430625,-0.7430625,-0.7338005,36689.3371270,22052.4620988,170552.3732572,1370.2188672,119017.2818264,36689.3371270,36689.3371270,43250.8142503,27354.2167376
-0.7380625,-0.7380625,-0.7288005,37191.3911846,22352.7953228,172903.5905358,1386.9946947,120657.4688695,37191.3911846,37191.3911846,43842.6550545,27728.5297283
-0.7330625,-0.7330625,-0.7238005,34038.5866315,20448.3058524,158362.6733653,1261.1035566,110506.5294506,34038.5866315,34038.5866315,40126.0067100,25377.9149222
-0.7280625,-0.7280625,-0.7188005,30172.8247704,18108.9191038,140584.9283895,1103.4892324,98094.2717776,30172.8247704,30172.8247704,35568.8966263,22495.7454396
-0.7230625,-0.7230625,-0.7138005,27132.9360147,16269.4021095,126604.1112994,981.1033169,88333.0298315,27132.9360147,27132.9360147,31985.3578051,20229.3164879
-0.7180625,-0.7180625,-0.7088005,24973.3456708,14962.6518650,116670.9827474,893.5467887,81397.8666991,24973.3456708,24973.3456708,29439.5489098,18619.2055686
-0.7130625,-0.7130625,-0.7038005,23680.1739491,14180.1961920,110722.5969634,840.9498023,77244.8047870,23680.1739491,23680.1739491,27915.1079058,17655.0644223
-0.7080625,-0.7080625,-0.6988005,23243.2621596,13915.8415533,108712.7949621,823.1659509,75841.5977235,23243.2621596,23243.2621596,27400.0593349,17329.3191044
-0.7030625,-0.7030625,-0.6938005,23658.8597488,14167.3023464,110624.5224842,840.0846305,77176.3319341,23658.8597488,23658.8597488,27889.9818994,17639.1733406
-0.6980625,-0.6980625,-0.6888005,24930.5379506,14936.7548862,116474.0185138,891.8117314,81260.3514636,24930.5379506,24930.5379506,29389.0855082,18587.2897111
-0.6930625,-0.6930625,-0.6838005,27068.3206718,16230.3104270,126306.8309298,978.4977298,88125.4757241,27068.3206718,27068.3206718,31909.1867317,20181.1416712
-0.6880625,-0.6880625,-0.6788005,30086.0414843,18056.4125666,140185.7003875,1100.0162668,97815.5388524,30086.0414843,30086.0414843,35466.5931211,22431.0430218
-0.6830625,-0.6830625,-0.6738005,33931.7707752,20383.6738003,157871.3529775,1256.7383393,110163.4973794,33931.7707752,33931.7707752,40000.0880339,25298.2769589
-0.6780625,-0.6780625,-0.6688005,37140.9832148,22322.2949903,172671.7233882,1384.9254932,120495.5831138,37140.9832148,37140.9832148,43783.2321837,27690.9474049
-0.6730625,-0.6730625,-0.6638005,36760.9013971,22095.7954397,170881.1667967,1373.1829710,119246.8528988,36760.9013971,36760.9013971,43335.1769889,27407.5724183
-0.6680625,-0.6680625,-0.6588005,34760.0850520,20886.3231482,161663.6791974,1291.1465990,112811.8272313,34760.0850520,34760.0850520,40976.5370443,25915.8375372
-0.6630625,-0.6630625,-0.6538005,32117.2432234,19289.1194820,149484.0167710,1186.5734965,104308.9596185,32117.2432234,32117.2432234,37861.0525473,23945.4321322
-0.6580625,-0.6580625,-0.6488005,29543.7005022,17740.2269522,137545.5712224,1089.8076569,95977.0867492,29543.7005022,29543.7005022,34827.2605271,22026.6935859
-0.6530625,-0.6530625,-0.6438005,24380.9741046,14619.2102458,113764.0664746,881.0150375,79374.3684220,24380.9741046,24380.9741046,28741.2383220,18177.5551742
-0.6480625,-0.6480625,-0.6388005,19375.3888912,11600.3294642,90619.6412720,686.4254740,63219.3022691,19375.3888912,19375.3888912,22840.4602422,14445.5754344
-0.6430625,-0.6430625,-0.6338005,14821.3723711,8848.7656001,69624.2198637,502.5817289,48562.2422046,14821.3723711,14821.3723711,17472.0088602,11050.2686594
-0.6380625,-0.6380625,-0.6288005,11599.6401393,6901.3869093,54780.6285235,375.8568223,38199.5021025,11599.6401393,11599.6401393,13674.1058934,8648.2639179
-0.6330625,-0.6330625,-0.6238005,9465.6359405,5612.1845961,44940.0750574,291.5273860,31329.8093561,9465.6359405,9465.6359405,11158.4589389,7057.2290849
-0.6280625,-0.6280625,-0.6188005,8056.2019748,4761.1913307,38434.9165681,236.1003812,26788.7499689,8056.2019748,8056.2019748,9496.9634903,6006.4070970
-0.6230625,-0.6230625,-0.6138005,7136.9712162,4206.4853321,34188.4873042,200.1998466,23824.5680829,7136.9712162,7136.9712162,8413.3386034,5321.0625426
-0.6180625,-0.6180625,-0.6088005,6557.4638641,3856.9659304,31509.2151828,177.7265583,21954.3994716,6557.4638641,6557.4638641,7730.1928503,4889.0032318
-0.6130625,-0.6130625,-0.6038005,6223.7526009,3655.7823781,29965.2732096,164.8650168,20876.7424122,6223.7526009,6223.7526009,7336.8010643,4640.2004205
-0.6080625,-0.6080625,-0.5988005,6082.1686502,3570.4567868,29309.8503300,159.4358660,20419.2757267,6082.1686502,6082.1686502,7169.8964094,4534.6406482
-0.6030625,-0.6030625,-0.5938005,6110.3130626,3587.4357302,29439.9217041,160.5300118,20510.0689960,6110.3130626,6110.3130626,7203.0741348,4555.6240842
-0.5980625,-0.5980625,-0.5888005,6313.3760286,3709.8593451,30379.3647521,168.3576440,21165.7929172,6313.3760286,6313.3760286,7442.4526385,4707.0203431
-0.5930625,-0.5930625,-0.5838005,6724.9624260,3958.0617098,32282.7460062,184.2820705,22494.3635705,6724.9624260,6724.9624260,7927.6466544,5013.8839826
-0.5880625,-0.5880625,-0.5788005,7412.6041724,4372.9119998,35460.6064242,211.0451661,24712.5985465,7412.6041724,7412.6041724,8738.2654274,5526.5643099
-0.5830625,-0.5830625,-0.5738005,8489.1698675,5022.7304827,40431.7932752,253.2283567,28182.7591948,8489.1698675,8489.1698675,10007.3628425,6329.2119908
-0.5780625,-0.5780625,-0.5688005,10132.7356503,6015.3342230,48014.5894604,318.0240630,33476.1846714,10132.7356503,10132.7356503,11944.8619619,7554.5940272
-0.5730625,-0.5730625,-0.5638005,12619.5402782,7518.0161875,59477.8268132,416.3057261,41478.8124835,12619.5402782,12619.5402782,14876.4037521,9408.6638498
-0.5680625,-0.5680625,-0.5588005,16364.0673500,9781.4557309,76729.4139915,562.4587668,53522.6671275,16364.0673500,16364.0673500,19290.5975621,12200.4451444
-0.5630625,-0.5630625,-0.5538005,21482.7463208,12875.4378934,100312.9611817,768.3444912,69987.0199521,21482.7463208,21482.7463208,25324.6949513,16016.7434190
-0.5580625,-0.5580625,-0.5488005,25988.7386463,15589.7916344,121186.5604067,944.9374792,84555.7278715,25988.7386463,25988.7386463,30636.5335493,19376.2451256
-0.5530625,-0.5530625,-0.5438005,30431.7145294,18270.1842000,141719.6366048,1119.2262042,98888.3745465,30431.7145294,30431.7145294,35874.0859197,22688.7640966
-0.5480625,-0.5480625,-0.5388005,32753.7499477,19674.6736963,152406.6826610,1212.4115997,106349.6872015,32753.7499477,32753.7499477,38611.3913721,24419.9880728
-0.5430625,-0.5430625,-0.5338005,34775.4175578,20894.9582329,161742.0104255,1292.3255194,112866.2570010,34775.4175578,34775.4175578,40994.6115969,25927.2688881
-0.5380625,-0.5380625,-0.5288005,37475.4478191,22529.1970989,174155.1680281,1403.1320994,121533.1309814,37475.4478191,37475.4478191,44177.5120375,27940.3118796
-0.5330625,-0.5330625,-0.5238005,35615.8308446,21400.0242760,165649.5929696,1321.8184193,115593.0729595,35615.8308446,35615.8308446,41985.3233897,26553.8500420
-0.5280625,-0.5280625,-0.5188005,31424.3834950,18867.1170325,146330.7083184,1154.8160272,102106.2502743,31424.3834950,31424.3834950,37044.2826146,23428.8614698
-0.5230625,-0.5230625,-0.5138005,28004.4743842,16797.6923252,130601.4917046,1016.8502093,91124.3176585,28004.4743842,28004.4743842,33012.7610532,20879.1033558
-0.5180625,-0.5180625,-0.5088005,25442.2169116,15247.3019462,118816.1518432,913.3846993,82895.9722549,25442.2169116,25442.2169116,29992.2725219,18968.7786748
-0.5130625,-0.5130625,-0.5038005,23741.8894360,14218.5073758,110994.6992640,844.3535715,77435.1740663,23741.8894360,23741.8894360,27987.8605165,17701.0772134
-0.5080625,-0.5080625,-0.4988005,22890.2607309,13703.2417086,107077.0153257,809.7156756,74699.9245503,22890.2607309,22890.2607309,26983.9275534,17066.1342571
-0.5030625,-0.5030625,-0.4938005,22879.7848526,13696.9072679,107028.7772729,809.2929654,74666.2472476,22879.7848526,22879.7848526,26971.5781815,17058.3238286
-0.4980625,-0.4980625,-0.4888005,23710.3649419,14199.4450537,110849.5443554,843.0825174,77333.8342747,23710.3649419,23710.3649419,27950.6982195,17677.5737131
-0.4930625,-0.4930625,-0.4838005,25389.3750231,15215.3479594,118572.8577668,911.2608550,82726.1161101,25389.3750231,25389.3750231,29929.9804533,18929.3817114
-0.4880625,-0.4880625,-0.4788005,27929.9396527,16752.6176707,130258.3537155,1013.8760839,90884.7541956,27929.9396527,27929.9396527,32924.8966195,20823.5330086
-0.4830625,-0.4830625,-0.4738005,31330.2181268,18810.1668641,145897.2440752,1150.9795180,101803.6235013,31330.2181268,31330.2181268,36933.2768247,23358.6552439
-0.4780625,-0.4780625,-0.4688005,35542.7545631,21359.5013808,165268.5674406,1319.5165281,115328.5414605,35542.7545631,35542.7545631,41899.1782336,26499.3670615
-0.4730625,-0.4730625,-0.4638005,37570.9641554,22587.0701199,174593.5651733,1404.2557163,121839.2444726,37570.9641554,37570.9641554,44290.1104010,28011.5253375
-0.4680625,-0.4680625,-0.4588005,34819.4886894,20921.6822988,161944.0248533,1294.1982863,113007.3235365,34819.4886894,34819.4886894,41046.5643570,25960.1266986
-0.4630625,-0.4630625,-0.4538005,32833.9384280,19723.2605424,152774.7174239,1215.4623925,106606.6701016,32833.9384280,32833.9384280,38705.9206642,24479.7736465
-0.4580625,-0.4580625,-0.4488005,30471.0674953,18294.0513194,141899.9742200,1120.8658532,99014.3058340,30471.0674953,30471.0674953,35920.4767230,22718.1042167
-0.4530625,-0.4530625,-0.4438005,26105.9549130,15660.7865354,121724.8714525,949.8505353,84931.5963008,26105.9549130,26105.9549130,30774.7126327,19463.6372513
-0.4480625,-0.4480625,-0.4388005,21640.0022101,12970.6610678,101035.4285454,772.4577240,70491.4638476,21640.0022101,21640.0022101,25510.0742956,16133.9876109
-0.4430625,-0.4430625,-0.4338005,16477.4615504,9850.1244216,77250.3094720,566.9559910,53886.3708016,16477.4615504,16477.4615504,19424.2710455,12284.9876784
-0.4380625,-0.4380625,-0.4288005,12696.4033062,7564.5792670,59830.7065505,419.4373685,41725.2096913,12696.4033062,12696.4033062,14967.0128719,9465.9700889
-0.4330625,-0.4330625,-0.4238005,10183.8607501,6046.3330078,48248.9708763,320.1516697,33639.8519561,10183.8607501,10183.8607501,12005.1302134,7592.7110162
-0.4280625,-0.4280625,-0.4188005,8523.1301378,5043.3576983,40587.0453292,254.6789386,28291.1854900,8523.1301378,8523.1301378,10047.3965269,6354.5315160
-0.4230625,-0.4230625,-0.4138005,7434.9369569,4386.5208144,35562.1671632,212.0412130,24783.5453581,7434.9369569,7434.9369569,8764.5921804,5543.2148105
-0.4180625,-0.4180625,-0.4088005,6739.2204990,3966.8030463,32346.9423667,184.9678116,22539.2305965,6739.2204990,6739.2204990,7944.4546241,5024.5142760
-0.4130625,-0.4130625,-0.4038005,6321.7670740,3715.0695484,30416.3450693,168.8229037,21191.6657746,6321.7670740,6321.7670740,7452.3443284,4713.2763971
-0.4080625,-0.4080625,-0.3988005,6114.0791009,3589.8665667,29455.3959101,160.8253764,20520.9343676,6114.0791009,6114.0791009,7207.5136869,4558.4319035
-0.4030625,-0.4030625,-0.3938005,6081.7919180,3570.4002348,29306.0342939,159.5810787,20416.6807728,6081.7919180,6081.7919180,7169.4523028,4534.3597706
-0.3980625,-0.3980625,-0.3888005,6219.0334658,3653.1178533,29941.2461403,164.8521748,20860.0443357,6219.0334658,6219.0334658,7331.2379647,4636.6820074
-0.3930625,-0.3930625,-0.3838005,6547.4877527,3851.1402419,31460.7679099,177.5187550,21920.6595770,6547.4877527,6547.4877527,7718.4326230,4881.5654110
-0.3880625,-0.3880625,-0.3788005,7119.9574136,4196.4210374,34107.4287062,199.7249849,23768.0674722,7119.9574136,7119.9574136,8393.2820727,5308.3776788
-0.3830625,-0.3830625,-0.3738005,8029.2011525,4745.1033913,38307.6862366,235.2389467,26700.0207944,8029.2011525,8029.2011525,9465.1338733,5986.2762796
-0.3780625,-0.3780625,-0.3688005,9424.0083981,5587.2640875,44745.3504814,290.0921655,31193.9639576,9424.0083981,9424.0083981,11109.3867766,7026.1931244
-0.3730625,-0.3730625,-0.3638005,11536.1931234,6863.2780158,54485.3693525,373.5645830,37993.4707649,11536.1931234,11536.1931234,13599.3120893,8600.9601627
-0.3680625,-0.3680625,-0.3588005,14724.9462183,8790.7083771,69177.1857663,499.0565369,48250.2467246,14724.9462183,14724.9462183,17358.3379697,10978.3768758
-0.3630625,-0.3630625,-0.3538005,19244.3617699,11521.3329037,90013.4898642,681.2724850,62796.2123983,19244.3617699,19244.3617699,22686.0003874,14347.8864447
-0.3580625,-0.3580625,-0.3488005,24261.4636163,14547.2626453,113209.9098666,876.5846057,78987.6130533,24261.4636163,24261.4636163,28600.3547210,18088.4525614
-0.3530625,-0.3530625,-0.3438005,29391.6939571,17648.5222783,136843.0898063,1083.8556637,95486.7351769,29391.6939571,29391.6939571,34648.0693135,21913.3631116
-0.3480625,-0.3480625,-0.3388005,32057.0796487,19253.0135477,149203.6633254,1184.4237940,104113.3417818,32057.0796487,32057.0796487,37790.1293910,23900.5763896
-0.3430625,-0.3430625,-0.3338005,34695.1145638,20847.3126985,161361.1662161,1289.2723953,112600.7395973,34695.1145638,34695.1145638,40899.9473117,25867.3979372
-0.3380625,-0.3380625,-0.3288005,36691.2594639,22053.9586027,170557.1640768,1370.6090825,119020.7615552,36691.2594639,36691.2594639,43253.0803757,27355.6499611
-0.3330625,-0.3330625,-0.3238005,37193.3919679,22354.3511667,172908.5978737,1387.3991979,120661.1045715,37193.3919679,37193.3919679,43845.0136555,27730.0214385
-0.3280625,-0.3280625,-0.3188005,34040.6534702,20449.9113290,158367.8670834,1261.5202228,110510.2991899,34040.6534702,34040.6534702,40128.4431797,25379.4558809
-0.3230625,-0.3230625,-0.3138005,30174.9842493,18110.5950451,140590.3730862,1103.9212047,98098.2225759,30174.9842493,30174.9842493,35571.4423038,22497.3554674
-0.3180625,-0.3180625,-0.3088005,27135.1795796,16271.1414674,126609.7903821,981.5514300,88337.1493467,27135.1795796,27135.1795796,31988.0026065,20230.9892072
-0.3130625,-0.3130625,-0.3038005,24975.6787596,14964.4584207,116676.9152633,894.0111186,81402.1684282,24975.6787596,24975.6787596,29442.2992454,18620.9450336
-0.3080625,-0.3080625,-0.2988005,23682.6026695,14182.0741508,110728.8048114,841.4307441,77249.3042257,23682.6026695,23682.6026695,27917.9709755,17656.8751866
-0.3030625,-0.3030625,-0.2938005,23245.7934154,13917.7956213,108719.3034707,823.6642278,75846.3127697,23245.7934154,23245.7934154,27403.0432775,17331.2063154
-0.2980625,-0.2980625,-0.2888005,23661.5013952,14169.3378250,110631.3611199,840.6010773,77181.2833826,23661.5013952,23661.5013952,27893.0959746,17641.1428547
-0.2930625,-0.2930625,-0.2838005,24933.2989836,14938.8777869,116481.2217516,892.3471938,81265.5636142,24933.2989836,24933.2989836,29392.3403211,18589.3482355
-0.2880625,-0.2880625,-0.2788005,27071.2114621,16232.5276126,126314.4393262,979.0528373,88130.9771305,27071.2114621,27071.2114621,31912.5945075,20183.2969378
-0.2830625,-0.2830625,-0.2738005,30089.0740647,18058.7319258,140193.7619030,1100.5914014,97821.3632457,30089.0740647,30089.0740647,35470.1680445,22433.3040019
-0.2780625,-0.2780625,-0.2688005,33934.9459828,20386.0937414,157879.8969627,1257.3348103,110169.6644030,33934.9459828,33934.9459828,40003.8310918,25300.6442765
-0.2730625,-0.2730625,-0.2638005,37144.4305004,22324.8958932,172681.3203402,1385.5477969,120502.4919097,37144.4305004,37144.4305004,43787.2959778,27693.5175740
-0.2680625,-0.2680625,-0.2588005,36764.7363706,22098.6419899,170892.4125059,1373.8314586,119254.9173074,36764.7363706,36764.7363706,43339.6978044,27410.4316331
-0.2630625,-0.2630625,-0.2538005,34764.3134224,20889.4252099,161676.5220213,1291.8260324,112821.0137897,34764.3134224,34764.3134224,40981.5216113,25918.9900542
-0.2580625,-0.2580625,-0.2488005,32121.9473445,19292.5208055,149498.9094114,1187.2844554,104319.5819360,32121.9473445,32121.9473445,37866.5979478,23948.9393514
-0.2530625,-0.2530625,-0.2438005,29549.5249230,17744.3151256,137565.5077604,1090.5725109,95991.2342686,29549.5249230,29549.5249230,34834.1265803,22031.0360593
-0.2480625,-0.2480625,-0.2388005,24387.8097359,14623.9217720,113788.5146197,881.8309703,79391.6705221,24387.8097359,24387.8097359,28749.2964294,18182.6515688
-0.2430625,-0.2430625,-0.2338005,19384.1312752,11606.1975100,90652.8260728,687.3234802,63242.7052891,19384.1312752,19384.1312752,22850.7661038,14452.0934335
-0.2380625,-0.2380625,-0.2288005,14832.1425839,8855.8656482,69666.6712248,503.5657866,48592.1170144,14832.1425839,14832.1425839,17484.7052050,11058.2985329
-0.2330625,-0.2330625,-0.2238005,11612.8367024,6909.9642953,54834.1284944,376.9484413,38237.0945992,11612.8367024,11612.8367024,13689.6625141,8658.1027887
-0.2280625,-0.2280625,-0.2188005,9482.0784387,5622.7333297,45008.4166181,292.7578782,31377.7669677,9482.0784387,9482.0784387,11177.8419937,7069.4880051
-0.2230625,-0.2230625,-0.2138005,8077.0259386,4774.3961459,38523.3514002,237.5137948,26850.7383844,8077.0259386,8077.0259386,9521.5115868,6021.9326764
-0.2180625,-0.2180625,-0.2088005,7163.7614308,4223.3023097,34304.3394488,201.8580246,23905.6996823,7163.7614308,7163.7614308,8444.9199479,5341.0363386
-0.2130625,-0.2130625,-0.2038005,6592.4488463,3878.7401600,31662.7757272,179.7170481,22061.8579771,6592.4488463,6592.4488463,7771.4345048,4915.0867444
-0.2080625,-0.2080625,-0.1988005,6270.0907010,3684.4211133,30171.1157679,167.3127477,21020.7013524,6270.0907010,6270.0907010,7391.4262148,4674.7483991
-0.2030625,-0.2030625,-0.1938005,6144.3726636,3608.6865098,29588.7824171,162.5205344,20614.2609119,6144.3726636,6144.3726636,7243.2249141,4581.0176667
-0.1980625,-0.1980625,-0.1888005,6194.8862466,3639.1873090,29821.9063663,164.5121969,20776.9984821,6194.8862466,6194.8862466,7302.7722858,4618.6787313
-0.1930625,-0.1930625,-0.1838005,6429.7740556,3780.8507151,30907.9376814,173.6183781,21535.0612172,6429.7740556,6429.7740556,7579.6671493,4793.8024195
-0.1880625,-0.1880625,-0.1788005,6887.0631983,4056.6883756,33021.7622958,191.3832950,23010.5525955,6887.0631983,6887.0631983,8118.7373348,5134.7403405
-0.1830625,-0.1830625,-0.1738005,7640.9778312,4511.6226085,36504.6571387,220.8227003,25441.7511142,7640.9778312,7640.9778312,9007.4811579,5696.8312880
-0.1780625,-0.1780625,-0.1688005,8814.6244634,5220.1757876,41922.4712926,266.9347811,29223.7370183,8814.6244634,8814.6244634,10391.0213486,6571.8589354
-0.1730625,-0.1730625,-0.1638005,10601.9217496,6299.7644365,50166.1945380,337.5410859,34978.6177035,10601.9217496,10601.9217496,12497.9567415,7904.4018803
-0.1680625,-0.1680625,-0.1588005,13303.9223461,7932.7198921,62618.5034325,444.3770796,43671.8249583,13303.9223461,13303.9223461,15683.1798896,9918.9138810
-0.1630625,-0.1630625,-0.1538005,17315.3930234,10355.8793194,81119.8527892,602.1654186,56587.5145837,17315.3930234,17315.3930234,20412.0571799,12909.7184836
-0.1580625,-0.1580625,-0.1488005,22505.1566522,13486.1773866,105111.7493555,807.4838559,73334.2615363,22505.1566522,22505.1566522,26529.9519222,16779.0148578
-0.1530625,-0.1530625,-0.1438005,27166.8812911,16303.6999968,126593.0325693,994.2147037,88330.8608855,27166.8812911,27166.8812911,32025.3738141,20254.6248342
-0.1480625,-0.1480625,-0.1388005,31216.8701155,18746.2930418,145318.6245245,1152.0741036,101401.5463012,31216.8701155,31216.8701155,36799.6577908,23274.1471468
-0.1430625,-0.1430625,-0.1338005,33783.7808447,20297.5448393,157149.1186772,1253.9605723,109660.6271348,33783.7808447,33783.7808447,39825.6317614,25187.9411242
-0.1380625,-0.1380625,-0.1288005,35728.7429271,21473.1170186,166110.9559898,1332.5148473,115917.1198255,35728.7429271,35728.7429271,42118.4285339,26638.0331268
-0.1330625,-0.1330625,-0.1238005,38113.0213532,22912.8930649,177113.1711994,1427.0486234,123597.5175758,38113.0213532,38113.0213532,44929.1084590,28415.6631942
-0.1280625,-0.1280625,-0.1188005,35836.9059693,21538.9603291,166603.6588236,1336.7009848,116261.2773460,35836.9059693,35836.9059693,42245.9353251,26718.6755023
-0.1230625,-0.1230625,-0.1138005,31641.2490808,18999.9291081,147308.8844216,1165.0008338,102789.8409967,31641.2490808,31641.2490808,37299.9321821,23590.5484531
-0.1180625,-0.1180625,-0.1088005,28254.3356334,16950.5800958,131730.0923019,1028.8043282,91912.9771543,28254.3356334,28254.3356334,33307.3071889,21065.3906888
-0.1130625,-0.1130625,-0.1038005,25744.7259043,15432.1665070,120185.4486064,927.4617202,83852.7308259,25744.7259043,25744.7259043,30348.8818607,19194.3182238
-0.1080625,-0.1080625,-0.0988005,24106.8329414,14441.2916398,112649.4513859,861.0632108,78591.2904214,24106.8329414,24106.8329414,28418.0700814,17973.1656327
-0.1030625,-0.1030625,-0.0938005,23328.5761366,13970.5888218,109067.2256577,829.5652765,76090.3200632,23328.5761366,23328.5761366,27500.6307614,17392.9260594
-0.0980625,-0.0980625,-0.0888005,23403.4170037,14016.0743279,109409.0296782,832.8016630,76329.0434452,23403.4170037,23403.4170037,27588.8560796,17448.7246500
-0.0930625,-0.0930625,-0.0838005,24331.9837247,14578.1324273,113677.7022195,870.7930108,79309.4442394,24331.9837247,24331.9837247,28683.4865612,18141.0297536
-0.0880625,-0.0880625,-0.0788005,26121.9141737,15661.4202192,121907.9427318,943.7160991,85055.7634441,26121.9141737,26121.9141737,30793.5260286,19475.5358876
-0.0830625,-0.0830625,-0.0738005,28785.9188849,17273.6931401,134157.4311864,1051.5566904,93608.2984136,28785.9188849,28785.9188849,33933.9581527,21461.7195575
-0.0780625,-0.0780625,-0.0688005,32311.9362008,19407.6764646,150370.4016222,1194.3174919,104928.1237622,32311.9362008,32311.9362008,38090.5641837,24090.5880362
-0.0730625,-0.0730625,-0.0638005,36446.8322335,21906.7887094,169424.0260423,1360.1995502,118229.9171170,36446.8322335,36446.8322335,42964.9400721,27173.4140321
-0.0680625,-0.0680625,-0.0588005,38099.6240710,22911.3237630,176972.0965470,1433.1340102,123501.6661486,38099.6240710,38099.6240710,44913.3152229,28405.6746747
-0.0630625,-0.0630625,-0.0538005,35393.8509377,21274.0295411,164527.4244948,1322.0281602,114812.9590086,35393.8509377,35393.8509377,41723.6448621,26388.3500096
-0.0580625,-0.0580625,-0.0488005,33255.2589519,19983.5933796,154647.0258068,1238.1413096,107916.0708438,33255.2589519,33255.2589519,39202.5896461,24793.8946917
-0.0530625,-0.0530625,-0.0438005,30905.1994164,18562.6740927,143824.6720245,1144.1388649,100360.5016995,30905.1994164,30905.1994164,36432.2482770,23041.7769672
-0.0480625,-0.0480625,-0.0388005,26273.4048766,15769.1053465,122410.0335649,963.0371590,85412.7968117,26273.4048766,26273.4048766,30972.1091473,19588.4817690
-0.0430625,-0.0430625,-0.0338005,21641.8252423,12979.8310980,100945.7692683,783.5101112,70432.1287259,21641.8252423,21641.8252423,25512.2233567,16135.3467964
-0.0380625,-0.0380625,-0.0288005,16437.6005889,9834.9947974,76957.7050346,573.9937922,53685.7157913,16437.6005889,16437.6005889,19377.2813974,12255.2688155
-0.0330625,-0.0330625,-0.0238005,12617.1445592,7526.5960836,59344.9100578,425.6504336,41390.0696443,12617.1445592,12617.1445592,14873.5795855,9406.8776900
-0.0280625,-0.0280625,-0.0188005,10056.8651010,5980.5587265,47530.3088255,325.3851711,33142.5712731,10056.8651010,10056.8651010,11855.4228145,7498.0277436
-0.0230625,-0.0230625,-0.0138005,8332.2768478,4940.1829413,39559.6055801,258.4539584,27578.8221627,8332.2768478,8332.2768478,9822.4112630,6212.2383412
-0.0180625,-0.0180625,-0.0088005,7158.5208552,4232.9785271,34124.0914489,213.6404138,23785.0508416,7158.5208552,7158.5208552,8438.7421541,5337.1291587
-0.0130625,-0.0130625,-0.0038005,6347.7263974,3745.2248889,30360.1522350,183.3721846,21158.2778581,6347.7263974,6347.7263974,7482.9461861,4732.6307113
-0.0080625,-0.0080625,0.0011995,5774.6623143,3401.1482973,27691.7501308,162.5889588,19296.3232082,5774.6623143,5774.6623143,6807.3960085,4305.3752643
-0.0030625,-0.0030625,0.0061995,5355.1609189,3149.8439130,25731.4565195,147.9000893,17928.6998177,5355.1609189,5355.1609189,6312.8714859,3992.6104942
0.0019375,0.0019375,0.0111995,5032.3903305,2956.9563558,24217.4681838,137.0283089,16872.6339603,5032.3903305,5032.3903305,5932.3769919,3751.9646466
0.0069375,0.0069375,0.0161995,4768.0033391,2799.3166469,22972.9849529,128.4471662,16004.7003754,4768.0033391,4768.0033391,5620.7073475,3554.8474559
0.0119375,0.0119375,0.0211995,4536.3466288,2661.4342798,21879.6231259,121.1432110,15242.2583055,4536.3466288,4536.3466288,5347.6214284,3382.1327556
0.0169375,0.0169375,0.0261995,4320.6082820,2533.1640994,20859.7201557,114.4579176,14531.0960766,4320.6082820,4320.6082820,5093.3006940,3221.2862002
0.0219375,0.0219375,0.0311995,4110.2041088,2408.1239451,19864.3232407,107.9807317,13837.0445676,4110.2041088,4110.2041088,4845.2680904,3064.4166080
0.0269375,0.0269375,0.0361995,3898.9639608,2282.5970383,18864.8492195,101.4751528,13140.1542065,3898.9639608,3898.9639608,4596.2500073,2906.9237437
0.0319375,0.0319375,0.0411995,3683.8416716,2154.7516033,17847.1481467,94.8264309,12430.5503369,3683.8416716,3683.8416716,4342.6555055,2746.5364982
0.0369375,0.0369375,0.0461995,3463.9743793,2024.0721166,16807.1711922,88.0036810,11705.4087908,3463.9743793,3463.9743793,4083.4674098,2582.6115532
0.0419375,0.0419375,0.0511995,3239.9813990,1890.9356225,15747.7389477,81.0318881,10966.6997946,3239.9813990,3239.9813990,3819.4157931,2415.6106475
0.0469375,0.0469375,0.0561995,3013.4333558,1771.9317258,14676.0921969,73.9709548,10219.4782028,3013.4333558,3013.4333558,3552.3521692,2246.7047811
0.0519375,0.0519375,0.0611995,2786.4475580,1637.0555111,13602.0231562,66.8999804,9470.5790127,2786.4475580,2786.4475580,3284.7725030,2077.4725410
0.0569375,0.0569375,0.0661995,2561.3810622,1503.3670110,12536.4561836,59.9055858,8727.6266871,2561.3810622,2561.3810622,3019.4553846,1909.6712617
0.0619375,0.0619375,0.0711995,2340.6021010,1372.2901821,11490.3892519,53.0734704,7998.2963462,2340.6021010,2340.6021010,2759.1925783,1760.7070169
0.0669375,0.0669375,0.0761995,2126.3258509,1245.1548230,10474.1318478,46.4826166,7289.7819035,2126.3258509,2126.3258509,2506.5954202,1600.9497100
0.0719375,0.0719375,0.0811995,1920.5034813,1123.1298262,9496.7885342,40.2016869,6608.4356998,1920.5034813,1920.5034813,2263.9640245,1447.4944059
0.0769375,0.0769375,0.0861995,1740.3952785,1007.1829278,8565.9449407,34.2872137,5959.5494481,1740.3952785,1740.3952785,2033.2081980,1301.5481847
0.0819375,0.0819375,0.0911995,1555.9768493,898.0619060,7687.5174574,28.7831450,5347.2494480,1555.9768493,1555.9768493,1831.4505680,1164.0471909
0.0869375,0.0869375,0.0961995,1383.7788174,796.2926334,6865.7312569,23.7212518,4774.4813733,1383.7788174,1383.7788174,1628.4591925,1035.6536035
0.0919375,0.0919375,0.1011995,1224.3406288,702.1897997,6103.1944707,19.1219050,4243.0621672,1224.3406288,1224.3406288,1440.5116265,916.7681834
0.0969375,0.0969375,0.1061995,1077.8824923,615.8765112,5401.0398451,14.9948781,3753.7790258,1077.8824923,1077.8824923,1267.8686111,807.5538341
0.1019375,0.1019375,0.1111995,944.3458395,537.3093642,4759.1090828,11.3400412,3306.5181625,944.3458395,944.3458395,1110.4622846,707.9661884
0.1069375,0.1069375,0.1161995,823.4387038,466.3059856,4176.1592265,8.1479352,2900.4089388,823.4387038,823.4387038,967.9493760,617.7877764
0.1119375,0.1119375,0.1211995,714.6824758,402.5725207,3650.0746395,5.4001557,2533.9718855,714.6824758,714.6824758,839.7659495,536.6628297
0.1169375,0.1169375,0.1261995,617.4571746,345.7293038,3178.0721764,3.0694534,2205.2619519,617.4571746,617.4571746,725.1806061,464.1302889
0.1219375,0.1219375,0.1311995,531.0429179,295.3340646,2756.8908214,1.1197952,1912.0008984,531.0429179,531.0429179,623.3437182,399.6533201
0.1269375,0.1269375,0.1361995,454.6558549,250.9031362,2382.9602665,-0.4926403,1667.3324218,454.6558549,454.6558549,533.3307905,342.6447813
0.1319375,0.1319375,0.1411995,387.4777873,211.9313681,2052.5455476,-1.8161437,1437.3673606,387.4777873,387.4777873,454.1786167,292.4893496
0.1369375,0.1369375,0.1461995,328.6801224,177.9104385,1777.5052054,-2.8975399,1235.1033078,328.6801224,328.6801224,384.9139349,248.5634835
0.1419375,0.1419375,0.1511995,277.4439497,148.3441142,1522.8288937,-3.7763220,1057.9328971,277.4439497,277.4439497,324.5758055,210.2534258
0.1469375,0.1469375,0.1561995,232.9776745,122.7593962,1300.5497777,-4.4837037,903.3356820,232.9776745,232.9776745,272.2339651,176.9700263
0.1519375,0.1519375,0.1611995,194.5318441,100.7140188,1107.2379821,-5.0481053,768.9164371,194.5318441,194.5318441,227.0046451,148.1592272
0.1569375,0.1569375,0.1661995,161.4097018,81.8012468,939.6781088,-5.5008221,652.4308707,161.4097018,161.4097018,188.0632623,123.3085906
0.1619375,0.1619375,0.1711995,132.9731262,65.6519967,794.8923887,-5.8737320,551.8000535,132.9731262,132.9731262,154.6525413,101.9509768
0.1669375,0.1669375,0.1761995,108.6451461,51.9339301,670.1515353,-6.1912830,465.1160522,108.6451461,108.6451461,126.0861107,83.6656055
0.1719375,0.1719375,0.1811995,87.9098875,40.3481313,562.9751995,-6.4677266,390.6424778,87.9098875,87.9098875,101.7489522,68.0761771
0.1769375,0.1769375,0.1861995,70.3097330,30.6247399,471.1251236,-6.7112498,326.8129100,70.3097330,70.3097330,81.0953588,54.8465870
0.1819375,0.1819375,0.1911995,55.4398206,22.5185110,392.5949964,-6.9263923,272.2274404,55.4398206,55.4398206,63.6441207,43.6756180
0.1869375,0.1869375,0.1961995,42.9411534,15.8048024,325.5995706,-7.1132391,225.6460216,42.9411534,42.9411534,48.9713591,34.2916726
0.1919375,0.1919375,0.2011995,32.4936987,10.2770301,268.5626553,-7.2679784,185.9786211,32.4936987,32.4936987,36.7024811,26.4480529
0.1969375,0.1969375,0.2061995,23.8101280,5.7471162,220.1026938,-7.3852158,152.2735705,23.8101280,23.8101280,26.5045017,19.9196895
0.2019375,0.2019375,0.2111995,16.6308825,2.0488711,179.0163584,-7.4608067,123.7047219,16.6308825,16.6308825,18.0792902,14.5027083
0.2069375,0.2069375,0.2161995,10.7219183,-0.9590747,144.2614222,-7.4943130,99.5571296,10.7219183,10.7219183,11.1586012,10.0169219
0.2119375,0.2119375,0.2211995,5.8758405,-3.3951002,114.9390432,-7.4892803,79.2117975,5.8758405,5.8758405,5.5022829,6.3083233
0.2169375,0.2169375,0.2261995,1.9143265,-5.3605420,90.2752244,-7.4504154,62.1309884,1.9143265,1.9143265,0.8997540,3.2475287
0.2219375,0.2219375,0.2311995,-1.3124782,-6.9438026,69.6023674,-7.3794936,47.8451848,-1.3124782,-1.3124782,-2.8282930,0.7241985
0.2269375,0.2269375,0.2361995,-3.9311982,-8.2198536,52.3423930,-7.2741995,35.9421144,-3.9311982,-3.9311982,-5.8321743,-1.3574735
0.2319375,0.2319375,0.2411995,-6.0509283,-9.2493661,37.9921719,-7.1313502,26.0585367,-6.0509283,-6.0509283,-8.2394293,-3.0791416
0.2369375,0.2369375,0.2461995,-7.7649939,-10.0805492,26.1116028,-6.9507603,17.8757065,-7.7649939,-7.7649939,-10.1598181,-4.5077656
0.2419375,0.2419375,0.2511995,-9.1505831,-10.7512303,16.3151355,-6.7364147,11.1179260,-9.1505831,-9.1505831,-11.6862352,-5.6972955
0.2469375,0.2469375,0.2561995,-10.2701310,-11.2891027,8.2672741,-6.4952512,5.5510858,-10.2701310,-10.2701310,-12.8948200,-6.6908906
0.2519375,0.2519375,0.2611995,-11.1737962,-11.7120080,1.6804978,-6.2352984,0.9780349,-11.1737962,-11.1737962,-13.8470800,-7.5214587
0.2569375,0.2569375,0.2661995,-11.9004256,-12.0306519,-3.6879842,-5.9642496,-2.7684000,-11.9004256,-11.9004256,-14.5921242,-8.2117646
0.2619375,0.2619375,0.2711995,-12.4775987,-12.2527883,-8.0426978,-5.6887053,-5.8307653,-12.4775987,-12.4775987,-15.1671057,-8.7765477
0.2669375,0.2669375,0.2761995,-12.9234455,-12.3858358,-11.5572391,-5.4139240,-8.3293210,-12.9234455,-12.9234455,-15.5976507,-9.2263323
0.2719375,0.2719375,0.2811995,-13.2505547,-12.4368878,-14.3789589,-5.1438669,-10.3639380,-13.2505547,-13.2505547,-15.9006579,-9.5702838
0.2769375,0.2769375,0.2861995,-13.4693670,-12.4119976,-16.6313506,-4.8813723,-12.0170563,-13.4693670,-13.4693670,-16.0885098,-9.8168230
0.2819375,0.2819375,0.2911995,-13.5892920,-12.3165862,-18.4167998,-4.6283674,-13.3560711,-13.5892920,-13.5892920,-16.1718450,-9.9733369
0.2869375,0.2869375,0.2961995,-13.6186022,-12.1566896,-19.8198284,-4.3860703,-14.4340678,-13.6186022,-13.6186022,-16.1601276,-10.0465881
0.2919375,0.2919375,0.3011995,-13.5648193,-11.9397990,-20.9089582,-4.1551626,-15.2906846,-13.5648193,-13.5648193,-16.0616721,-10.0437614
0.2969375,0.2969375,0.3061995,-13.4357428,-11.6747726,-21.7373289,-3.9359307,-15.9549176,-13.4357428,-13.4357428,-15.8843780,-9.9731959
0.3019375,0.3019375,0.3111995,-13.2402249,-11.3711373,-22.3443927,-3.7283749,-16.4489286,-13.2402249,-13.2402249,-15.6367666,-9.8443469
0.3069375,0.3069375,0.3161995,-12.9881849,-11.0382855,-22.7595043,-3.5322945,-16.7908540,-12.9881849,-12.9881849,-15.3284686,-9.6672061
0.3119375,0.3119375,0.3211995,-12.6900534,-10.6848641,-23.0056765,-3.3473508,-16.9962606,-12.6900534,-12.6900534,-14.9699636,-9.4515992
0.3169375,0.3169375,0.3261995,-12.3560661,-10.3184313,-23.1020178,-3.1731148,-17.0791504,-12.3560661,-12.3560661,-14.5719146,-9.2066292
0.3219375,0.3219375,0.3311995,-11.9956924,-9.9453353,-23.0651521,-3.0091016,-17.0529472,-11.9956924,-11.9956924,-14.1444917,-8.9403485
0.3269375,0.3269375,0.3361995,-11.6172927,-9.5707417,-22.9103660,-2.8547966,-16.9311793,-11.6172927,-11.6172927,-13.6968886,-8.6596310
0.3319375,0.3319375,0.3411995,-11.2279839,-9.1987410,-22.6525372,-2.7096730,-16.7276024,-11.2279839,-11.2279839,-13.2370715,-8.3701838
0.3369375,0.3369375,0.3461995,-10.8336499,-8.8324922,-22.3065570,-2.5732054,-16.4558683,-10.8336499,-10.8336499,-12.7717135,-8.0766390
0.3419375,0.3419375,0.3511995,-10.4390380,-8.4743714,-21.8872105,-2.4448788,-16.1290267,-10.4390380,-10.4390380,-12.3062509,-7.7826837
0.3469375,0.3469375,0.3561995,-10.0478951,-8.1261119,-21.4087498,-2.3241945,-15.7590872,-10.0478951,-10.0478951,-11.8450054,-7.4911986
0.3519375,0.3519375,0.3611995,-9.6631150,-7.7889279,-20.8844316,-2.2106747,-15.3567411,-9.6631150,-9.6631150,-11.3913324,-7.2043924
0.3569375,0.3569375,0.3661995,-9.2868806,-7.4636203,-20.3261763,-2.1038642,-14.9312471,-9.2868806,-9.2868806,-10.9477728,-6.9239219
0.3619375,0.3619375,0.3711995,-8.9207920,-7.1506646,-19.7443948,-2.0033321,-14.4904447,-8.9207920,-8.9207920,-10.5161944,-6.6509967
0.3669375,0.3669375,0.3761995,-8.5659776,-6.8502831,-19.1479596,-1.9086722,-14.0408483,-8.5659776,-8.5659776,-10.0979173,-6.3864674
0.3719375,0.3719375,0.3811995,-8.2231885,-6.5625037,-18.5442775,-1.8195029,-13.5877838,-8.2231885,-8.2231885,-9.6938215,-6.1308991
0.3769375,0.3769375,0.3861995,-7.8928771,-6.2872063,-17.9394210,-1.7354665,-13.1355411,-7.8928771,-7.8928771,-9.3044370,-5.8846316
0.3819375,0.3819375,0.3911995,-7.5752610,-6.0241603,-17.3382864,-1.6562285,-12.6875249,-7.5752610,-7.5752610,-8.9300191,-5.6478285
0.3869375,0.3869375,0.3961995,-7.2703755,-5.7730548,-16.7447569,-1.5814765,-12.2463953,-7.2703755,-7.2703755,-8.5706087,-5.4205167
0.3919375,0.3919375,0.4011995,-6.9781163,-5.5335214,-16.1618573,-1.5109193,-11.8141933,-6.9781163,-6.9781163,-8.2260825,-5.2026188
0.3969375,0.3969375,0.4061995,-6.6982731,-5.3051527,-15.5918958,-1.4442854,-11.3924497,-6.6982731,-6.6982731,-7.8961925,-4.9939779
0.4019375,0.4019375,0.4111995,-6.4305569,-5.0875169,-15.0365873,-1.3813218,-10.9822782,-6.4305569,-6.4305569,-7.5805982,-4.7943787
0.4069375,0.4069375,0.4161995,-6.1746220,-4.8801686,-14.4971605,-1.3217935,-10.5844535,-6.1746220,-6.1746220,-7.2788920,-4.6035633
0.4119375,0.4119375,0.4211995,-5.9300829,-4.6826573,-13.9744488,-1.2654814,-10.1994775,-5.9300829,-5.9300829,-6.9906194,-4.4212442
0.4169375,0.4169375,0.4261995,-5.6965277,-4.4945342,-13.4689660,-1.2121819,-9.8276326,-5.6965277,-5.6965277,-6.7152951,-4.2471144
0.4219375,0.4219375,0.4311995,-5.4735291,-4.3153567,-12.9809697,-1.1617054,-9.4690273,-5.4735291,-5.4735291,-6.4524153,-4.0808553
0.4269375,0.4269375,0.4361995,-5.2606527,-4.1446924,-12.5105142,-1.1138756,-9.1236326,-5.2606527,-5.2606527,-6.2014679,-3.9221428
0.4319375,0.4319375,0.4411995,-5.0574629,-3.9821213,-12.0574932,-1.0685285,-8.7913119,-5.0574629,-5.0574629,-5.9619396,-3.7706524
0.4369375,0.4369375,0.4461995,-4.8635285,-3.8272382,-11.6216754,-1.0255113,-8.4718460,-4.8635285,-4.8635285,-5.7333218,-3.6260624
0.4419375,0.4419375,0.4511995,-4.6784259,-3.6796530,-11.2027335,-0.9846820,-8.1649528,-4.6784259,-4.6784259,-5.5151154,-3.4880570
0.4469375,0.4469375,0.4561995,-4.5017420,-3.5389924,-10.8002678,-0.9459081,-7.8703033,-4.5017420,-4.5017420,-5.3068332,-3.3563283
0.4519375,0.4519375,0.4611995,-4.3330761,-3.4048995,-10.4138254,-0.9090663,-7.5875352,-4.3330761,-4.3330761,-5.1080031,-3.2305775
0.4569375,0.4569375,0.4661995,-4.1720416,-3.2770343,-10.0429155,-0.8740418,-7.3162630,-4.1720416,-4.1720416,-4.9181691,-3.1105162
0.4619375,0.4619375,0.4711995,-4.0182663,-3.1550733,-9.6870222,-0.8407272,-7.0560866,-4.0182663,-4.0182663,-4.7368926,-2.9958672
0.4669375,0.4669375,0.4761995,-3.8713935,-3.0387094,-9.3456141,-0.8090226,-6.8065983,-3.8713935,-3.8713935,-4.5637531,-2.8863645
0.4719375,0.4719375,0.4811995,-3.7310820,-2.9276511,-9.0181529,-0.7788349,-6.5673878,-3.7310820,-3.7310820,-4.3983483,-2.7817535
0.4769375,0.4769375,0.4861995,-3.5970059,-2.8216225,-8.7040991,-0.7500768,-6.3380465,-3.5970059,-3.5970059,-4.2402940,-2.6817915
0.4819375,0.4819375,0.4911995,-3.4688549,-2.7203622,-8.4029175,-0.7226670,-6.1181711,-3.4688549,-3.4688549,-4.0892245,-2.5862469
0.4869375,0.4869375,0.4961995,-3.3463334,-2.6236230,-8.1140807,-0.6965295,-5.9073656,-3.3463334,-3.3463334,-3.9447912,-2.4948995
0.4919375,0.4919375,0.5011995,-3.2291607,-2.5311714,-7.8370722,-0.6715932,-5.7052437,-3.2291607,-3.2291607,-3.8066634,-2.4075399
0.4969375,0.4969375,0.5061995,-3.1170701,-2.4427864,-7.5713888,-0.6477915,-5.5114298,-3.1170701,-3.1170701,-3.6745266,-2.3239694
0.5019375,0.5019375,0.5111995,-3.0098087,-2.3582595,-7.3165417,-0.6250623,-5.3255604,-3.0098087,-3.0098087,-3.5480826,-2.2439994
0.5069375,0.5069375,0.5161995,-2.9071365,-2.2773936,-7.0720583,-0.6033471,-5.1472844,-2.9071365,-2.9071365,-3.4270486,-2.1674509
0.5119375,0.5119375,0.5211995,-2.8088263,-2.2000026,-6.8374826,-0.5825913,-4.9762639,-2.8088263,-2.8088263,-3.3111566,-2.0941545
0.5169375,0.5169375,0.5261995,-2.7146627,-2.1259108,-6.6123755,-0.5627437,-4.8121739,-2.7146627,-2.7146627,-3.2001528,-2.0239496
0.5219375,0.5219375,0.5311995,-2.6244417,-2.0549523,-6.3963155,-0.5437562,-4.6547029,-2.6244417,-2.6244417,-3.0937967,-1.9566842
0.5269375,0.5269375,0.5361995,-2.5379702,-1.9869706,-6.1888980,-0.5255838,-4.5035524,-2.5379702,-2.5379702,-2.9918607,-1.8922143
0.5319375,0.5319375,0.5411995,-2.4550654,-1.9218175,-5.9897358,-0.5081840,-4.3584368,-2.4550654,-2.4550654,-2.8941292,-1.8304036
0.5369375,0.5369375,0.5461995,-2.3755542,-1.8593535,-5.7984582,-0.4915171,-4.2190833,-2.3755542,-2.3755542,-2.8003983,-1.7711231
0.5419375,0.5419375,0.5511995,-2.2992729,-1.7994466,-5.6147113,-0.4755457,-4.0852315,-2.2992729,-2.2992729,-2.7104749,-1.7142506
0.5469375,0.5469375,0.5561995,-2.2260664,-1.7419721,-5.4381569,-0.4602345,-3.9566327,-2.2260664,-2.2260664,-2.6241761,-1.6596706
0.5519375,0.5519375,0.5611995,-2.1557880,-1.6868121,-5.2684724,-0.4455505,-3.8330500,-2.1557880,-2.1557880,-2.5413291,-1.6072736
0.5569375,0.5569375,0.5661995,-2.0882986,-1.6338554,-5.1053502,-0.4314624,-3.7142576,-2.0882986,-2.0882986,-2.4617700,-1.5569561
0.5619375,0.5619375,0.5711995,-2.0234668,-1.5829967,-4.9484971,-0.4179410,-3.6000403,-2.0234668,-2.0234668,-2.3853437,-1.5086200
0.5669375,0.5669375,0.5761995,-1.9611680,-1.5341364,-4.7976337,-0.4049586,-3.4901934,-1.9611680,-1.9611680,-2.3119034,-1.4621723
0.5719375,0.5719375,0.5811995,-1.9012842,-1.4871804,-4.6524939,-0.3924890,-3.3845218,-1.9012842,-1.9012842,-2.2413100,-1.4175252
0.5769375,0.5769375,0.5861995,-1.8437036,-1.4420397,-4.5128242,-0.3805076,-3.2828400,-1.8437036,-1.8437036,-2.1734317,-1.3745953
0.5819375,0.5819375,0.5911995,-1.7883204,-1.3986300,-4.3783834,-0.3689913,-3.1849713,-1.7883204,-1.7883204,-2.1081438,-1.3333037
0.5869375,0.5869375,0.5961995,-1.7350342,-1.3568714,-4.2489419,-0.3579180,-3.0907476,-1.7350342,-1.7350342,-2.0453279,-1.2935755
0.5919375,0.5919375,0.6011995,-1.6837499,-1.3166883,-4.1242809,-0.3472670,-3.0000090,-1.6837499,-1.6837499,-1.9848719,-1.2553398
0.5969375,0.5969375,0.6061995,-1.6343772,-1.2780093,-4.0041924,-0.3370189,-2.9126034,-1.6343772,-1.6343772,-1.9266695,-1.2185294
0.6019375,0.6019375,0.6111995,-1.5868307,-1.2407664,-3.8884783,-0.3271549,-2.8283859,-1.5868307,-1.5868307,-1.8706198,-1.1830806
0.6069375,0.6069375,0.6161995,-1.5410292,-1.2048954,-3.7769501,-0.3176576,-2.7472187,-1.5410292,-1.5410292,-1.8166271,-1.1489327
0.6119375,0.6119375,0.6211995,-1.4968957,-1.1703352,-3.6694283,-0.3085105,-2.6689707,-1.4968957,-1.4968957,-1.7646007,-1.1160284
0.6169375,0.6169375,0.6261995,-1.4543570,-1.1370280,-3.5657420,-0.2996977,-2.5935171,-1.4543570,-1.4543570,-1.7144544,-1.0843131
0.6219375,0.6219375,0.6311995,-1.4133438,-1.1049190,-3.4657286,-0.2912045,-2.5207392,-1.4133438,-1.4133438,-1.6661064,-1.0537352
0.6269375,0.6269375,0.6361995,-1.3737901,-1.0739561,-3.3692331,-0.2830167,-2.4505238,-1.3737901,-1.3737901,-1.6194790,-1.0242455
0.6319375,0.6319375,0.6411995,-1.3356333,-1.0440898,-3.2761080,-0.2751210,-2.3827632,-1.3356333,-1.3356333,-1.5744983,-0.9957973
0.6369375,0.6369375,0.6461995,-1.2988140,-1.0152731,-3.1862128,-0.2675046,-2.3173550,-1.2988140,-1.2988140,-1.5310941,-0.9683461
0.6419375,0.6419375,0.6511995,-1.2632754,-0.9874613,-3.0994136,-0.2601556,-2.2542014,-1.2632754,-1.2632754,-1.4891998,-0.9418499
0.6469375,0.6469375,0.6561995,-1.2289638,-0.9606121,-3.0155830,-0.2530625,-2.1932094,-1.2289638,-1.2289638,-1.4487520,-0.9162685
0.6519375,0.6519375,0.6611995,-1.1958280,-0.9346851,-2.9345993,-0.2462144,-2.1342904,-1.1958280,-1.1958280,-1.4096902,-0.8915637
0.6569375,0.6569375,0.6661995,-1.1638194,-0.9096420,-2.8563467,-0.2396011,-2.0773598,-1.1638194,-1.1638194,-1.3719571,-0.8676993
0.6619375,0.6619375,0.6711995,-1.1328914,-0.8854461,-2.7807147,-0.2332127,-2.0223371,-1.1328914,-1.1328914,-1.3354980,-0.8446406
0.6669375,0.6669375,0.6761995,-1.1030001,-0.8620629,-2.7075980,-0.2270400,-1.9691456,-1.1030001,-1.1030001,-1.3002609,-0.8223547
0.6719375,0.6719375,0.6811995,-1.0741033,-0.8394591,-2.6368961,-0.2210740,-1.9177119,-1.0741033,-1.0741033,-1.2661963,-0.8008104
0.6769375,0.6769375,0.6861995,-1.0461610,-0.8176033,-2.5685131,-0.2153064,-1.8679662,-1.0461610,-1.0461610,-1.2332568,-0.7799777
0.6819375,0.6819375,0.6911995,-1.0191351,-0.7964655,-2.5023575,-0.2097290,-1.8198418,-1.0191351,-1.0191351,-1.2013975,-0.7598282
0.6869375,0.6869375,0.6961995,-0.9929890,-0.7760171,-2.4383421,-0.2043343,-1.7732751,-0.9929890,-0.9929890,-1.1705755,-0.7403347
0.6919375,0.6919375,0.7011995,-0.9676882,-0.7562307,-2.3763835,-0.1991150,-1.7282053,-0.9676882,-0.9676882,-1.1407499,-0.7214714
0.6969375,0.6969375,0.7061995,-0.9431996,-0.7370804,-2.3164021,-0.1940641,-1.6845746,-0.9431996,-0.9431996,-1.1118817,-0.7032135
0.7019375,0.7019375,0.7111995,-0.9194914,-0.7185413,-2.2583218,-0.1891750,-1.6423273,-0.9194914,-0.9194914,-1.0839335,-0.6855376
0.7069375,0.7069375,0.7161995,-0.8965336,-0.7005899,-2.2020699,-0.1844414,-1.6014108,-0.8965336,-0.8965336,-1.0568700,-0.6684212
0.7119375,0.7119375,0.7211995,-0.8742974,-0.6832033,-2.1475771,-0.1798573,-1.5617742,-0.8742974,-0.8742974,-1.0306571,-0.6518427
0.7169375,0.7169375,0.7261995,-0.8527553,-0.6663602,-2.0947770,-0.1754169,-1.5233694,-0.8527553,-0.8527553,-1.0052624,-0.6357817
0.7219375,0.7219375,0.7311995,-0.8318810,-0.6500399,-2.0436061,-0.1711147,-1.4861501,-0.8318810,-0.8318810,-0.9806549,-0.6202186
0.7269375,0.7269375,0.7361995,-0.8116494,-0.6342226,-1.9940037,-0.1669455,-1.4500721,-0.8116494,-0.8116494,-0.9568051,-0.6051347
0.7319375,0.7319375,0.7411995,-0.7920365,-0.6188896,-1.9459117,-0.1629044,-1.4150931,-0.7920365,-0.7920365,-0.9336846,-0.5905121
0.7369375,0.7369375,0.7461995,-0.7730194,-0.6040228,-1.8992746,-0.1589864,-1.3811727,-0.7730194,-0.7730194,-0.9112665,-0.5763337
0.7419375,0.7419375,0.7511995,-0.7545761,-0.5896050,-1.8540392,-0.1551871,-1.3482721,-0.7545761,-0.7545761,-0.8895247,-0.5625830
0.7469375,0.7469375,0.7561995,-0.7366856,-0.5756198,-1.8101546,-0.1515021,-1.3163542,-0.7366856,-0.7366856,-0.8684347,-0.5492446
0.7519375,0.7519375,0.7611995,-0.7193278,-0.5620514,-1.7675720,-0.1479271,-1.2853837,-0.7193278,-0.7193278,-0.8479726,-0.5363032
0.7569375,0.7569375,0.7661995,-0.7024834,-0.5488848,-1.7262447,-0.1444583,-1.2553264,-0.7024834,-0.7024834,-0.8281159,-0.5237448
0.7619375,0.7619375,0.7711995,-0.6861342,-0.5361054,-1.6861280,-0.1410917,-1.2261498,-0.6861342,-0.6861342,-0.8088427,-0.5115554
0.7669375,0.7669375,0.7761995,-0.6702623,-0.5236995,-1.6471790,-0.1378236,-1.1978227,-0.6702623,-0.6702623,-0.7901322,-0.4997219
0.7719375,0.7719375,0.7811995,-0.6548508,-0.5116538,-1.6093565,-0.1346507,-1.1703151,-0.6548508,-0.6548508,-0.7719646,-0.4882317
0.7769375,0.7769375,0.7861995,-0.6398837,-0.4999556,-1.5726212,-0.1315695,-1.1435984,-0.6398837,-0.6398837,-0.7543208,-0.4770728
0.7819375,0.7819375,0.7911995,-0.6253453,-0.4885928,-1.5369353,-0.1285767,-1.1176451,-0.6253453,-0.6253453,-0.7371823,-0.4662335
0.7869375,0.7869375,0.7961995,-0.6112208,-0.4775536,-1.5022625,-0.1256694,-1.0924288,-0.6112208,-0.6112208,-0.7205317,-0.4557028
0.7919375,0.7919375,0.8011995,-0.5974958,-0.4668269,-1.4685680,-0.1228445,-1.0679241,-0.5974958,-0.5974958,-0.7043522,-0.4454700
0.7969375,0.7969375,0.8061995,-0.5841566,-0.4564020,-1.4358184,-0.1200992,-1.0441067,-0.5841566,-0.5841566,-0.6886274,-0.4355248
0.8019375,0.8019375,0.8111995,-0.5711902,-0.4462685,-1.4039816,-0.1174307,-1.0209533,-0.5711902,-0.5711902,-0.6733421,-0.4258575
0.8069375,0.8069375,0.8161995,-0.5585838,-0.4364166,-1.3730269,-0.1148366,-0.9984416,-0.5585838,-0.5585838,-0.6584812,-0.4164587
0.8119375,0.8119375,0.8211995,-0.5463254,-0.4268367,-1.3429247,-0.1123141,-0.9765499,-0.5463254,-0.5463254,-0.6440304,-0.4073193
0.8169375,0.8169375,0.8261995,-0.5344032,-0.4175199,-1.3136465,-0.1098610,-0.9552577,-0.5344032,-0.5344032,-0.6299761,-0.3984306
0.8219375,0.8219375,0.8311995,-0.5228062,-0.4084572,-1.2851652,-0.1074750,-0.9345450,-0.5228062,-0.5228062,-0.6163051,-0.3897843
0.8269375,0.8269375,0.8361995,-0.5115236,-0.3996403,-1.2574544,-0.1051537,-0.9143928,-0.5115236,-0.5115236,-0.6030047,-0.3813724
0.8319375,0.8319375,0.8411995,-0.5005450,-0.3910611,-1.2304889,-0.1028951,-0.8947827,-0.5005450,-0.5005450,-0.5900626,-0.3731872
0.8369375,0.8369375,0.8461995,-0.4898605,-0.3827119,-1.2042446,-0.1006971,-0.8756970,-0.4898605,-0.4898605,-0.5774673,-0.3652212
0.8419375,0.8419375,0.8511995,-0.4794606,-0.3745851,-1.1786979,-0.0985577,-0.8571189,-0.4794606,-0.4794606,-0.5652075,-0.3574674
0.8469375,0.8469375,0.8561995,-0.4693360,-0.3666736,-1.1538266,-0.0964750,-0.8390320,-0.4693360,-0.4693360,-0.5532722,-0.3499189
0.8519375,0.8519375,0.8611995,-0.4594780,-0.3589705,-1.1296090,-0.0944473,-0.8214205,-0.4594780,-0.4594780,-0.5416512,-0.3425692
0.8569375,0.8569375,0.8661995,-0.4498781,-0.3514691,-1.1060244,-0.0924727,-0.8042694,-0.4498781,-0.4498781,-0.5303344,-0.3354118
0.8619375,0.8619375,0.8711995,-0.4405280,-0.3441631,-1.0830527,-0.0905496,-0.7875641,-0.4405280,-0.4405280,-0.5193122,-0.3284408
0.8669375,0.8669375,0.8761995,-0.4314199,-0.3370462,-1.0606747,-0.0886764,-0.7712905,-0.4314199,-0.4314199,-0.5085752,-0.3216501
0.8719375,0.8719375,0.8811995,-0.4225462,-0.3301125,-1.0388718,-0.0868514,-0.7554353,-0.4225462,-0.4225462,-0.4981145,-0.3150343
0.8769375,0.8769375,0.8861995,-0.4138996,-0.3233563,-1.0176262,-0.0850731,-0.7399853,-0.4138996,-0.4138996,-0.4879216,-0.3085877
0.8819375,0.8819375,0.8911995,-0.4054731,-0.3167722,-0.9969206,-0.0833402,-0.7249281,-0.4054731,-0.4054731,-0.4779881,-0.3023052
0.8869375,0.8869375,0.8961995,-0.3972599,-0.3103548,-0.9767384,-0.0816512,-0.7102516,-0.3972599,-0.3972599,-0.4683060,-0.2961818
0.8919375,0.8919375,0.9011995,-0.3892535,-0.3040990,-0.9570637,-0.0800048,-0.6959442,-0.3892535,-0.3892535,-0.4588677,-0.2902125
0.8969375,0.8969375,0.9061995,-0.3814475,-0.2979998,-0.9378811,-0.0783996,-0.6819946,-0.3814475,-0.3814475,-0.4496657,-0.2843927
0.9019375,0.9019375,0.9111995,-0.3738359,-0.2920526,-0.9191756,-0.0768345,-0.6683921,-0.3738359,-0.3738359,-0.4406929,-0.2787178
0.9069375,0.9069375,0.9161995,-0.3664129,-0.2862528,-0.9009330,-0.0753081,-0.6551261,-0.3664129,-0.3664129,-0.4319423,-0.2731834
0.9119375,0.9119375,0.9211995,-0.3591728,-0.2805959,-0.8831394,-0.0738194,-0.6421867,-0.3591728,-0.3591728,-0.4234074,-0.2677855
0.9169375,0.9169375,0.9261995,-0.3521101,-0.2750777,-0.8657814,-0.0723673,-0.6295642,-0.3521101,-0.3521101,-0.4150816,-0.2625198
0.9219375,0.9219375,0.9311995,-0.3452196,-0.2696940,-0.8488462,-0.0709505,-0.6172491,-0.3452196,-0.3452196,-0.4069588,-0.2573825
0.9269375,0.9269375,0.9361995,-0.3384962,-0.2644410,-0.8323214,-0.0695682,-0.6052324,-0.3384962,-0.3384962,-0.3990330,-0.2523698
0.9319375,0.9319375,0.9411995,-0.3319350,-0.2593147,-0.8161949,-0.0682192,-0.5935054,-0.3319350,-0.3319350,-0.3912984,-0.2474781
0.9369375,0.9369375,0.9461995,-0.3255314,-0.2543115,-0.8004552,-0.0669027,-0.5820598,-0.3255314,-0.3255314,-0.3837495,-0.2427037
0.9419375,0.9419375,0.9511995,-0.3192807,-0.2494278,-0.7850911,-0.0656176,-0.5708872,-0.3192807,-0.3192807,-0.3763809,-0.2380434
0.9469375,0.9469375,0.9561995,-0.3131784,-0.2446602,-0.7700917,-0.0643630,-0.5599799,-0.3131784,-0.3131784,-0.3691874,-0.2334939
0.9519375,0.9519375,0.9611995,-0.3072205,-0.2400053,-0.7554466,-0.0631382,-0.5493303,-0.3072205,-0.3072205,-0.3621639,-0.2290519
0.9569375,0.9569375,0.9661995,-0.3014027,-0.2354600,-0.7411458,-0.0619421,-0.5389310,-0.3014027,-0.3014027,-0.3553057,-0.2247143
0.9619375,0.9619375,0.9711995,-0.2957211,-0.2310210,-0.7271794,-0.0607741,-0.5287749,-0.2957211,-0.2957211,-0.3486079,-0.2204783
0.9669375,0.9669375,0.9761995,-0.2901718,-0.2266855,-0.7135381,-0.0596333,-0.5188552,-0.2901718,-0.2901718,-0.3420662,-0.2163410
0.9719375,0.9719375,0.9811995,-0.2847511,-0.2224504,-0.7002126,-0.0585190,-0.5091653,-0.2847511,-0.2847511,-0.3356760,-0.2122995
0.9769375,0.9769375,0.9861995,-0.2794554,-0.2183130,-0.6871943,-0.0574304,-0.4996986,-0.2794554,-0.2794554,-0.3294333,-0.2083513
0.9819375,0.9819375,0.9911995,-0.2742812,-0.2142706,-0.6744746,-0.0563668,-0.4904492,-0.2742812,-0.2742812,-0.3233338,-0.2044936
0.9869375,0.9869375,0.9961995,-0.2692253,-0.2103206,-0.6620452,-0.0553275,-0.4814108,-0.2692253,-0.2692253,-0.3173736,-0.2007241
0.9919375,0.9919375,1.0011995,-0.2642842,-0.2064603,-0.6498981,-0.0543118,-0.4725778,-0.2642842,-0.2642842,-0.3115489,-0.1970402
0.9969375,0.9969375,1.0061995,-0.2594550,-0.2026874,-0.6380257,-0.0533191,-0.4639445,-0.2594550,-0.2594550,-0.3058560,-0.1934397
1.0019375,1.0019375,1.0111995,-0.2547344,-0.1989995,-0.6264205,-0.0523488,-0.4555055,-0.2547344,-0.2547344,-0.3002912,-0.1899203
1.0069375,1.0069375,1.0161995,-0.2501197,-0.1953942,-0.6150751,-0.0514002,-0.4472555,-0.2501197,-0.2501197,-0.2948512,-0.1864797
1.0119375,1.0119375,1.0211995,-0.2456079,-0.1918693,-0.6039827,-0.0504728,-0.4391894,-0.2456079,-0.2456079,-0.2895324,-0.1831158
1.0169375,1.0169375,1.0261995,-0.2411962,-0.1884227,-0.5931364,-0.0495660,-0.4313023,-0.2411962,-0.2411962,-0.2843318,-0.1798267
1.0219375,1.0219375,1.0311995,-0.2368821,-0.1850523,-0.5825297,-0.0486793,-0.4235894,-0.2368821,-0.2368821,-0.2792461,-0.1766102
1.0269375,1.0269375,1.0361995,-0.2326628,-0.1817560,-0.5721562,-0.0478120,-0.4160462,-0.2326628,-0.2326628,-0.2742723,-0.1734645
1.0319375,1.0319375,1.0411995,-0.2285359,-0.1785319,-0.5620097,-0.0469638,-0.4086680,-0.2285359,-0.2285359,-0.2694074,-0.1703877
1.0369375,1.0369375,1.0461995,-0.2244990,-0.1753781,-0.5520843,-0.0461341,-0.4014506,-0.2244990,-0.2244990,-0.2646485,-0.1673779
1.0419375,1.0419375,1.0511995,-0.2205497,-0.1722928,-0.5423742,-0.0453223,-0.3943897,-0.2205497,-0.2205497,-0.2599929,-0.1644335
1.0469375,1.0469375,1.0561995,-0.2166857,-0.1692741,-0.5328737,-0.0445282,-0.3874813,-0.2166857,-0.2166857,-0.2554378,-0.1615526
1.0519375,1.0519375,1.0611995,-0.2129048,-0.1663203,-0.5235775,-0.0437511,-0.3807214,-0.2129048,-0.2129048,-0.2509808,-0.1587337
1.0569375,1.0569375,1.0661995,-0.2092049,-0.1634298,-0.5144803,-0.0429906,-0.3741062,-0.2092049,-0.2092049,-0.2466191,-0.1559752
1.0619375,1.0619375,1.0711995,-0.2055838,-0.1606009,-0.5055769,-0.0422464,-0.3676320,-0.2055838,-0.2055838,-0.2423505,-0.1532755
1.0669375,1.0669375,1.0761995,-0.2020396,-0.1578321,-0.4968624,-0.0415179,-0.3612951,-0.2020396,-0.2020396,-0.2381724,-0.1506330
1.0719375,1.0719375,1.0811995,-0.1985703,-0.1551218,-0.4883320,-0.0408049,-0.3550921,-0.1985703,-0.1985703,-0.2340827,-0.1480465
1.0769375,1.0769375,1.0861995,-0.1951740,-0.1524685,-0.4799810,-0.0401069,-0.3490196,-0.1951740,-0.1951740,-0.2300789,-0.1455143
1.0819375,1.0819375,1.0911995,-0.1918488,-0.1498708,-0.4718049,-0.0394235,-0.3430743,-0.1918488,-0.1918488,-0.2261591,-0.1430352
1.0869375,1.0869375,1.0961995,-0.1885930,-0.1473273,-0.4637993,-0.0387543,-0.3372529,-0.1885930,-0.1885930,-0.2223211,-0.1406078
1.0919375,1.0919375,1.1011995,-0.1854049,-0.1448366,-0.4559600,-0.0380991,-0.3315524,-0.1854049,-0.1854049,-0.2185627,-0.1382308
1.0969375,1.0969375,1.1061995,-0.1822827,-0.1423975,-0.4482827,-0.0374574,-0.3259698,-0.1822827,-0.1822827,-0.2148821,-0.1359030
1.1019375,1.1019375,1.1111995,-0.1792248,-0.1400086,-0.4407636,-0.0368290,-0.3205022,-0.1792248,-0.1792248,-0.2112774,-0.1336232
1.1069375,1.1069375,1.1161995,-0.1762296,-0.1376687,-0.4333986,-0.0362134,-0.3151467,-0.1762296,-0.1762296,-0.2077465,-0.1313901
1.1119375,1.1119375,1.1211995,-0.1732956,-0.1353766,-0.4261841,-0.0356104,-0.3099006,-0.1732956,-0.1732956,-0.2042878,-0.1292026
1.1169375,1.1169375,1.1261995,-0.1704213,-0.1331312,-0.4191162,-0.0350197,-0.3047611,-0.1704213,-0.1704213,-0.2008995,-0.1270596
1.1219375,1.1219375,1.1311995,-0.1676052,-0.1309312,-0.4121915,-0.0344410,-0.2997258,-0.1676052,-0.1676052,-0.1975798,-0.1249601
1.1269375,1.1269375,1.1361995,-0.1648460,-0.1287756,-0.4054065,-0.0338739,-0.2947920,-0.1648460,-0.1648460,-0.1943270,-0.1229029
1.1319375,1.1319375,1.1411995,-0.1621422,-0.1266634,-0.3987579,-0.0333183,-0.2899574,-0.1621422,-0.1621422,-0.1911397,-0.1208870
1.1369375,1.1369375,1.1461995,-0.1594925,-0.1245934,-0.3922422,-0.0327737,-0.2852195,-0.1594925,-0.1594925,-0.1880161,-0.1189115
1.1419375,1.1419375,1.1511995,-0.1568956,-0.1225647,-0.3858564,-0.0322401,-0.2805760,-0.1568956,-0.1568956,-0.1849548,-0.1169754
1.1469375,1.1469375,1.1561995,-0.1543503,-0.1205763,-0.3795974,-0.0317170,-0.2760247,-0.1543503,-0.1543503,-0.1819543,-0.1150777
1.1519375,1.1519375,1.1611995,-0.1518554,-0.1186272,-0.3734621,-0.0312042,-0.2715634,-0.1518554,-0.1518554,-0.1790132,-0.1132176
1.1569375,1.1569375,1.1661995,-0.1494095,-0.1167165,-0.3674477,-0.0307016,-0.2671899,-0.1494095,-0.1494095,-0.1761299,-0.1113941
1.1619375,1.1619375,1.1711995,-0.1470117,-0.1148434,-0.3615512,-0.0302088,-0.2629023,-0.1470117,-0.1470117,-0.1733033,-0.1096063
1.1669375,1.1669375,1.1761995,-0.1446607,-0.1130068,-0.3557699,-0.0297257,-0.2586984,-0.1446607,-0.1446607,-0.1705319,-0.1078536
1.1719375,1.1719375,1.1811995,-0.1423556,-0.1112059,-0.3501012,-0.0292520,-0.2545764,-0.1423556,-0.1423556,-0.1678144,-0.1061349
1.1769375,1.1769375,1.1861995,-0.1400951,-0.1094400,-0.3445424,-0.0287875,-0.2505343,-0.1400951,-0.1400951,-0.1651497,-0.1044496
1.1819375,1.1819375,1.1911995,-0.1378783,-0.1077083,-0.3390910,-0.0283319,-0.2465702,-0.1378783,-0.1378783,-0.1625364,-0.1027968
1.1869375,1.1869375,1.1961995,-0.1357041,-0.1060098,-0.3337445,-0.0278851,-0.2426825,-0.1357041,-0.1357041,-0.1599734,-0.1011758
1.1919375,1.1919375,1.2011995,-0.1335717,-0.1043439,-0.3285005,-0.0274469,-0.2388693,-0.1335717,-0.1335717,-0.1574596,-0.0995860
1.1969375,1.1969375,1.2061995,-0.1314799,-0.1027099,-0.3233566,-0.0270170,-0.2351289,-0.1314799,-0.1314799,-0.1549938,-0.0980264
1.2019375,1.2019375,1.2111995,-0.1294280,-0.1011069,-0.3183106,-0.0265954,-0.2314597,-0.1294280,-0.1294280,-0.1525749,-0.0964966
1.2069375,1.2069375,1.2161995,-0.1274150,-0.0995344,-0.3133602,-0.0261817,-0.2278600,-0.1274150,-0.1274150,-0.1502019,-0.0949958
1.2119375,1.2119375,1.2211995,-0.1254400,-0.0979915,-0.3085034,-0.0257758,-0.2243283,-0.1254400,-0.1254400,-0.1478737,-0.0935233
1.2169375,1.2169375,1.2261995,-0.1235022,-0.0964777,-0.3037379,-0.0253776,-0.2208630,-0.1235022,-0.1235022,-0.1455893,-0.0920785
1.2219375,1.2219375,1.2311995,-0.1216007,-0.0949922,-0.2990617,-0.0249869,-0.2174628,-0.1216007,-0.1216007,-0.1433477,-0.0906608
1.2269375,1.2269375,1.2361995,-0.1197347,-0.0935345,-0.2944729,-0.0246034,-0.2141260,-0.1197347,-0.1197347,-0.1411480,-0.0892697
1.2319375,1.2319375,1.2411995,-0.1179035,-0.0921040,-0.2899695,-0.0242271,-0.2108513,-0.1179035,-0.1179035,-0.1389893,-0.0879043
1.2369375,1.2369375,1.2461995,-0.1161062,-0.0906999,-0.2855496,-0.0238578,-0.2076374,-0.1161062,-0.1161062,-0.1368706,-0.0865644
1.2419375,1.2419375,1.2511995,-0.1143421,-0.0893219,-0.2812114,-0.0234953,-0.2044828,-0.1143421,-0.1143421,-0.1347910,-0.0852491
1.2469375,1.2469375,1.2561995,-0.1126105,-0.0879692,-0.2769530,-0.0231394,-0.2013863,-0.1126105,-0.1126105,-0.1327498,-0.0839581
1.2519375,1.2519375,1.2611995,-0.1109107,-0.0866413,-0.2727728,-0.0227901,-0.1983467,-0.1109107,-0.1109107,-0.1307460,-0.0826908
1.2569375,1.2569375,1.2661995,-0.1092420,-0.0853377,-0.2686689,-0.0224472,-0.1953626,-0.1092420,-0.1092420,-0.1287788,-0.0814467
1.2619375,1.2619375,1.2711995,-0.1076036,-0.0840578,-0.2646399,-0.0221105,-0.1924328,-0.1076036,-0.1076036,-0.1268475,-0.0802252
1.2669375,1.2669375,1.2761995,-0.1059950,-0.0828012,-0.2606839,-0.0217800,-0.1895562,-0.1059950,-0.1059950,-0.1249512,-0.0790259
1.2719375,1.2719375,1.2811995,-0.1044156,-0.0815673,-0.2567995,-0.0214554,-0.1867317,-0.1044156,-0.1044156,-0.1230892,-0.0778483
1.2769375,1.2769375,1.2861995,-0.1028645,-0.0803557,-0.2529852,-0.0211367,-0.1839581,-0.1028645,-0.1028645,-0.1212608,-0.0766919
1.2819375,1.2819375,1.2911995,-0.1013414,-0.0791658,-0.2492394,-0.0208237,-0.1812343,-0.1013414,-0.1013414,-0.1194653,-0.0755563
1.2869375,1.2869375,1.2961995,-0.0998455,-0.0779973,-0.2455606,-0.0205163,-0.1785593,-0.0998455,-0.0998455,-0.1177019,-0.0744410
1.2919375,1.2919375,1.3011995,-0.0983763,-0.0768495,-0.2419475,-0.0202144,-0.1759320,-0.0983763,-0.0983763,-0.1159699,-0.0733457
1.2969375,1.2969375,1.3061995,-0.0969333,-0.0757222,-0.2383986,-0.0199179,-0.1733514,-0.0969333,-0.0969333,-0.1142688,-0.0722698
1.3019375,1.3019375,1.3111995,-0.0955158,-0.0746149,-0.2349126,-0.0196266,-0.1708166,-0.0955158,-0.0955158,-0.1125978,-0.0712130
1.3069375,1.3069375,1.3161995,-0.0941234,-0.0735272,-0.2314882,-0.0193405,-0.1683265,-0.0941234,-0.0941234,-0.1109564,-0.0701748
1.3119375,1.3119375,1.3211995,-0.0927554,-0.0724586,-0.2281240,-0.0190594,-0.1658802,-0.0927554,-0.0927554,-0.1093438,-0.0691550
1.3169375,1.3169375,1.3261995,-0.0914115,-0.0714087,-0.2248189,-0.0187832,-0.1634769,-0.0914115,-0.0914115,-0.1077595,-0.0681530
1.3219375,1.3219375,1.3311995,-0.0900911,-0.0703772,-0.2215715,-0.0185119,-0.1611156,-0.0900911,-0.0900911,-0.1062029,-0.0671685
1.3269375,1.3269375,1.3361995,-0.0887937,-0.0693637,-0.2183808,-0.0182453,-0.1587955,-0.0887937,-0.0887937,-0.1046735,-0.0662012
1.3319375,1.3319375,1.3411995,-0.0875188,-0.0683678,-0.2152455,-0.0179833,-0.1565156,-0.0875188,-0.0875188,-0.1031706,-0.0652507
1.3369375,1.3369375,1.3461995,-0.0862660,-0.0673891,-0.2121644,-0.0177259,-0.1542752,-0.0862660,-0.0862660,-0.1016938,-0.0643167
1.3419375,1.3419375,1.3511995,-0.0850348,-0.0664273,-0.2091366,-0.0174729,-0.1520735,-0.0850348,-0.0850348,-0.1002424,-0.0633988
1.3469375,1.3469375,1.3561995,-0.0838248,-0.0654821,-0.2061608,-0.0172242,-0.1499097,-0.0838248,-0.0838248,-0.0988160,-0.0624966
1.3519375,1.3519375,1.3611995,-0.0826356,-0.0645531,-0.2032361,-0.0169799,-0.1477830,-0.0826356,-0.0826356,-0.0974141,-0.0616100
1.3569375,1.3569375,1.3661995,-0.0814667,-0.0636399,-0.2003613,-0.0167397,-0.1456926,-0.0814667,-0.0814667,-0.0960361,-0.0607385
1.3619375,1.3619375,1.3711995,-0.0803177,-0.0627423,-0.1975355,-0.0165036,-0.1436378,-0.0803177,-0.0803177,-0.0946817,-0.0598818
1.3669375,1.3669375,1.3761995,-0.0791882,-0.0618600,-0.1947577,-0.0162715,-0.1416179,-0.0791882,-0.0791882,-0.0933502,-0.0590397
1.3719375,1.3719375,1.3811995,-0.0780778,-0.0609926,-0.1920270,-0.0160433,-0.1396323,-0.0780778,-0.0780778,-0.0920412,-0.0582119
1.3769375,1.3769375,1.3861995,-0.0769862,-0.0601399,-0.1893423,-0.0158190,-0.1376801,-0.0769862,-0.0769862,-0.0907544,-0.0573980
1.3819375,1.3819375,1.3911995,-0.0759129,-0.0593014,-0.1867028,-0.0155985,-0.1357608,-0.0759129,-0.0759129,-0.0894892,-0.0565978
1.3869375,1.3869375,1.3961995,-0.0748577,-0.0584771,-0.1841075,-0.0153816,-0.1338736,-0.0748577,-0.0748577,-0.0882452,-0.0558111
1.3919375,1.3919375,1.4011995,-0.0738201,-0.0576665,-0.1815557,-0.0151684,-0.1320181,-0.0738201,-0.0738201,-0.0870220,-0.0550375
1.3969375,1.3969375,1.4061995,-0.0727998,-0.0568695,-0.1790463,-0.0149588,-0.1301934,-0.0727998,-0.0727998,-0.0858193,-0.0542768
1.4019375,1.4019375,1.4111995,-0.0717964,-0.0560857,-0.1765787,-0.0147526,-0.1283991,-0.0717964,-0.0717964,-0.0846364,-0.0535287
1.4069375,1.4069375,1.4161995,-0.0708097,-0.0553148,-0.1741520,-0.0145498,-0.1266344,-0.0708097,-0.0708097,-0.0834732,-0.0527930
1.4119375,1.4119375,1.4211995,-0.0698392,-0.0545568,-0.1717653,-0.0143504,-0.1248990,-0.0698392,-0.0698392,-0.0823292,-0.0520695
1.4169375,1.4169375,1.4261995,-0.0688848,-0.0538111,-0.1694179,-0.0141543,-0.1231921,-0.0688848,-0.0688848,-0.0812041,-0.0513579
1.4219375,1.4219375,1.4311995,-0.0679460,-0.0530778,-0.1671091,-0.0139614,-0.1215132,-0.0679460,-0.0679460,-0.0800974,-0.0506580
1.4269375,1.4269375,1.4361995,-0.0670225,-0.0523564,-0.1648380,-0.0137716,-0.1198618,-0.0670225,-0.0670225,-0.0790088,-0.0499695
1.4319375,1.4319375,1.4411995,-0.0661142,-0.0516468,-0.1626040,-0.0135850,-0.1182374,-0.0661142,-0.0661142,-0.0779380,-0.0492922
1.4369375,1.4369375,1.4461995,-0.0652206,-0.0509488,-0.1604063,-0.0134014,-0.1166393,-0.0652206,-0.0652206,-0.0768846,-0.0486260
1.4419375,1.4419375,1.4511995,-0.0643415,-0.0502620,-0.1582443,-0.0132207,-0.1150672,-0.0643415,-0.0643415,-0.0758483,-0.0479706
1.4469375,1.4469375,1.4561995,-0.0634766,-0.0495864,-0.1561173,-0.0130430,-0.1135205,-0.0634766,-0.0634766,-0.0748288,-0.0473258
1.4519375,1.4519375,1.4611995,-0.0626257,-0.0489217,-0.1540245,-0.0128682,-0.1119988,-0.0626257,-0.0626257,-0.0738257,-0.0466914
1.4569375,1.4569375,1.4661995,-0.0617885,-0.0482677,-0.1519654,-0.0126961,-0.1105015,-0.0617885,-0.0617885,-0.0728387,-0.0460672
1.4619375,1.4619375,1.4711995,-0.0609647,-0.0476241,-0.1499393,-0.0125268,-0.1090282,-0.0609647,-0.0609647,-0.0718675,-0.0454530
1.4669375,1.4669375,1.4761995,-0.0601540,-0.0469908,-0.1479456,-0.0123603,-0.1075785,-0.0601540,-0.0601540,-0.0709119,-0.0448486
1.4719375,1.4719375,1.4811995,-0.0593563,-0.0463677,-0.1459837,-0.0121964,-0.1061519,-0.0593563,-0.0593563,-0.0699715,-0.0442538
1.4769375,1.4769375,1.4861995,-0.0585712,-0.0457544,-0.1440529,-0.0120350,-0.1047479,-0.0585712,-0.0585712,-0.0690461,-0.0436685
1.4819375,1.4819375,1.4911995,-0.0577986,-0.0451509,-0.1421528,-0.0118763,-0.1033662,-0.0577986,-0.0577986,-0.0681353,-0.0430925
1.4869375,1.4869375,1.4961995,-0.0570382,-0.0445568,-0.1402826,-0.0117200,-0.1020064,-0.0570382,-0.0570382,-0.0672389,-0.0425255
1.4919375,1.4919375,1.5011995,-0.0562898,-0.0439722,-0.1384419,-0.0115662,-0.1006679,-0.0562898,-0.0562898,-0.0663566,-0.0419676
1.4969375,1.4969375,1.5061995,-0.0555531,-0.0433967,-0.1366302,-0.0114149,-0.0993505,-0.0555531,-0.0555531,-0.0654882,-0.0414183
1.5019375,1.5019375,1.5111995,-0.0548280,-0.0428303,-0.1348468,-0.0112659,-0.0980537,-0.0548280,-0.0548280,-0.0646334,-0.0408777
1.5069375,1.5069375,1.5161995,-0.0541142,-0.0422727,-0.1330913,-0.0111192,-0.0967772,-0.0541142,-0.0541142,-0.0637920,-0.0403455
1.5119375,1.5119375,1.5211995,-0.0534115,-0.0417238,-0.1313632,-0.0109748,-0.0955206,-0.0534115,-0.0534115,-0.0629636,-0.0398216
1.5169375,1.5169375,1.5261995,-0.0527198,-0.0411834,-0.1296619,-0.0108327,-0.0942835,-0.0527198,-0.0527198,-0.0621482,-0.0393059
1.5219375,1.5219375,1.5311995,-0.0520388,-0.0406514,-0.1279869,-0.0106927,-0.0930656,-0.0520388,-0.0520388,-0.0613453,-0.0387981
1.5269375,1.5269375,1.5361995,-0.0513682,-0.0401276,-0.1263379,-0.0105550,-0.0918664,-0.0513682,-0.0513682,-0.0605549,-0.0382982
1.5319375,1.5319375,1.5411995,-0.0507081,-0.0396119,-0.1247142,-0.0104193,-0.0906858,-0.0507081,-0.0507081,-0.0597767,-0.0378060
1.5369375,1.5369375,1.5461995,-0.0500580,-0.0391041,-0.1231155,-0.0102857,-0.0895233,-0.0500580,-0.0500580,-0.0590104,-0.0373214
1.5419375,1.5419375,1.5511995,-0.0494180,-0.0386041,-0.1215413,-0.0101542,-0.0883786,-0.0494180,-0.0494180,-0.0582558,-0.0368442
1.5469375,1.5469375,1.5561995,-0.0487877,-0.0381117,-0.1199911,-0.0100247,-0.0872514,-0.0487877,-0.0487877,-0.0575128,-0.0363743
1.5519375,1.5519375,1.5611995,-0.0481670,-0.0376268,-0.1184646,-0.0098972,-0.0861414,-0.0481670,-0.0481670,-0.0567811,-0.0359115
1.5569375,1.5569375,1.5661995,-0.0475557,-0.0371493,-0.1169613,-0.0097716,-0.0850483,-0.0475557,-0.0475557,-0.0560606,-0.0354558
1.5619375,1.5619375,1.5711995,-0.0469537,-0.0366791,-0.1154808,-0.0096479,-0.0839717,-0.0469537,-0.0469537,-0.0553509,-0.0350070
1.5669375,1.5669375,1.5761995,-0.0463609,-0.0362159,-0.1140226,-0.0095261,-0.0829114,-0.0463609,-0.0463609,-0.0546520,-0.0345649
1.5719375,1.5719375,1.5811995,-0.0457769,-0.0357598,-0.1125864,-0.0094061,-0.0818671,-0.0457769,-0.0457769,-0.0539636,-0.0341296
1.5769375,1.5769375,1.5861995,-0.0452018,-0.0353105,-0.1111719,-0.0092879,-0.0808385,-0.0452018,-0.0452018,-0.0532856,-0.0337007
1.5819375,1.5819375,1.5911995,-0.0446352,-0.0348679,-0.1097785,-0.0091715,-0.0798253,-0.0446352,-0.0446352,-0.0526178,-0.0332784
1.5869375,1.5869375,1.5961995,-0.0440772,-0.0344320,-0.1084060,-0.0090568,-0.0788273,-0.0440772,-0.0440772,-0.0519599,-0.0328623
1.5919375,1.5919375,1.6011995,-0.0435274,-0.0340025,-0.1070540,-0.0089438,-0.0778442,-0.0435274,-0.0435274,-0.0513119,-0.0324524
1.5969375,1.5969375,1.6061995,-0.0429859,-0.0335795,-0.1057221,-0.0088326,-0.0768757,-0.0429859,-0.0429859,-0.0506735,-0.0320487
1.6019375,1.6019375,1.6111995,-0.0424524,-0.0331627,-0.1044099,-0.0087229,-0.0759216,-0.0424524,-0.0424524,-0.0500445,-0.0316509
1.6069375,1.6069375,1.6161995,-0.0419268,-0.0327521,-0.1031172,-0.0086149,-0.0749816,-0.0419268,-0.0419268,-0.0494249,-0.0312590
1.6119375,1.6119375,1.6211995,-0.0414089,-0.0323476,-0.1018436,-0.0085085,-0.0740555,-0.0414089,-0.0414089,-0.0488144,-0.0308729
1.6169375,1.6169375,1.6261995,-0.0408987,-0.0319490,-0.1005887,-0.0084037,-0.0731430,-0.0408987,-0.0408987,-0.0482130,-0.0304925
1.6219375,1.6219375,1.6311995,-0.0403959,-0.0315563,-0.0993523,-0.0083004,-0.0722439,-0.0403959,-0.0403959,-0.0476203,-0.0301177
1.6269375,1.6269375,1.6361995,-0.0399006,-0.0311693,-0.0981340,-0.0081986,-0.0713580,-0.0399006,-0.0399006,-0.0470364,-0.0297484
1.6319375,1.6319375,1.6411995,-0.0394125,-0.0307880,-0.0969335,-0.0080983,-0.0704851,-0.0394125,-0.0394125,-0.0464610,-0.0293845
1.6369375,1.6369375,1.6461995,-0.0389314,-0.0304122,-0.0957505,-0.0079995,-0.0696249,-0.0389314,-0.0389314,-0.0458939,-0.0290258
1.6419375,1.6419375,1.6511995,-0.0384574,-0.0300420,-0.0945847,-0.0079021,-0.0687771,-0.0384574,-0.0384574,-0.0453351,-0.0286724
1.6469375,1.6469375,1.6561995,-0.0379903,-0.0296770,-0.0934358,-0.0078061,-0.0679417,-0.0379903,-0.0379903,-0.0447845,-0.0283241
1.6519375,1.6519375,1.6611995,-0.0375299,-0.0293174,-0.0923035,-0.0077115,-0.0671184,-0.0375299,-0.0375299,-0.0442417,-0.0279809
1.6569375,1.6569375,1.6661995,-0.0370762,-0.0289630,-0.0911876,-0.0076183,-0.0663069,-0.0370762,-0.0370762,-0.0437069,-0.0276426
1.6619375,1.6619375,1.6711995,-0.0366290,-0.0286136,-0.0900877,-0.0075264,-0.0655072,-0.0366290,-0.0366290,-0.0431797,-0.0273092
1.6669375,1.6669375,1.6761995,-0.0361882,-0.0282693,-0.0890036,-0.0074358,-0.0647189,-0.0361882,-0.0361882,-0.0426601,-0.0269806
1.6719375,1.6719375,1.6811995,-0.0357537,-0.0279299,-0.0879351,-0.0073465,-0.0639419,-0.0357537,-0.0357537,-0.0421479,-0.0266567
1.6769375,1.6769375,1.6861995,-0.0353255,-0.0275953,-0.0868818,-0.0072585,-0.0631760,-0.0353255,-0.0353255,-0.0416431,-0.0263374
1.6819375,1.6819375,1.6911995,-0.0349033,-0.0272656,-0.0858435,-0.0071718,-0.0624210,-0.0349033,-0.0349033,-0.0411454,-0.0260226
1.6869375,1.6869375,1.6961995,-0.0344872,-0.0269405,-0.0848200,-0.0070863,-0.0616768,-0.0344872,-0.0344872,-0.0406548,-0.0257124
1.6919375,1.6919375,1.7011995,-0.0340769,-0.0266200,-0.0838111,-0.0070020,-0.0609431,-0.0340769,-0.0340769,-0.0401712,-0.0254065
1.6969375,1.6969375,1.7061995,-0.0336725,-0.0263041,-0.0828164,-0.0069189,-0.0602198,-0.0336725,-0.0336725,-0.0396945,-0.0251050
1.7019375,1.7019375,1.7111995,-0.0332738,-0.0259926,-0.0818357,-0.0068369,-0.0595068,-0.0332738,-0.0332738,-0.0392244,-0.0248077
1.7069375,1.7069375,1.7161995,-0.0328807,-0.0256855,-0.0808689,-0.0067562,-0.0588037,-0.0328807,-0.0328807,-0.0387610,-0.0245146
1.7119375,1.7119375,1.7211995,-0.0324931,-0.0253827,-0.0799156,-0.0066765,-0.0581106,-0.0324931,-0.0324931,-0.0383041,-0.0242256
1.7169375,1.7169375,1.7261995,-0.0321109,-0.0250842,-0.0789757,-0.0065980,-0.0574271,-0.0321109,-0.0321109,-0.0378536,-0.0239407
1.7219375,1.7219375,1.7311995,-0.0317341,-0.0247898,-0.0780489,-0.0065206,-0.0567532,-0.0317341,-0.0317341,-0.0374094,-0.0236597
1.7269375,1.7269375,1.7361995,-0.0313625,-0.0244996,-0.0771351,-0.0064442,-0.0560887,-0.0313625,-0.0313625,-0.0369714,-0.0233827
1.7319375,1.7319375,1.7411995,-0.0309961,-0.0242134,-0.0762340,-0.0063689,-0.0554335,-0.0309961,-0.0309961,-0.0365395,-0.0231096
1.7369375,1.7369375,1.7461995,-0.0306348,-0.0239311,-0.0753454,-0.0062947,-0.0547873,-0.0306348,-0.0306348,-0.0361135,-0.0228402
1.7419375,1.7419375,1.7511995,-0.0302785,-0.0236528,-0.0744691,-0.0062215,-0.0541501,-0.0302785,-0.0302785,-0.0356935,-0.0225745
1.7469375,1.7469375,1.7561995,-0.0299272,-0.0233783,-0.0736049,-0.0061493,-0.0535217,-0.0299272,-0.0299272,-0.0352793,-0.0223126
1.7519375,1.7519375,1.7611995,-0.0295806,-0.0231076,-0.0727526,-0.0060781,-0.0529020,-0.0295806,-0.0295806,-0.0348708,-0.0220542
1.7569375,1.7569375,1.7661995,-0.0292389,-0.0228406,-0.0719121,-0.0060079,-0.0522908,-0.0292389,-0.0292389,-0.0344679,-0.0217994
1.7619375,1.7619375,1.7711995,-0.0289018,-0.0225773,-0.0710830,-0.0059386,-0.0516880,-0.0289018,-0.0289018,-0.0340706,-0.0215481
1.7669375,1.7669375,1.7761995,-0.0285693,-0.0223176,-0.0702654,-0.0058703,-0.0510934,-0.0285693,-0.0285693,-0.0336786,-0.0213002
1.7719375,1.7719375,1.7811995,-0.0282414,-0.0220614,-0.0694589,-0.0058029,-0.0505070,-0.0282414,-0.0282414,-0.0332921,-0.0210557
1.7769375,1.7769375,1.7861995,-0.0279180,-0.0218088,-0.0686633,-0.0057364,-0.0499285,-0.0279180,-0.0279180,-0.0329108,-0.0208146
1.7819375,1.7819375,1.7911995,-0.0275989,-0.0215595,-0.0678786,-0.0056709,-0.0493579,-0.0275989,-0.0275989,-0.0325347,-0.0205767
1.7869375,1.7869375,1.7961995,-0.0272842,-0.0213137,-0.0671046,-0.0056062,-0.0487950,-0.0272842,-0.0272842,-0.0321637,-0.0203421
1.7919375,1.7919375,1.8011995,-0.0269737,-0.0210711,-0.0663410,-0.0055424,-0.0482398,-0.0269737,-0.0269737,-0.0317977,-0.0201106
1.7969375,1.7969375,1.8061995,-0.0266674,-0.0208319,-0.0655877,-0.0054795,-0.0476921,-0.0266674,-0.0266674,-0.0314366,-0.0198822
1.8019375,1.8019375,1.8111995,-0.0263653,-0.0205959,-0.0648446,-0.0054174,-0.0471517,-0.0263653,-0.0263653,-0.0310804,-0.0196570
1.8069375,1.8069375,1.8161995,-0.0260672,-0.0203630,-0.0641115,-0.0053562,-0.0466186,-0.0260672,-0.0260672,-0.0307290,-0.0194347
1.8119375,1.8119375,1.8211995,-0.0257731,-0.0201333,-0.0633882,-0.0052957,-0.0460927,-0.0257731,-0.0257731,-0.0303824,-0.0192155
1.8169375,1.8169375,1.8261995,-0.0254830,-0.0199066,-0.0626746,-0.0052361,-0.0455738,-0.0254830,-0.0254830,-0.0300403,-0.0189991
1.8219375,1.8219375,1.8311995,-0.0251967,-0.0196830,-0.0619705,-0.0051773,-0.0450618,-0.0251967,-0.0251967,-0.0297028,-0.0187857
1.8269375,1.8269375,1.8361995,-0.0249142,-0.0194623,-0.0612758,-0.0051193,-0.0445566,-0.0249142,-0.0249142,-0.0293698,-0.0185751
1.8319375,1.8319375,1.8411995,-0.0246355,-0.0192446,-0.0605903,-0.0050620,-0.0440582,-0.0246355,-0.0246355,-0.0290413,-0.0183673
1.8369375,1.8369375,1.8461995,-0.0243605,-0.0190298,-0.0599139,-0.0050055,-0.0435664,-0.0243605,-0.0243605,-0.0287171,-0.0181623
1.8419375,1.8419375,1.8511995,-0.0240891,-0.0188178,-0.0592465,-0.0049497,-0.0430810,-0.0240891,-0.0240891,-0.0283972,-0.0179599
1.8469375,1.8469375,1.8561995,-0.0238213,-0.0186086,-0.0585879,-0.0048947,-0.0426021,-0.0238213,-0.0238213,-0.0280815,-0.0177603
1.8519375,1.8519375,1.8611995,-0.0235571,-0.0184022,-0.0579379,-0.0048404,-0.0421295,-0.0235571,-0.0235571,-0.0277700,-0.0175633
1.8569375,1.8569375,1.8661995,-0.0232963,-0.0181984,-0.0572965,-0.0047868,-0.0416631,-0.0232963,-0.0232963,-0.0274626,-0.0173688
1.8619375,1.8619375,1.8711995,-0.0230389,-0.0179974,-0.0566635,-0.0047339,-0.0412028,-0.0230389,-0.0230389,-0.0271592,-0.0171770
1.8669375,1.8669375,1.8761995,-0.0227849,-0.0177990,-0.0560388,-0.0046817,-0.0407486,-0.0227849,-0.0227849,-0.0268597,-0.0169876
1.8719375,1.8719375,1.8811995,-0.0225342,-0.0176031,-0.0554223,-0.0046302,-0.0403003,-0.0225342,-0.0225342,-0.0265642,-0.0168007
1.8769375,1.8769375,1.8861995,-0.0222868,-0.0174099,-0.0548138,-0.0045794,-0.0398578,-0.0222868,-0.0222868,-0.0262726,-0.0166162
1.8819375,1.8819375,1.8911995,-0.0220426,-0.0172191,-0.0542132,-0.0045292,-0.0394211,-0.0220426,-0.0220426,-0.0259847,-0.0164342
1.8869375,1.8869375,1.8961995,-0.0218016,-0.0170308,-0.0536204,-0.0044797,-0.0389900,-0.0218016,-0.0218016,-0.0257006,-0.0162545
1.8919375,1.8919375,1.9011995,-0.0215637,-0.0168450,-0.0530353,-0.0044308,-0.0385646,-0.0215637,-0.0215637,-0.0254201,-0.0160771
1.8969375,1.8969375,1.9061995,-0.0213289,-0.0166615,-0.0524578,-0.0043825,-0.0381446,-0.0213289,-0.0213289,-0.0251433,-0.0159020
1.9019375,1.9019375,1.9111995,-0.0210971,-0.0164805,-0.0518876,-0.0043349,-0.0377301,-0.0210971,-0.0210971,-0.0248700,-0.0157292
1.9069375,1.9069375,1.9161995,-0.0208682,-0.0163017,-0.0513249,-0.0042879,-0.0373208,-0.0208682,-0.0208682,-0.0246003,-0.0155586
1.9119375,1.9119375,1.9211995,-0.0206424,-0.0161253,-0.0507693,-0.0042415,-0.0369169,-0.0206424,-0.0206424,-0.0243340,-0.0153902
1.9169375,1.9169375,1.9261995,-0.0204194,-0.0159511,-0.0502209,-0.0041957,-0.0365181,-0.0204194,-0.0204194,-0.0240712,-0.0152239
1.9219375,1.9219375,1.9311995,-0.0201992,-0.0157791,-0.0496795,-0.0041504,-0.0361244,-0.0201992,-0.0201992,-0.0238117,-0.0150598
1.9269375,1.9269375,1.9361995,-0.0199819,-0.0156093,-0.0491450,-0.0041058,-0.0357357,-0.0199819,-0.0199819,-0.0235555,-0.0148978
1.9319375,1.9319375,1.9411995,-0.0197674,-0.0154417,-0.0486173,-0.0040617,-0.0353520,-0.0197674,-0.0197674,-0.0233025,-0.0147378
1.9369375,1.9369375,1.9461995,-0.0195555,-0.0152763,-0.0480963,-0.0040182,-0.0349732,-0.0195555,-0.0195555,-0.0230528,-0.0145799
1.9419375,1.9419375,1.9511995,-0.0193464,-0.0151129,-0.0475819,-0.0039752,-0.0345991,-0.0193464,-0.0193464,-0.0228063,-0.0144239
1.9469375,1.9469375,1.9561995,-0.0191399,-0.0149516,-0.0470740,-0.0039328,-0.0342298,-0.0191399,-0.0191399,-0.0225628,-0.0142700
1.9519375,1.9519375,1.9611995,-0.0189360,-0.0147923,-0.0465725,-0.0038909,-0.0338652,-0.0189360,-0.0189360,-0.0223225,-0.0141180
1.9569375,1.9569375,1.9661995,-0.0187347,-0.0146350,-0.0460774,-0.0038495,-0.0335051,-0.0187347,-0.0187347,-0.0220852,-0.0139679
1.9619375,1.9619375,1.9711995,-0.0185359,-0.0144797,-0.0455885,-0.0038087,-0.0331496,-0.0185359,-0.0185359,-0.0218508,-0.0138197
1.9669375,1.9669375,1.9761995,-0.0183396,-0.0143264,-0.0451057,-0.0037683,-0.0327986,-0.0183396,-0.0183396,-0.0216194,-0.0136733
1.9719375,1.9719375,1.9811995,-0.0181457,-0.0141750,-0.0446290,-0.0037285,-0.0324519,-0.0181457,-0.0181457,-0.0213909,-0.0135288
1.9769375,1.9769375,1.9861995,-0.0179543,-0.0140254,-0.0441582,-0.0036892,-0.0321096,-0.0179543,-0.0179543,-0.0211653,-0.0133861
1.9819375,1.9819375,1.9911995,-0.0177653,-0.0138778,-0.0436933,-0.0036503,-0.0317715,-0.0177653,-0.0177653,-0.0209424,-0.0132451
1.9869375,1.9869375,1.9961995,-0.0175786,-0.0137319,-0.0432342,-0.0036120,-0.0314377,-0.0175786,-0.0175786,-0.0207224,-0.0131060
1.9919375,1.9919375,2.0011995,-0.0173943,-0.0135879,-0.0427807,-0.0035741,-0.0311080,-0.0173943,-0.0173943,-0.0205050,-0.0129685
1.9969375,1.9969375,2.0061995,-0.0172122,-0.0134457,-0.0423329,-0.0035367,-0.0307824,-0.0172122,-0.0172122,-0.0202904,-0.0128328
