# r[nm],d[nm],daligned[nm],UC(d)[kJ/mol],UK(d)[kJ/mol],UCl(d)[kJ/mol],UC2A(d)[kJ/mol],UC4A(d)[kJ/mol],UC6A(d)[kJ/mol],UC8A(d)[kJ/mol],UC10A(d)[kJ/mol]
-0.9218813,-0.9218813,-0.9143947,26319.0266705,15789.0189954,122540.7678966,928.5438152,85512.3863116,2064378.1489741,25278081.5734953,200294128.3883804
-0.9168813,-0.9168813,-0.9093947,25970.2422411,15577.5721711,120943.5445627,914.1569333,84396.9233046,2037866.6909837,24954373.3103199,197731063.9125615
-0.9118813,-0.9118813,-0.9043947,26570.8434946,15941.6800885,123693.9397281,938.9307655,86317.7341855,2083519.0620322,25511794.6172166,202144626.8570950
-0.9068813,-0.9068813,-0.8993947,28126.1966479,16884.6185919,130816.2536646,1003.1079991,91291.7988163,2201734.4811935,26955210.2612508,213573315.6446829
-0.9018813,-0.9018813,-0.8943947,30649.0362736,18414.1648033,142368.1144779,1107.2675861,99359.3862590,2393459.1037900,29296148.4003253,232108358.0334404
-0.8968813,-0.8968813,-0.8893947,34156.3125247,20540.6816661,158426.0901374,1252.1908105,110574.0048954,2659947.9547466,32549895.5341184,257870713.0849499
-0.8918813,-0.8918813,-0.8843947,38034.7141625,22890.1469133,176208.3037285,1410.4968563,122991.9668910,2955429.0440698,36158521.2891485,286444733.2043610
-0.8868813,-0.8868813,-0.8793947,40314.2276777,24272.5215263,186641.7369098,1504.9422485,130278.6089416,3128527.0571038,38271878.7485626,303177530.7314510
-0.8818813,-0.8818813,-0.8743947,41451.0895184,24964.8607070,191810.0327109,1554.7861660,133889.2862901,3213742.1395190,39311018.0273525,311402494.4459838
-0.8768813,-0.8768813,-0.8693947,38436.6249375,23137.4398604,178004.7957337,1430.5058554,124248.0618595,2984584.3347439,36512943.7434747,289247781.5783370
-0.8718813,-0.8718813,-0.8643947,36274.8528666,21828.0090410,168091.6247379,1342.3919740,117325.3894523,2819836.5486383,34500869.8287231,273315551.0914055
-0.8668813,-0.8668813,-0.8593947,31474.0100542,18929.6524171,145960.2407502,1155.7744626,101874.2349441,2450281.9546758,29983348.3604844,237535957.3298863
-0.8618813,-0.8618813,-0.8543947,26013.3158515,15620.8365476,120933.3193343,932.1041777,84396.6989019,2034568.5582491,24906715.1295820,197338605.4887039
-0.8568813,-0.8568813,-0.8493947,20907.9718413,12537.7757836,97408.7552545,732.8287792,67972.5386033,1641908.1987099,20107113.9360727,159325645.8351874
-0.8518813,-0.8518813,-0.8443947,16053.8075585,9597.7210316,75146.5681887,535.1753175,52426.2546553,1271892.0194974,15587993.4475911,123541647.9839820
-0.8468813,-0.8468813,-0.8393947,12772.3207863,7610.5203878,60093.1322205,401.8601724,41914.1642476,1021633.0704661,12531367.1903332,99337916.9832407
-0.8418813,-0.8418813,-0.8343947,10598.3970720,6294.7591475,50111.7771551,314.2221610,34944.2916396,855564.4981757,10502719.9129392,83273548.5656531
-0.8368813,-0.8368813,-0.8293947,9164.8115547,5427.5799073,43523.6311015,256.8957206,30344.0591406,745861.7863224,9162410.3553999,72659527.3500559
-0.8318813,-0.8318813,-0.8243947,8233.2582530,4864.3995489,39238.7586361,219.9448288,27352.2361885,674454.2291090,8289841.4385076,65749304.1383580
-0.8268813,-0.8268813,-0.8193947,7650.0745449,4512.0128187,36554.0691377,210.9758946,25477.7811853,629680.5261067,7742648.2831220,61415702.2373548
-0.8218813,-0.8218813,-0.8143947,7319.1831778,4312.1566789,35029.7949170,198.1275647,24413.5638265,604244.3512763,7431749.2458071,58953404.2130546
-0.8168813,-0.8168813,-0.8093947,7185.9444840,4231.7025941,34415.7653248,192.9736791,23984.8693052,593993.9526011,7306452.5542964,57961044.9920510
-0.8118813,-0.8118813,-0.8043947,7228.2972405,4257.2761031,34610.9541839,194.6113968,24121.1432957,597252.4652620,7346283.5114920,58276509.6343715
-0.8068813,-0.8068813,-0.7993947,7453.2580991,4393.1309042,35647.4944158,203.3278255,24844.8266414,614553.2595697,7557754.6674272,59951363.4165467
-0.8018813,-0.8018813,-0.7943947,7898.0298915,4661.8219283,37695.7391961,206.7308674,26274.8904206,648723.7340058,7975388.4366533,63258947.6988431
-0.7968813,-0.7968813,-0.7893947,8635.9553183,5107.8211069,41091.4487748,235.8868717,28645.8251626,705335.4061314,8667210.0056882,68737866.1457530
-0.7918813,-0.7918813,-0.7843947,9788.5997004,5804.8558216,46390.9599834,281.7880060,32346.1753350,793617.1954738,9745892.8559794,77280221.1801083
-0.7868813,-0.7868813,-0.7793947,11546.6290687,6868.5901750,54466.5031930,352.3695658,37985.1161939,928033.1335740,11388012.4007560,90284039.5801437
-0.7818813,-0.7818813,-0.7743947,14204.2499856,8477.5454544,66663.4117032,459.9196321,46502.2619151,1130884.1943369,13865796.7060822,109904632.3164599
-0.7768813,-0.7768813,-0.7693947,18215.4145074,10907.2037504,85056.6458642,623.1831765,59346.8446749,1436553.2206352,17598926.9302387,139464678.5291630
-0.7718813,-0.7718813,-0.7643947,23888.9524689,14333.5480998,111197.9444850,845.0277781,77597.9788679,1872869.7260767,22932100.3029770,181703441.8019466
-0.7668813,-0.7668813,-0.7593947,28453.1468199,17098.3531522,132125.6933532,1031.2308731,92212.5410904,2220637.5147956,27179331.9001754,215334194.7519276
-0.7618813,-0.7618813,-0.7543947,35065.5943436,21107.4132471,162402.6862789,1304.3007869,113357.4119297,2723128.1345328,33314661.9471224,263912352.4918078
-0.7568813,-0.7568813,-0.7493947,37163.5244315,22366.5324542,172163.9192292,1378.8370824,120169.2932129,2887471.2869219,35326795.1282008,279855278.2822349
-0.7518813,-0.7518813,-0.7443947,39681.9433301,23892.0004708,183712.4491222,1481.4961100,128233.9905783,3079395.6473544,37670774.3210253,298415630.9045867
-0.7468813,-0.7468813,-0.7393947,41849.5103877,25203.7357788,193666.7785052,1568.7094938,135184.9196147,3245047.0579508,39694402.2053283,314440408.4260817
-0.7418813,-0.7418813,-0.7343947,39087.9974984,23528.8657951,181029.5663574,1454.1103671,126359.0941385,3035422.2998464,37135172.7844639,294177530.0545364
-0.7368813,-0.7368813,-0.7293947,36339.3077894,21864.3503410,168419.8597024,1342.4731998,117553.5185299,2825783.3893153,34574659.0259514,273902209.1578026
-0.7318813,-0.7318813,-0.7243947,32322.6298022,19428.8911068,150030.6180565,1176.4218596,104710.7492436,2520621.5376992,30848762.6412430,244401568.6588870
-0.7268813,-0.7268813,-0.7193947,29297.4512049,17594.7356417,136179.2127963,1051.4739395,95037.1854491,2290741.0693943,28041967.6426956,222178017.5856037
-0.7218813,-0.7218813,-0.7143947,27248.1939786,16352.3426970,126795.4822525,966.8951872,88483.7886810,2134995.1450837,26140312.8613006,207121099.5481174
-0.7168813,-0.7168813,-0.7093947,26159.4487933,15692.2974678,121809.7447722,921.9811041,85001.8654566,2052240.4829066,25129870.1508864,199120598.3259901
-0.7118813,-0.7118813,-0.7043947,26021.7979674,15608.8500226,121179.3637075,916.3049805,84561.6229912,2041776.7785517,25002106.1785454,198108984.2400438
-0.7068813,-0.7068813,-0.6993947,26834.0317237,16101.2617605,124898.8617400,949.8120252,87159.2339637,2103514.0628911,25755924.6436484,204077581.5455512
-0.7018813,-0.7018813,-0.6943947,28603.4314174,17173.9774819,133001.2134726,1022.8313932,92817.7393798,2237994.0902822,27397927.2741077,217078634.6318752
-0.6968813,-0.6968813,-0.6893947,31343.6114027,18835.3209698,145547.9149609,1135.9908681,101580.1149505,2446224.7916426,29940390.7857860,237209286.4869030
-0.6918813,-0.6918813,-0.6843947,35069.8243018,21094.5891023,162608.2075385,1289.9668716,113494.7374057,2729346.3215765,33397215.0147137,264579549.3713440
-0.6868813,-0.6868813,-0.6793947,38425.4780011,23127.2702268,177995.0225473,1426.8292751,124239.8605741,2985044.4461871,36520031.3627175,289306905.7893516
-0.6818813,-0.6818813,-0.6743947,40755.1623848,24539.9427560,188659.6311938,1523.2332398,131687.9026644,3162001.0739944,38680553.6661576,306413249.7957401
-0.6768813,-0.6768813,-0.6693947,40436.8909941,24349.6110902,187170.4826699,1512.5722630,130648.9718866,3136806.1619941,38371793.4084146,303966235.5863767
-0.6718813,-0.6718813,-0.6643947,37866.8464955,22792.8102877,175385.9657595,1407.7504509,122419.4525256,2940971.2210953,35980080.7450528,285027968.9447058
-0.6668813,-0.6668813,-0.6593947,35767.6440223,21520.8733644,165764.6273831,1321.8042927,115700.4123851,2781147.3457386,34028317.1710056,269573651.0872825
-0.6618813,-0.6618813,-0.6543947,30027.2732146,18052.2544751,139339.0370064,1095.7881418,97250.0100527,2340440.1773190,28642308.1405964,226918129.3236661
-0.6568813,-0.6568813,-0.6493947,24978.7820417,14994.2447558,116188.7200437,889.9809608,81083.4181591,1955709.1018205,23943579.9488398,189712158.5551099
-0.6518813,-0.6518813,-0.6443947,19684.3963875,11796.1885522,91803.1881354,682.5392451,64057.8206230,1548829.3087862,18970526.0692405,150326175.7908122
-0.6468813,-0.6468813,-0.6393947,15192.2969565,9076.0699672,71193.7396327,500.2336298,49665.9469294,1206166.1227231,14785200.3388240,117184719.4350067
-0.6418813,-0.6418813,-0.6343947,12175.5355139,7249.3891334,57352.1886195,377.8690754,40000.2215904,976016.6019469,11974098.5729456,94924978.7095797
-0.6368813,-0.6368813,-0.6293947,10177.0956716,6039.9829521,48174.8091783,297.4411005,33591.8143846,823298.2930486,10108472.6942502,80151411.3114595
-0.6318813,-0.6318813,-0.6243947,8861.3276519,5244.1667028,42126.9538615,244.9154466,29368.8829133,722574.9979834,8877829.9196526,70405767.3368997
-0.6268813,-0.6268813,-0.6193947,8010.5500267,4729.8774386,38212.9326164,211.2226248,26636.0221102,657337.2831490,8080629.2837775,64092365.7473401
-0.6218813,-0.6218813,-0.6143947,7485.0081700,4412.3500901,35793.2409358,204.9506486,24946.6008881,616977.7095499,7587369.9804321,60185877.7067198
-0.6168813,-0.6168813,-0.6093947,7198.4744728,4239.2967513,34473.1695191,193.8205139,24024.9582248,594947.1416012,7318091.9804349,58053205.6733103
-0.6118813,-0.6118813,-0.6043947,7103.8475043,4182.1601546,34037.0526830,190.1576478,23720.4772869,587666.3210686,7229093.1765017,57348326.3597897
-0.6068813,-0.6068813,-0.5993947,7185.5403864,4231.4909496,34413.5115522,193.3237807,23983.3087668,593950.4630981,7305907.1835874,57956697.4772740
-0.6018813,-0.6018813,-0.5943947,7457.0066631,4395.4451569,35664.1558403,203.8698358,24856.4794131,614822.2028806,7561020.5269115,59977185.1531517
-0.5968813,-0.5968813,-0.5893947,7962.8744283,4701.0802281,37993.3294525,209.3556415,26482.6990429,653672.9441643,8035841.7511920,63737652.9906097
-0.5918813,-0.5918813,-0.5843947,8786.1449854,5198.7269473,41780.9817681,241.9452491,29127.3202110,716807.0509383,8807342.7140068,69847539.7846699
-0.5868813,-0.5868813,-0.5793947,10062.0158308,5970.3849441,47645.7813868,292.8525234,33222.4215990,814486.6158350,10000808.6740719,79298798.8199469
-0.5818813,-0.5818813,-0.5743947,12001.4017856,7144.0096130,56552.4963131,370.8627780,39441.8108806,962708.7932354,11811527.9152328,93637608.2443771
-0.5768813,-0.5768813,-0.5693947,14929.5777778,8916.9861505,69988.3829578,489.5730056,48824.2296901,1186124.9652121,14540414.7747000,115246386.2361287
-0.5718813,-0.5718813,-0.5643947,19310.0731984,11569.4122273,90087.1606137,667.2432671,62859.4493208,1520317.9583426,18622332.9220709,147569109.4854545
-0.5668813,-0.5668813,-0.5593947,24670.8226051,14807.6708590,114776.9601989,877.3942202,80097.5281553,1932253.5794131,23657131.9756606,187444005.8876447
-0.5618813,-0.5618813,-0.5543947,29611.8681394,17800.4789735,137436.0128502,1078.7092290,95921.0069271,2308842.0645436,28256465.6029824,223863044.4031343
-0.5568813,-0.5568813,-0.5493947,35680.3460877,21468.0594388,165363.5305032,1318.3066208,115420.3399717,2774469.7777035,33946736.0490925,268927609.7945153
-0.5518813,-0.5518813,-0.5443947,37659.3683400,22667.3745212,174431.6591954,1399.5181346,121753.1267748,2925068.1506343,35785753.3615047,283489014.7802145
-0.5468813,-0.5468813,-0.5393947,40205.1311812,24209.1292099,186108.9196146,1503.0313655,129907.6094264,3119182.1908680,38156593.8618527,302262306.1971859
-0.5418813,-0.5418813,-0.5343947,40961.4448272,24665.1275637,189602.7291160,1531.8630585,132346.5916858,3177631.6539333,38871349.7726761,307923826.4327921
-0.5368813,-0.5368813,-0.5293947,38601.8467819,23234.3008923,178801.3673846,1434.2069949,124803.0366896,2998408.6558790,36683163.1164276,290598458.0060532
-0.5318813,-0.5318813,-0.5243947,35377.5760344,21281.2708864,164016.1879415,1302.7654783,114478.0822233,2752696.4651287,33682275.5928011,266836510.9222239
-0.5268813,-0.5268813,-0.5193947,31580.9497670,18979.3030681,146633.5936208,1145.8733894,102338.3668777,2464227.4704952,30160163.4551484,238949320.8508624
-0.5218813,-0.5218813,-0.5143947,28769.8250139,17274.9430805,133762.0922848,1029.7809455,93349.1559533,2250606.8654587,27551891.5487811,218297615.9881201
-0.5168813,-0.5168813,-0.5093947,26930.5500870,16159.8671147,125339.7434352,953.8801371,87467.1724675,2110815.2184618,25845032.9959889,204783044.4754959
-0.5118813,-0.5118813,-0.5043947,26049.2676231,15625.5998634,121303.9890170,917.5291946,84648.6973389,2043827.7375577,25027107.0157406,198306851.2755655
-0.5068813,-0.5068813,-0.4993947,26118.1214758,15667.3455321,121619.2528752,920.3728651,84868.8716779,2049059.9486970,25090991.3584432,198812672.8325653
-0.5018813,-0.5018813,-0.4943947,27137.6918587,16285.4584516,126288.1607979,962.4375166,88129.5303143,2126554.9648665,26037211.3267326,206304666.1242384
-0.4968813,-0.4968813,-0.4893947,29116.8525458,17485.3563225,135350.8888192,1044.1250731,94458.7465930,2276972.7026624,27873808.1881353,220846466.9396279
-0.4918813,-0.4918813,-0.4843947,32070.6944321,19276.2587035,148875.6869442,1166.1248253,103904.2132812,2501433.0817756,30614425.7806864,242546042.3345867
-0.4868813,-0.4868813,-0.4793947,36015.2690982,21668.0039946,166934.7637850,1329.2000436,116516.4024373,2801115.0827977,34273413.3895711,271516912.8720310
-0.4818813,-0.4818813,-0.4743947,38929.5751990,23432.9206101,180302.9183247,1447.6667735,125851.6593062,3023343.4303116,36987646.6320840,293009359.0770712
-0.4768813,-0.4768813,-0.4693947,41614.2457938,25061.1826544,192588.5185809,1559.0744613,134431.9180277,3227136.1875475,39475676.5419561,312708512.7477599
-0.4718813,-0.4718813,-0.4643947,39896.0059168,24021.9712215,184690.3369640,1490.5121987,128917.0040091,3095591.0438151,37868437.0536440,299980515.2048146
-0.4668813,-0.4668813,-0.4593947,37333.1542192,22469.5571310,172938.4423929,1386.0117376,120710.2778654,2900292.8133470,35483266.4277143,281094024.2127274
-0.4618813,-0.4618813,-0.4543947,35670.1102076,21474.1601699,165167.7925239,1323.3139864,115288.6038755,2768976.2026089,33874358.2465321,268343694.2556021
-0.4568813,-0.4568813,-0.4493947,28840.3069837,17333.2017763,133896.9982110,1047.3297925,93449.6337335,2250013.4847304,27537957.2417312,218173605.8264846
-0.4518813,-0.4518813,-0.4443947,24161.0994377,14498.6261366,112443.1031407,856.3400680,78467.6052700,1893520.6965787,23184211.7079599,183699534.1675625
-0.4468813,-0.4468813,-0.4393947,18573.6823731,11124.1358495,86700.9890831,637.6654730,60495.0920336,1463888.8508669,17932738.5993054,142107822.1104401
-0.4418813,-0.4418813,-0.4343947,14444.4871856,8623.3143401,67762.0096557,469.9494442,47269.5482266,1149095.9512362,14088109.5818994,111664753.6844816
-0.4368813,-0.4368813,-0.4293947,11706.4251631,6965.6070690,55196.5529524,359.0950259,38495.0230367,940124.8986312,11535593.1259184,91452432.2332216
-0.4318813,-0.4318813,-0.4243947,9894.6532085,5869.3237897,46874.5145697,286.3267723,32683.9486588,801611.6925881,9843431.6621698,78052362.6772630
-0.4268813,-0.4268813,-0.4193947,8705.6005363,5150.2576842,41407.7823641,238.9622605,28866.8317275,710546.8592636,8730749.9420975,69240774.7426144
-0.4218813,-0.4218813,-0.4143947,7942.4537603,4689.0132968,37896.0302291,208.8083022,26414.8737408,652000.8572857,8015290.5932634,63574656.9472826
-0.4168813,-0.4168813,-0.4093947,7479.4674111,4409.3268198,35763.8060448,204.6303634,24926.1796560,616427.8940368,7580512.0450752,60131282.0131724
-0.4118813,-0.4118813,-0.4043947,7240.2942362,4264.9039227,34661.6016749,195.3753678,24156.6573733,598028.4263452,7355605.2866472,58350005.2618507
-0.4068813,-0.4068813,-0.3993947,7185.3741913,4231.7604257,34408.2719062,193.2654602,23979.7988244,593795.9634032,7303861.2553887,57940172.0307350
-0.4018813,-0.4018813,-0.3943947,7305.5933406,4304.3712413,34962.0787112,197.9275009,24366.4552136,603037.6927222,7416820.5633849,58834802.2684287
-0.3968813,-0.3968813,-0.3893947,7620.8437249,4494.7957816,36414.1147817,210.1750940,25380.2435534,627265.5995218,7712944.7093263,61180070.7727643
-0.3918813,-0.3918813,-0.3843947,8183.1767876,4834.5930477,39002.7037085,218.4021538,27187.6047632,670434.8750710,8240525.6280788,65358341.5285596
-0.3868813,-0.3868813,-0.3793947,9085.2252180,5379.9364539,43151.8560103,254.1832069,30084.6641501,739580.5547974,9085455.1719940,72049676.9991038
-0.3818813,-0.3818813,-0.3743947,10475.7249577,6221.0414086,49542.1385483,309.7757921,34546.7320013,845990.6443520,10385541.5780961,82345177.9247283
-0.3768813,-0.3768813,-0.3693947,12585.6100493,7498.0158267,59229.8008028,394.8061510,41311.5109753,1007177.8169633,12354570.8805138,97937470.1839906
-0.3718813,-0.3718813,-0.3643947,15770.7444769,9426.8186269,73841.8226428,524.1607839,51515.3341354,1250107.2810474,15321696.8513583,121432540.8500220
-0.3668813,-0.3668813,-0.3593947,20496.3784436,12288.7243822,95518.1865778,716.2967659,66652.4007658,1610441.4401851,19722697.2269505,156281486.2682056
-0.3618813,-0.3618813,-0.3543947,25683.7255250,15421.4647454,119418.6853921,918.9227328,83339.0913288,2009347.9202878,24598578.9392496,194898451.3576986
-0.3568813,-0.3568813,-0.3493947,31005.1613865,18645.7655319,143808.9904791,1136.7628121,100371.9928007,2414511.0976676,29546431.9424349,234076224.5980920
-0.3518813,-0.3518813,-0.3443947,36179.4597078,21770.7999004,167647.2578903,1339.0435058,117015.3049631,2812347.2991396,34409157.2577389,272588839.3674678
-0.3468813,-0.3468813,-0.3393947,38256.9695227,23029.1912163,177174.0310750,1423.7227780,123668.1438534,2970673.5239616,36342804.3212339,287900061.5923738
-0.3418813,-0.3418813,-0.3343947,41164.6452479,24791.6171302,190493.3278823,1543.3574644,132969.8961925,3191812.0395595,39043072.0457789,309280584.4453064
-0.3368813,-0.3368813,-0.3293947,40514.7476561,24394.5753325,187554.0619814,1513.6760755,130915.9530890,3143580.7479117,38455474.8577201,304630779.7895024
-0.3318813,-0.3318813,-0.3243947,38167.7006438,22971.2282220,176811.7413809,1416.4157556,123413.5788522,2965361.3387538,36279597.8713123,287402991.1059044
-0.3268813,-0.3268813,-0.3193947,34451.9718973,20720.4009225,159774.2391302,1264.8378935,111515.7134095,2682237.8045123,32821851.1391382,260023587.3067743
-0.3218813,-0.3218813,-0.3143947,30872.7185880,18550.2501416,143386.6347833,1116.9470359,100070.8904580,2410277.3670400,29501294.6362630,233732246.3134811
-0.3168813,-0.3168813,-0.3093947,28279.1753097,16977.8500864,131510.8789009,1009.8799654,91777.1061846,2213174.8523152,27094687.6655981,214677241.4327050
-0.3118813,-0.3118813,-0.3043947,26654.2601344,15992.7560121,124069.8232247,942.8481575,86580.4461752,2089665.9527315,25586631.2094261,202736724.3917068
-0.3068813,-0.3068813,-0.2993947,25984.8039072,15586.9250245,121003.8774802,915.2525552,84439.2701036,2038772.3655321,24965205.5810742,197816369.4131925
-0.3018813,-0.3018813,-0.2943947,26264.8417281,15756.7158133,122286.0302800,926.8233997,85334.7037119,2060050.3310735,25225003.2532573,199873382.8162278
-0.2968813,-0.2968813,-0.2893947,27496.9797921,16503.7190514,127928.0870587,977.6782764,89274.9959495,2153693.8507093,26368388.4004955,208926474.2926781
-0.2918813,-0.2918813,-0.2843947,29691.8266719,17834.4118840,137978.0745394,1068.2979659,96293.7060187,2320491.7383788,28404972.8087390,225051707.8973943
-0.2868813,-0.2868813,-0.2793947,32864.1538509,19757.8435453,152502.4979747,1199.3805658,106437.3175951,2561530.7008637,31347984.7396838,248353739.6872108
-0.2818813,-0.2818813,-0.2743947,37019.2000242,22277.2285229,171524.8806915,1371.1785434,119722.2743742,2877194.1514545,35202089.0987081,278869471.5624666
-0.2768813,-0.2768813,-0.2693947,39388.7646571,23711.8461309,182399.1155650,1467.1232677,127315.8144100,3058037.3486606,37411028.2401638,296361137.6518187
-0.2718813,-0.2718813,-0.2643947,42103.5121855,25358.4494825,194821.1498652,1579.8729289,135991.3987884,3264075.0960022,39926423.4658575,316276870.3368829
-0.2668813,-0.2668813,-0.2593947,39211.6540079,23607.3743207,181552.9791482,1462.5514804,126726.0620738,3043463.8931762,37231835.5608350,294939767.4786264
-0.2618813,-0.2618813,-0.2543947,36729.5767297,22104.4339943,170164.8724260,1361.8591010,118773.6004676,2854111.8465608,34919051.0183204,276625971.6293525
-0.2568813,-0.2568813,-0.2493947,33740.8640921,20304.5421888,156333.4047868,1249.8766429,109118.8630024,2622344.9672805,32083986.5683482,254167878.8543825
-0.2518813,-0.2518813,-0.2443947,27691.4830942,16638.0434957,128620.3014778,1000.8916721,89765.0393343,2162190.5812744,26465066.8354187,209677501.6821054
-0.2468813,-0.2468813,-0.2393947,22996.0007424,13803.9344754,106966.8815525,819.2527268,74647.8344287,1800501.2491345,22043420.1403230,174656697.8983566
-0.2418813,-0.2418813,-0.2343947,17514.3827432,10483.5319930,81830.8569074,595.7547682,57094.5461471,1382776.5931533,16941756.1468701,134260189.4674702
-0.2368813,-0.2368813,-0.2293947,13716.3516078,8183.1391842,64412.4740627,441.0926361,44930.8155542,1093270.9369809,13405941.0020252,106262363.6460860
-0.2318813,-0.2318813,-0.2243947,11199.0528298,6659.2940526,52857.6564722,339.3696556,36862.1076247,901070.0578751,11058178.9526875,87671227.5854918
-0.2268813,-0.2268813,-0.2193947,9534.4157288,5652.1906268,45209.6381551,272.6525294,31521.7452295,773748.0306646,9502671.4176050,75353176.3454580
-0.2218813,-0.2218813,-0.2143947,8444.9655525,4993.4662450,40199.5242536,229.3576197,28023.5031003,690269.8799141,8482641.8091802,67275227.6728717
-0.2168813,-0.2168813,-0.2093947,7751.1495460,4574.2022669,37005.8778503,202.0157295,25793.6822181,637013.1796023,7831787.3106248,62120684.1954584
-0.2118813,-0.2118813,-0.2043947,7339.0830725,4325.3317123,35107.4858102,200.4478761,24468.2693151,605331.2674471,7444542.1224956,59053717.2679452
-0.2068813,-0.2068813,-0.1993947,7141.0737371,4205.8098319,34194.4417923,192.8208175,23830.8303242,590081.4429608,7258116.2177602,57577172.7512013
-0.2018813,-0.2018813,-0.1943947,7124.4968359,4195.8576830,34117.3510727,192.2375125,23777.0312750,588784.0859370,7242233.3628342,57451329.3085250
-0.1968813,-0.1968813,-0.1893947,7286.5750645,4293.7917851,34863.4924769,198.5847304,24297.9880931,601228.0023525,7394314.7526507,58655768.2168558
-0.1918813,-0.1918813,-0.1843947,7653.9386663,4515.7569991,36554.8097477,212.9538498,25478.8636310,629437.1689818,7739073.1585268,61386160.3114701
-0.1868813,-0.1868813,-0.1793947,8286.8721180,4898.3055751,39467.3038956,223.4792694,27512.4126585,677991.7885951,8332431.0973495,66085285.3535317
-0.1818813,-0.1818813,-0.1743947,9289.1591294,5504.3763791,44075.9867335,263.3562134,30730.3807035,754772.4795871,9270602.8289967,73514932.1558737
-0.1768813,-0.1768813,-0.1693947,10825.6805654,6433.9835094,51135.2260744,324.9513342,35659.6233299,872290.2232209,10706324.5383251,84884388.6023835
-0.1718813,-0.1718813,-0.1643947,13151.7369852,7842.0277315,61812.6024740,418.9156732,43115.6026194,1049901.8038303,12875890.0832516,102064475.0979486
-0.1668813,-0.1668813,-0.1593947,16660.9839734,9967.4165668,77907.7007836,561.7302682,54355.2101371,1317430.5040147,16143334.3810145,127937328.0775713
-0.1618813,-0.1618813,-0.1543947,21775.7826790,13065.4003377,101364.3782871,770.0611862,70735.6665831,1707287.5848607,20904748.3077640,165639830.8400532
-0.1568813,-0.1568813,-0.1493947,26715.6628479,16048.8168437,124123.1557493,963.1397357,86625.2883646,2087115.5059054,25547376.7551671,202409321.1184284
-0.1518813,-0.1518813,-0.1443947,32365.7532353,19472.0405489,150022.3766894,1194.2343213,104711.8517927,2517382.8071835,30801892.2840064,244015475.9400900
-0.1468813,-0.1468813,-0.1393947,36347.8379877,21874.5294111,168398.3457738,1347.5463802,117540.5131733,2824512.8863176,34556989.0697014,273757890.0732674
-0.1418813,-0.1418813,-0.1343947,38801.5348206,23361.0102674,179647.4644970,1447.4144173,125396.2096343,3011421.8991829,36839622.5952347,291832298.4625743
-0.1368813,-0.1368813,-0.1293947,41820.1014394,25190.9213063,193471.4455105,1572.2240139,135050.5258179,3240890.2104907,39641486.7492446,314017015.8743336
-0.1318813,-0.1318813,-0.1243947,39823.5881775,23977.4980961,184365.6101413,1486.9870561,128689.9923507,3090305.1619138,37804141.5572207,299471937.6011205
-0.1268813,-0.1268813,-0.1193947,37650.6835206,22660.1429901,174415.6755689,1397.3059127,121741.1711785,2925161.5259205,35787740.4856448,283506480.8039830
-0.1218813,-0.1218813,-0.1143947,33598.4711108,20205.3804708,155836.6220858,1231.8987129,108766.7447446,2616440.6832629,32017423.9423964,253652156.8920329
-0.1168813,-0.1168813,-0.1093947,30236.5797953,18167.1776039,140442.2939188,1093.1394238,98015.6727733,2360935.2724464,28897710.2252306,228950899.6145386
-0.1118813,-0.1118813,-0.1043947,27855.2035112,16723.5925813,129535.8242591,995.0040897,90398.8921277,2179886.5725514,26687040.0724950,211447119.3056569
-0.1068813,-0.1068813,-0.0993947,26439.2849342,15865.3893531,123049.5625214,936.7711997,85869.1138032,2072191.3335394,25371989.0541138,201034618.5996423
-0.1018813,-0.1018813,-0.0943947,25976.8889448,15585.2814575,120929.4690255,917.9004356,84388.5772295,2036961.8679416,24941740.3274623,197627796.5200775
-0.0968813,-0.0968813,-0.0893947,26463.7475778,15880.6653835,123156.1938473,938.2005676,85943.7623831,2073879.9338630,25392415.0546272,201195955.3037911
-0.0918813,-0.0918813,-0.0843947,27904.2005420,16754.1919787,129749.3689697,997.8694078,90548.3878201,2183267.7540270,26727939.0247771,211770161.0804190
-0.0868813,-0.0868813,-0.0793947,30310.1996595,18213.1616347,140763.0645398,1097.4515500,98240.2369228,2366012.8277126,28959125.1441120,229435980.3071131
-0.0818813,-0.0818813,-0.0743947,33698.3846804,20267.7477374,156272.4437479,1237.7141744,109071.8364522,2623347.1141866,32100978.8716529,254312148.0302771
-0.0768813,-0.0768813,-0.0693947,37825.1213784,22768.2539563,175185.9493945,1406.7261507,122280.0638717,2937516.4498150,35937579.2121802,284690798.2834234
-0.0718813,-0.0718813,-0.0643947,40011.0276086,24094.1328095,185187.6611096,1497.5485742,129265.3037469,3103402.4646930,37962768.4353382,300725272.8179080
-0.0668813,-0.0668813,-0.0593947,41969.1273149,25285.5807264,194101.7083393,1582.4384719,135492.4262088,3250564.7231246,39757755.5935410,314933811.4636183
-0.0618813,-0.0618813,-0.0543947,38726.3907127,23319.4707109,179254.7721158,1448.4578060,125123.5819908,3004171.3382904,36749362.6421872,291114098.5601667
-0.0568813,-0.0568813,-0.0493947,36436.4851165,21936.6578308,168702.8406104,1359.1103197,117756.5474041,2828037.2445108,34596409.4197349,274062624.9042296
-0.0518813,-0.0518813,-0.0443947,32266.7835244,19418.4113327,149492.0973406,1196.1577404,104344.0861041,2507419.0812561,30677490.1617307,243024870.3628807
-0.0468813,-0.0468813,-0.0393947,26552.2050188,15956.3550704,123294.3820339,962.4046435,86049.1671970,2072149.3197845,25361780.8195464,200933962.4066836
-0.0418813,-0.0418813,-0.0343947,21158.2030143,12712.9465878,98270.7435880,765.2789402,68583.9959355,1651934.8259388,20219430.8518149,160194274.7888255
-0.0368813,-0.0368813,-0.0293947,15967.9830252,9569.4833453,74465.7318035,554.0669230,51960.3694115,1256251.4478767,15386772.0549120,121927452.9727726
-0.0318813,-0.0318813,-0.0243947,12457.5069624,7444.8008063,58347.4477673,412.5700293,40705.1548393,988073.1645091,12110771.1058438,95985571.3434936
-0.0268813,-0.0268813,-0.0193947,10099.1105126,6018.6951005,47503.2923117,318.7276973,33133.3237747,807411.6261503,9903300.0159952,78503995.0340824
-0.0218813,-0.0218813,-0.0143947,8501.4715607,5053.6997444,40144.0471576,256.1800287,27995.2350665,684610.8046055,8402354.6957626,66616644.0874804
-0.0168813,-0.0168813,-0.0093947,7407.1548436,4393.6466009,35092.0322592,214.2131674,24468.3841836,600141.3967152,7369523.2800757,58435904.5121211
-0.0118813,-0.0118813,-0.0043947,6644.8389946,3934.6457979,31563.0388588,201.2077070,22005.0869302,540991.8703750,6645945.4281605,52703973.1533834
-0.0068813,-0.0068813,0.0006053,6099.4054046,3606.9182858,29029.7673318,181.5024064,20237.0939010,498407.9682010,6124726.0791023,48574464.7847991
-0.0018813,-0.0018813,0.0056053,5692.9759507,3363.2802395,27135.2323829,167.3484640,18915.1066834,466459.0007280,5733438.2918471,45473890.2579594
0.0031187,0.0031187,0.0106053,5372.7386335,3171.7509788,25637.1509305,156.6053238,17869.9350315,441116.8688053,5422882.9467696,43012667.9519195
0.0081187,0.0081187,0.0156053,5103.0240535,3010.7429175,24371.7357284,147.8377761,16987.2085674,419656.2785266,5159768.0929068,40927165.8707314
0.0131187,0.0131187,0.0206053,4860.0678853,2865.8828494,23229.7532380,140.0975452,16190.6547455,400257.9808448,4921865.9699159,39041358.9061091
0.0181187,0.0181187,0.0256053,4628.4848395,2727.8725715,22140.3976986,132.7765073,15430.8361770,381741.4257129,4694749.4365547,37240990.0031602
0.0231187,0.0231187,0.0306053,4398.8428441,2591.0175478,21060.1909253,125.5059405,14677.3982256,363380.6452476,4469544.1865364,35455773.2305444
0.0281187,0.0281187,0.0356053,4165.9523983,2452.1897489,19965.1497771,118.0856052,13913.5989113,344774.2638287,4241341.5981801,33646827.0937401
0.0331187,0.0331187,0.0406053,3927.6282704,2310.0771962,18845.1124243,110.4323991,13132.3466128,325751.2768547,4008048.1724484,31797564.3678391
0.0381187,0.0381187,0.0456053,3683.7706281,2164.6273573,17699.5250490,102.5421279,12333.2577783,306301.0345131,3769530.4324955,29906921.1686137
0.0431187,0.0431187,0.0506053,3435.6695277,2016.6260523,16534.2501260,94.4604317,11520.4281290,286520.1632235,3526966.5894194,27984223.0697502
0.0481187,0.0481187,0.0556053,3185.4723284,1867.3751810,15359.1202234,86.2606810,10700.7245327,266571.8527504,3282349.1736519,26045246.4967019
0.0531187,0.0531187,0.0606053,2935.7755715,1718.4459196,14186.0616196,78.0280833,9882.4748309,246654.5989797,3038103.1154712,24109194.2144680
0.0581187,0.0581187,0.0656053,2689.3160349,1571.4920305,13027.6721954,69.8502283,9074.4749160,226978.4887183,2796795.9187248,22196400.0014942
0.0631187,0.0631187,0.0706053,2448.7432593,1428.1125381,11896.1727291,61.8140986,8285.2565746,207747.6870891,2560923.5800550,20326633.0855855
0.0681187,0.0681187,0.0756053,2216.4600152,1289.7555561,10802.6697747,54.0073805,7522.5729174,189148.1035730,2332759.7562491,18517903.4003243
0.0731187,0.0731187,0.0806053,1994.5193828,1157.6563885,9756.6783602,46.5192207,6793.0652427,171339.3792011,2114257.7135352,16785684.8007500
0.0781187,0.0781187,0.0856053,1784.5683078,1032.8037522,8765.8581657,39.4363090,6102.0789677,154450.4269927,1906995.6855981,15142482.0289061
0.0831187,0.0831187,0.0906053,1587.8282699,915.9284403,7835.9203628,32.8350188,5453.5987214,138577.8157763,1712156.9748860,13597672.8221906
0.0881187,0.0881187,0.0956053,1405.1044008,807.5091719,6970.6654814,26.7739781,4850.2749201,123786.3400619,1530536.7722818,12157561.6269328
0.0931187,0.0931187,0.1006053,1236.8151875,707.7908587,6172.1162872,21.2903584,4293.5166701,110111.1781981,1362568.3965567,10825587.1288223
0.0981187,0.0981187,0.1056053,1083.0358247,616.8110871,5440.7138993,16.4000943,3783.6288126,97561.1112440,1208362.5112724,9602632.5896273
0.1031187,0.1031187,0.1106053,943.5493357,534.4312514,4775.5501666,12.1005438,3319.9742668,86122.3540685,1067753.8416265,8487395.6173535
0.1081187,0.1081187,0.1156053,817.9006827,460.3694485,4174.6143700,8.3740445,2901.1463579,75762.6337659,940350.9335268,7476782.0702064
0.1131187,0.1131187,0.1206053,705.4501885,394.2329079,3635.0373295,5.1912709,2525.1393128,66435.2334152,825585.5094412,6566296.8086392
0.1181187,0.1181187,0.1256053,605.4236156,335.5483562,3153.3206801,2.5136339,2189.5083834,58082.7969020,722758.9238231,5750411.5172098
0.1231187,0.1231187,0.1306053,516.9571560,283.7892638,2725.5432412,0.2944348,1891.5139584,50640.7594638,631084.0626285,5022896.4822901
0.1281187,0.1281187,0.1356053,439.1363525,238.3993863,2347.5399013,-1.5204518,1628.2464706,44040.3267171,549721.7407885,4377108.8282005
0.1331187,0.1331187,0.1406053,371.0285770,214.1790097,2015.0512333,-2.9903609,1396.7308550,38210.9713434,477811.2184870,3806234.2039216
0.1381187,0.1381187,0.1456053,311.7091526,179.7096575,1723.8441581,-4.1742954,1194.0107832,33082.4516198,414494.8847325,3303482.2990312
0.1431187,0.1431187,0.1506053,260.2815241,149.9230797,1469.8054491,-5.1231847,1017.2139262,28586.3805731,358937.4573712,2862238.9487062
0.1481187,0.1481187,0.1556053,215.8920843,124.3096793,1249.0108045,-5.8752554,863.6001545,24657.3902114,310340.2403817,2476179.1061036
0.1531187,0.1531187,0.1606053,192.8984730,102.3849300,1057.7727136,-6.4600950,730.5949269,21233.9437083,267951.0825012,2139345.7783811
0.1581187,0.1581187,0.1656053,160.0922063,83.6792913,892.6705063,-6.9087726,615.8102390,18258.8512777,231070.7164964,1846200.3025072
0.1631187,0.1631187,0.1706053,132.1020560,67.7230237,750.5658971,-7.2579485,517.0554429,15679.5443170,199056.1445842,1591649.2283245
0.1681187,0.1681187,0.1756053,108.3165635,54.0523302,628.6070981,-7.5417499,432.3400869,13448.1585605,171321.6889061,1371052.7079432
0.1731187,0.1731187,0.1806053,88.1718010,42.2731404,524.2242388,-7.7824744,359.8706868,11521.4715453,147338.2598264,1180218.7673793
0.1781187,0.1781187,0.1856053,71.1322686,32.1336433,435.1184557,-7.9912829,298.0430799,9860.7335012,126631.3193843,1015387.2394491
0.1831187,0.1831187,0.1906053,56.6756268,23.4942079,359.2466249,-8.1729315,245.4317395,8431.4244282,108777.9399486,873206.5253539
0.1881187,0.1881187,0.1956053,44.3217820,16.2356515,294.8033461,-8.3272950,200.7771729,7202.9640588,93403.2840918,750705.7664729
0.1931187,0.1931187,0.2006053,33.7160015,10.2143130,240.2014454,-8.4505016,177.6881497,6148.3958521,80176.7640938,645264.4727468
0.1981187,0.1981187,0.2056053,24.6572146,5.2667907,208.8399904,-8.5372067,145.6200929,5244.0612932,68808.0799891,554581.1831184
0.2031187,0.2031187,0.2106053,17.0144767,1.2286318,169.7769590,-8.5827381,118.6050396,4469.2766084,59043.2843237,476642.3317121
0.2081187,0.2081187,0.2156053,10.6475319,-2.0496343,136.9205932,-8.5853533,95.9077685,3806.0205587,50660.9796451,409692.1598311
0.2131187,0.2131187,0.2206053,5.3942689,-4.6951372,109.3626208,-8.5475163,76.8796281,3238.6391740,43468.7206376,352204.2437614
0.2181187,0.2181187,0.2256053,1.0897814,-6.8154421,86.3130577,-8.4742604,60.9314611,2753.5710894,37299.6658696,302854.9950067
0.2231187,0.2231187,0.2306053,-2.4161482,-8.5052156,67.0734423,-8.3690888,47.5088901,2339.0954437,32009.5033709,260499.3252596
0.2281187,0.2281187,0.2356053,-5.2536623,-9.8483339,50.9976594,-8.2312686,36.1076495,1985.1030298,27473.6587139,224148.5453222
0.2331187,0.2331187,0.2406053,-7.5364544,-10.9155376,37.4636455,-8.0576942,26.3459813,1682.8904660,23584.7830087,192950.4779287
0.2381187,0.2381187,0.2456053,-9.3652529,-11.7633883,25.9282247,-7.8470449,17.9993801,1424.9765168,20250.5103806,166171.7023090
0.2431187,0.2431187,0.2506053,-10.8270291,-12.4357359,16.0474233,-7.6020516,10.9296859,1204.9392723,17391.4693512,143181.8075185
0.2481187,0.2481187,0.2556053,-11.9936007,-12.9650701,7.6596127,-7.3289560,5.0080031,1017.2726443,14939.5294607,123439.5070967
0.2531187,0.2531187,0.2606053,-12.9225012,-13.3732402,0.6445237,-7.0357129,0.0962749,857.2605132,12836.2629319,106480.4554054
0.2581187,0.2581187,0.2656053,-13.6584996,-13.6734532,-5.1436873,-6.7303489,-3.9446809,720.8668293,11031.6007661,91906.6027061
0.2631187,0.2631187,0.2706053,-14.2343205,-13.8742011,-9.8663165,-6.4199709,-7.2476880,604.6400016,9482.6630458,79376.9290387
0.2681187,0.2681187,0.2756053,-14.6719301,-13.9828807,-13.6817965,-6.1103603,-9.9342726,505.6299884,8152.7441343,68599.4041877
0.2731187,0.2731187,0.2806053,-14.9858582,-14.0069170,-16.7368397,-5.8059357,-12.1109409,421.3166025,7010.4347171,59324.0309124
0.2781187,0.2781187,0.2856053,-15.1872045,-13.9530973,-19.1620055,-5.5098982,-13.8679203,349.4447105,6028.8640682,51336.8399968
0.2831187,0.2831187,0.2906053,-15.2858848,-13.8273310,-21.0694921,-5.2244415,-15.2799500,288.2355075,5185.0474461,44454.7176799
0.2881187,0.2881187,0.2956053,-15.2908948,-13.6355652,-22.5533967,-4.9509654,-16.4070911,236.2035370,4458.7615414,38520.9580680
0.2931187,0.2931187,0.3006053,-15.2103065,-13.3848587,-23.6909885,-4.6902642,-17.2952731,206.1231223,3833.3889400,33397.5272981
0.2981187,0.2981187,0.3056053,-15.0519896,-13.0836885,-24.5434598,-4.4426827,-17.9781861,168.6269912,3295.1822467,28972.3510851
0.3031187,0.3031187,0.3106053,-14.8245291,-12.7414803,-25.1569876,-4.2082394,-18.4808644,136.8225653,2831.7665315,25149.9708135
0.3081187,0.3081187,0.3156053,-14.5375758,-12.3678272,-25.5656025,-3.9867222,-18.8231941,109.8745250,2432.5560778,21845.8038884
0.3131187,0.3131187,0.3206053,-14.2015181,-11.9717927,-25.7951995,-3.7777600,-19.0220126,87.0685872,2088.4926961,18987.4201247
0.3181187,0.3181187,0.3256053,-13.8268245,-11.5614585,-25.8667795,-3.5808770,-19.0922216,67.7930868,1791.8223514,16512.7689405
0.3231187,0.3231187,0.3306053,-13.4234076,-11.1437163,-25.7983171,-3.3955326,-19.0477160,51.5224635,1535.9045746,14368.6663766
0.3281187,0.3281187,0.3356053,-13.0001857,-10.7242396,-25.6059563,-3.2211506,-18.9021894,37.7994777,1315.0498958,12509.5042304
0.3331187,0.3331187,0.3406053,-12.5648628,-10.3075622,-25.3050056,-3.0571399,-18.6695067,26.2120890,1124.3812074,10896.1488939
0.3381187,0.3381187,0.3456053,-12.1238819,-9.8972107,-24.9105867,-2.9029099,-18.3635683,16.3674714,959.7155448,9495.0020923
0.3431187,0.3431187,0.3506053,-11.6824879,-9.4958544,-24.4377559,-2.7578810,-17.9978782,7.8873740,817.4632797,8277.1997128
0.3481187,0.3481187,0.3556053,-11.2448506,-9.1054511,-23.9012094,-2.6214914,-17.5850736,0.4608375,694.5421554,7217.9283600
0.3531187,0.3531187,0.3606053,-10.8142097,-8.7273806,-23.3148303,-2.4932022,-17.1365729,-6.0852918,588.3039688,6295.8422448
0.3581187,0.3581187,0.3656053,-10.3930216,-8.3625592,-22.6912906,-2.3724997,-16.6623888,-11.8081911,496.4720245,5492.5655634
0.3631187,0.3631187,0.3706053,-9.9830958,-8.0115370,-22.0418021,-2.2588978,-16.1710852,-16.7379579,417.0877654,4792.2677075
0.3681187,0.3681187,0.3756053,-9.5857153,-7.6745783,-21.3760231,-2.1519375,-15.6698365,-20.9255813,348.4652190,4181.3005246
0.3731187,0.3731187,0.3806053,-9.2017395,-7.3517267,-20.7020874,-2.0511876,-15.1645471,-24.4408524,289.1520990,3647.8884382
0.3781187,0.3781187,0.3856053,-8.8316915,-7.0428579,-20.0267113,-1.9562439,-14.6599982,-27.3580596,237.8965784,3181.8636118
0.3831187,0.3831187,0.3906053,-8.4758294,-6.7477217,-19.3553417,-1.8667283,-14.1600021,-29.7469701,208.3735473,2774.4394978
0.3881187,0.3881187,0.3956053,-8.1342046,-6.4659758,-18.6923195,-1.7822874,-13.6675490,-31.6699183,170.1027527,2418.0171079
0.3931187,0.3931187,0.4006053,-7.8067102,-6.1972122,-18.0410405,-1.7025918,-13.1849414,-33.1820499,137.0628461,2106.0191854
0.3981187,0.3981187,0.4056053,-7.4931184,-5.9409779,-17.4041058,-1.6273344,-12.7139126,-34.3325689,108.5557883,1832.7481779
0.4031187,0.4031187,0.4106053,-7.1931117,-5.6967912,-16.7834554,-1.5562290,-12.2557286,-35.1659763,83.9787873,1593.2645187
0.4081187,0.4081187,0.4156053,-6.9063077,-5.4641545,-16.1804854,-1.4890096,-11.8112747,-35.7229323,62.8110509,1383.2822488
0.4131187,0.4131187,0.4206053,-6.6322779,-5.2425641,-15.5961474,-1.4254282,-11.3811283,-36.0407050,44.6019071,1199.0794469
0.4181187,0.4181187,0.4256053,-6.3705637,-5.0315171,-15.0310337,-1.3652543,-10.9656197,-36.1533266,28.9603243,1037.4213175
0.4231187,0.4231187,0.4306053,-6.1206883,-4.8305176,-14.4854475,-1.3082735,-10.5648821,-36.0916184,15.5452810,895.4940995
0.4281187,0.4281187,0.4356053,-5.8821660,-4.6390806,-13.9594614,-1.2542861,-10.1788927,-35.8832082,4.0550758,770.8482335
0.4331187,0.4331187,0.4406053,-5.6545098,-4.4567348,-13.4529668,-1.2031064,-9.8075069,-35.5526024,-5.7878149,661.3494554
0.4381187,0.4381187,0.4456053,-5.4372366,-4.2830252,-12.9657126,-1.1545616,-9.4504859,-35.1213274,-14.2583693,565.1366784
0.4431187,0.4431187,0.4506053,-5.2298720,-4.1175138,-12.4973390,-1.1084907,-9.1075192,-34.6081310,-21.6457291,480.5856949
0.4481187,0.4481187,0.4556053,-5.0319527,-3.9597811,-12.0474035,-1.0647438,-8.7782430,-34.0292201,-28.2246864,406.2778698
0.4531187,0.4531187,0.4606053,-4.8430295,-3.8094262,-11.6154025,-1.0231813,-8.4622549,-33.3985165,-34.1652281,340.9731174
0.4581187,0.4581187,0.4656053,-4.6626686,-3.6660669,-11.2007896,-0.9836731,-8.1591259,-32.7279131,-39.4909190,283.5865585
0.4631187,0.4631187,0.4706053,-4.4904524,-3.5293396,-10.8029888,-0.9460978,-7.8684104,-32.0275195,-44.1612655,233.1683401
0.4681187,0.4681187,0.4756053,-4.3259804,-3.3988989,-10.4214066,-0.9103424,-7.5896532,-31.3058901,-48.1587614,203.9220755
0.4731187,0.4731187,0.4806053,-4.1688696,-3.2744174,-10.0554410,-0.8763012,-7.3223961,-30.5702314,-51.5066732,164.9540342
0.4781187,0.4781187,0.4856053,-4.0187541,-3.1555846,-9.7044883,-0.8438756,-7.0661826,-29.8265873,-54.2539356,130.7407233
0.4831187,0.4831187,0.4906053,-3.8752853,-3.0421066,-9.3679492,-0.8129735,-6.8205614,-29.0800027,-56.4598751,100.7206175
0.4881187,0.4881187,0.4956053,-3.7381315,-2.9337057,-9.0452329,-0.7835088,-6.5850897,-28.3346665,-58.1853639,74.4000464
0.4931187,0.4931187,0.5006053,-3.6069772,-2.8301189,-8.7357607,-0.7554012,-6.3593350,-27.5940362,-59.4885689,51.3446311
0.4981187,0.4981187,0.5056053,-3.4815230,-2.7310979,-8.4389685,-0.7285753,-6.1428769,-26.8609457,-60.4231475,31.1719238
0.5031187,0.5031187,0.5106053,-3.3614847,-2.6364082,-8.1543086,-0.7029606,-5.9353083,-26.1376976,-61.0376452,13.5449270
0.5081187,0.5081187,0.5156053,-3.2465929,-2.5458282,-7.8812510,-0.6784911,-5.7362361,-25.4261439,-61.3754721,-1.8337608
0.5131187,0.5131187,0.5206053,-3.1365922,-2.4591486,-7.6192844,-0.6551051,-5.5452815,-24.7277539,-61.4751534,-15.2274326
0.5181187,0.5181187,0.5256053,-3.0312408,-2.3761720,-7.3679164,-0.6327445,-5.3620808,-24.0436729,-61.3707013,-26.8709752
0.5231187,0.5231187,0.5306053,-2.9303095,-2.2967117,-7.1266742,-0.6113551,-5.1862848,-23.3747728,-61.0920316,-36.9781313
0.5281187,0.5281187,0.5356053,-2.8335815,-2.2205916,-6.8951043,-0.5908856,-5.0175590,-22.7216945,-60.6653834,-45.7521989
0.5331187,0.5331187,0.5406053,-2.7408515,-2.1476454,-6.6727723,-0.5712883,-4.8555836,-22.0848853,-60.1137203,-53.3993971
0.5381187,0.5381187,0.5456053,-2.6519251,-2.0777162,-6.4592626,-0.5525182,-4.7000530,-21.4646295,-59.4571036,-60.1333909
0.5431187,0.5431187,0.5506053,-2.5666184,-2.0106554,-6.2541782,-0.5345329,-4.5506751,-20.8610755,-58.7130327,-66.1475785
0.5481187,0.5481187,0.5556053,-2.4847574,-1.9463231,-6.0571401,-0.5172926,-4.4071715,-20.2742587,-57.8967516,-71.5594540
0.5531187,0.5531187,0.5606053,-2.4061771,-1.8845867,-5.8677865,-0.5007600,-4.2692768,-19.7041205,-57.0215223,-76.3931592
0.5581187,0.5581187,0.5656053,-2.3307217,-1.8253213,-5.6857724,-0.4848997,-4.1367380,-19.1505255,-56.0988677,-80.6298708
0.5631187,0.5631187,0.5706053,-2.2582434,-1.7684084,-5.5107693,-0.4696785,-4.0093141,-18.6132750,-55.1387866,-84.2618108
0.5681187,0.5681187,0.5756053,-2.1886025,-1.7137362,-5.3424638,-0.4550653,-3.8867756,-18.0921193,-54.1499426,-87.3079508
0.5731187,0.5731187,0.5806053,-2.1216665,-1.6611991,-5.1805577,-0.4410305,-3.7689041,-17.5867678,-53.1398306,-89.8068053
0.5781187,0.5781187,0.5856053,-2.0573099,-1.6106969,-5.0247671,-0.4275462,-3.6554917,-17.0968978,-52.1149227,-91.8061457
0.5831187,0.5831187,0.5906053,-1.9954140,-1.5621349,-4.8748215,-0.4145863,-3.5463407,-16.6221613,-51.0807965,-93.3560381
0.5881187,0.5881187,0.5956053,-1.9358661,-1.5154235,-4.7304635,-0.4021259,-3.4412628,-16.1621919,-50.0422468,-94.5051168
0.5931187,0.5931187,0.6006053,-1.8785596,-1.4704779,-4.5914482,-0.3901417,-3.3400788,-15.7166097,-49.0033848,-95.2988574
0.5981187,0.5981187,0.6056053,-1.8233931,-1.4272175,-4.4575426,-0.3786114,-3.2426185,-15.2850253,-47.9677234,-95.7789205
0.6031187,0.6031187,0.6106053,-1.7702708,-1.3855664,-4.3285246,-0.3675142,-3.1487197,-14.8670444,-46.9382532,-95.9830338
0.6081187,0.6081187,0.6156053,-1.7191016,-1.3454522,-4.2041832,-0.3568303,-3.0582282,-14.4622699,-45.9175081,-95.9451311
0.6131187,0.6131187,0.6206053,-1.6697992,-1.3068065,-4.0843173,-0.3465409,-2.9709971,-14.0703052,-44.9076237,-95.6956070
0.6181187,0.6181187,0.6256053,-1.6222815,-1.2695645,-3.9687356,-0.3366284,-2.8868868,-13.6907559,-43.9103876,-95.2616132
0.6231187,0.6231187,0.6306053,-1.5764708,-1.2336644,-3.8572560,-0.3270758,-2.8057644,-13.3232317,-42.9272842,-94.6673616
0.6281187,0.6281187,0.6356053,-1.5322931,-1.1990478,-3.7497051,-0.3178674,-2.7275033,-12.9673478,-41.9595330,-93.9344152
0.6331187,0.6331187,0.6406053,-1.4896783,-1.1656593,-3.6459177,-0.3089879,-2.6519831,-12.6227261,-41.0081238,-93.0819600
0.6381187,0.6381187,0.6456053,-1.4485595,-1.1334460,-3.5457365,-0.3004231,-2.5790889,-12.2889961,-40.0738455,-92.1270540
0.6431187,0.6431187,0.6506053,-1.4088733,-1.1023580,-3.4490119,-0.2921595,-2.5087116,-11.9657954,-39.1573132,-91.0848528
0.6481187,0.6481187,0.6556053,-1.3705596,-1.0723477,-3.3556010,-0.2841840,-2.4407471,-11.6527707,-38.2589908,-89.9688131
0.6531187,0.6531187,0.6606053,-1.3335608,-1.0433696,-3.2653678,-0.2764845,-2.3750962,-11.3495776,-37.3792115,-88.7908758
0.6581187,0.6581187,0.6656053,-1.2978224,-1.0153810,-3.1781828,-0.2690493,-2.3116644,-11.0558816,-36.5181952,-87.5616285
0.6631187,0.6631187,0.6706053,-1.2632926,-0.9883407,-3.0939224,-0.2618674,-2.2503616,-10.7713575,-35.6760642,-86.2904525
0.6681187,0.6681187,0.6756053,-1.2299217,-0.9622098,-3.0124687,-0.2549282,-2.1911021,-10.4956903,-34.8528569,-84.9856523
0.6731187,0.6731187,0.6806053,-1.1976627,-0.9369513,-2.9337095,-0.2482218,-2.1338038,-10.2285744,-34.0485396,-83.6545726
0.6781187,0.6781187,0.6856053,-1.1664709,-0.9125298,-2.8575375,-0.2417387,-2.0783887,-9.9697144,-33.2630171,-82.3037016
0.6831187,0.6831187,0.6906053,-1.1363033,-0.8889116,-2.7838504,-0.2354697,-2.0247823,-9.7188242,-32.4961420,-80.9387637
0.6881187,0.6881187,0.6956053,-1.1071192,-0.8660647,-2.7125506,-0.2294064,-1.9729134,-9.4756276,-31.7477225,-79.5648016
0.6931187,0.6931187,0.7006053,-1.0788798,-0.8439585,-2.6435450,-0.2235403,-1.9227142,-9.2398576,-31.0175296,-78.1862506
0.6981187,0.6981187,0.7056053,-1.0515481,-0.8225639,-2.5767446,-0.2178639,-1.8741199,-9.0112566,-30.3053030,-76.8070035
0.7031187,0.7031187,0.7106053,-1.0250886,-0.8018530,-2.5120644,-0.2123695,-1.8270685,-8.7895759,-29.6107572,-75.4304696
0.7081187,0.7081187,0.7156053,-0.9994676,-0.7817993,-2.4494232,-0.2070500,-1.7815009,-8.5745757,-28.9335853,-74.0596268
0.7131187,0.7131187,0.7206053,-0.9746528,-0.7623776,-2.3887434,-0.2018988,-1.7373607,-8.3660248,-28.2734638,-72.6970682
0.7181187,0.7181187,0.7256053,-0.9506136,-0.7435635,-2.3299509,-0.1969092,-1.6945939,-8.1637002,-27.6300559,-71.3450443
0.7231187,0.7231187,0.7306053,-0.9273204,-0.7253340,-2.2729748,-0.1920751,-1.6531487,-7.9673872,-27.0030146,-70.0054995
0.7281187,0.7281187,0.7356053,-0.9047452,-0.7076671,-2.2177473,-0.1873907,-1.6129759,-7.7768789,-26.3919855,-68.6801060
0.7331187,0.7331187,0.7406053,-0.8828612,-0.6905417,-2.1642036,-0.1828502,-1.5740283,-7.5919758,-25.7966092,-67.3702931
0.7381187,0.7381187,0.7456053,-0.8616426,-0.6739375,-2.1122815,-0.1784483,-1.5362606,-7.4124861,-25.2165232,-66.0772741
0.7431187,0.7431187,0.7506053,-0.8410649,-0.6578354,-2.0619218,-0.1741798,-1.4996296,-7.2382248,-24.6513636,-64.8020702
0.7481187,0.7481187,0.7556053,-0.8211046,-0.6422169,-2.0130676,-0.1700399,-1.4640940,-7.0690139,-24.1007670,-63.5455312
0.7531187,0.7531187,0.7606053,-0.8017393,-0.6270643,-1.9656644,-0.1660237,-1.4296141,-6.9046820,-23.5643713,-62.3083553
0.7581187,0.7581187,0.7656053,-0.7829474,-0.6123608,-1.9196600,-0.1621268,-1.3961520,-6.7450640,-23.0418170,-61.0911056
0.7631187,0.7631187,0.7706053,-0.7647082,-0.5980902,-1.8750047,-0.1583449,-1.3636712,-6.5900010,-22.5327485,-59.8942256
0.7681187,0.7681187,0.7756053,-0.7470022,-0.5842370,-1.8316504,-0.1546739,-1.3321371,-6.4393402,-22.0368140,-58.7180527
0.7731187,0.7731187,0.7806053,-0.7298103,-0.5707863,-1.7895514,-0.1511097,-1.3015162,-6.2929342,-21.5536673,-57.5628306
0.7781187,0.7781187,0.7856053,-0.7131144,-0.5577241,-1.7486635,-0.1476487,-1.2717764,-6.1506411,-21.0829674,-56.4287202
0.7831187,0.7831187,0.7906053,-0.6968972,-0.5450366,-1.7089448,-0.1442871,-1.2428871,-6.0123246,-20.6243794,-55.3158091
0.7881187,0.7881187,0.7956053,-0.6811420,-0.5327109,-1.6703546,-0.1410216,-1.2148188,-5.8778531,-20.1775747,-54.2241208
0.7931187,0.7931187,0.8006053,-0.6658329,-0.5207343,-1.6328542,-0.1378487,-1.1875433,-5.7471001,-19.7422316,-53.1536223
0.7981187,0.7981187,0.8056053,-0.6509544,-0.5090949,-1.5964063,-0.1347653,-1.1610335,-5.6199437,-19.3180352,-52.1042312
0.8031187,0.8031187,0.8106053,-0.6364920,-0.4977811,-1.5609752,-0.1317683,-1.1352633,-5.4962665,-18.9046774,-51.0758218
0.8081187,0.8081187,0.8156053,-0.6224315,-0.4867819,-1.5265265,-0.1288547,-1.1102078,-5.3759555,-18.5018576,-50.0682311
0.8131187,0.8131187,0.8206053,-0.6087593,-0.4760867,-1.4930272,-0.1260218,-1.0858429,-5.2589019,-18.1092824,-49.0812633
0.8181187,0.8181187,0.8256053,-0.5954625,-0.4656853,-1.4604458,-0.1232668,-1.0621457,-5.1450006,-17.7266656,-48.1146949
0.8231187,0.8231187,0.8306053,-0.5825286,-0.4555678,-1.4287516,-0.1205871,-1.0390939,-5.0341507,-17.3537282,-47.1682782
0.8281187,0.8281187,0.8356053,-0.5699454,-0.4457249,-1.3979155,-0.1179802,-1.0166663,-4.9262549,-16.9901986,-46.2417450
0.8331187,0.8331187,0.8406053,-0.5577016,-0.4361476,-1.3679094,-0.1154438,-0.9948424,-4.8212192,-16.6358124,-45.3348099
0.8381187,0.8381187,0.8456053,-0.5457860,-0.4268271,-1.3387062,-0.1129754,-0.9736026,-4.7189533,-16.2903124,-44.4471733
0.8431187,0.8431187,0.8506053,-0.5341879,-0.4177551,-1.3102799,-0.1105730,-0.9529279,-4.6193701,-15.9534482,-43.5785235
0.8481187,0.8481187,0.8556053,-0.5228971,-0.4089236,-1.2826056,-0.1082342,-0.9328001,-4.5223856,-15.6249766,-42.7285394
0.8531187,0.8531187,0.8606053,-0.5119037,-0.4003248,-1.2556590,-0.1059572,-0.9132018,-4.4279187,-15.3046612,-41.8968921
0.8581187,0.8581187,0.8656053,-0.5011983,-0.3919513,-1.2294172,-0.1037399,-0.8941160,-4.3358915,-14.9922723,-41.0832471
0.8631187,0.8631187,0.8706053,-0.4907716,-0.3837959,-1.2038577,-0.1015805,-0.8755266,-4.2462285,-14.6875867,-40.2872657
0.8681187,0.8681187,0.8756053,-0.4806149,-0.3758518,-1.1789591,-0.0994770,-0.8574179,-4.1588573,-14.3903878,-39.5086061
0.8731187,0.8731187,0.8806053,-0.4707198,-0.3681124,-1.1547008,-0.0974277,-0.8397749,-4.0737076,-14.1004652,-38.7469252
0.8781187,0.8781187,0.8856053,-0.4610780,-0.3605711,-1.1310628,-0.0954310,-0.8225831,-3.9907121,-13.8176147,-38.0018793
0.8831187,0.8831187,0.8906053,-0.4516817,-0.3532220,-1.1080260,-0.0934852,-0.8058285,-3.9098053,-13.5416382,-37.2731251
0.8881187,0.8881187,0.8956053,-0.4425234,-0.3460590,-1.0855718,-0.0915887,-0.7894978,-3.8309245,-13.2723434,-36.5603208
0.8931187,0.8931187,0.9006053,-0.4335957,-0.3390765,-1.0636825,-0.0897400,-0.7735779,-3.7540088,-13.0095438,-35.8631264
0.8981187,0.8981187,0.9056053,-0.4248917,-0.3322689,-1.0423408,-0.0879377,-0.7580563,-3.6789997,-12.7530581,-35.1812047
0.9031187,0.9031187,0.9106053,-0.4164045,-0.3256310,-1.0215303,-0.0861804,-0.7429211,-3.6058406,-12.5027111,-34.5142218
0.9081187,0.9081187,0.9156053,-0.4081276,-0.3191576,-1.0012349,-0.0844666,-0.7281605,-3.5344767,-12.2583322,-33.8618475
0.9131187,0.9131187,0.9206053,-0.4000547,-0.3128439,-0.9814392,-0.0827951,-0.7137634,-3.4648554,-12.0197563,-33.2237555
0.9181187,0.9181187,0.9256053,-0.3921798,-0.3066849,-0.9621284,-0.0811646,-0.6997190,-3.3969256,-11.7868232,-32.5996244
0.9231187,0.9231187,0.9306053,-0.3844969,-0.3006762,-0.9432881,-0.0795740,-0.6860168,-3.3306380,-11.5593775,-31.9891373
0.9281187,0.9281187,0.9356053,-0.3770004,-0.2948133,-0.9249045,-0.0780219,-0.6726467,-3.2659452,-11.3372685,-31.3919822
0.9331187,0.9331187,0.9406053,-0.3696849,-0.2890920,-0.9069642,-0.0765074,-0.6595991,-3.2028010,-11.1203500,-30.8078527
0.9381187,0.9381187,0.9456053,-0.3625450,-0.2835081,-0.8894544,-0.0750292,-0.6468645,-3.1411611,-10.9084804,-30.2364476
0.9431187,0.9431187,0.9506053,-0.3555757,-0.2780576,-0.8723624,-0.0735864,-0.6344340,-3.0809825,-10.7015222,-29.6774711
0.9481187,0.9481187,0.9556053,-0.3487720,-0.2727366,-0.8556764,-0.0721779,-0.6222986,-3.0222237,-10.4993421,-29.1306333
0.9531187,0.9531187,0.9606053,-0.3421292,-0.2675416,-0.8393847,-0.0708028,-0.6104500,-2.9648445,-10.3018108,-28.5956498
0.9581187,0.9581187,0.9656053,-0.3356427,-0.2624687,-0.8234760,-0.0694600,-0.5988800,-2.9088061,-10.1088029,-28.0722420
0.9631187,0.9631187,0.9706053,-0.3293081,-0.2575147,-0.8079394,-0.0681486,-0.5875807,-2.8540710,-9.9201969,-27.5601372
0.9681187,0.9681187,0.9756053,-0.3231210,-0.2526761,-0.7927646,-0.0668679,-0.5765444,-2.8006027,-9.7358748,-27.0590683
0.9731187,0.9731187,0.9806053,-0.3170774,-0.2479497,-0.7779413,-0.0656168,-0.5657638,-2.7483661,-9.5557223,-26.5687742
0.9781187,0.9781187,0.9856053,-0.3111732,-0.2433323,-0.7634597,-0.0643947,-0.5552318,-2.6973273,-9.3796284,-26.0889992
0.9831187,0.9831187,0.9906053,-0.3054045,-0.2388210,-0.7493104,-0.0632006,-0.5449414,-2.6474533,-9.2074854,-25.6194937
0.9881187,0.9881187,0.9956053,-0.2997676,-0.2344127,-0.7354840,-0.0620338,-0.5348859,-2.5987122,-9.0391889,-25.1600136
0.9931187,0.9931187,1.0006053,-0.2942589,-0.2301047,-0.7219719,-0.0608935,-0.5250589,-2.5510733,-8.8746377,-24.7103205
0.9981187,0.9981187,1.0056053,-0.2888748,-0.2258941,-0.7087653,-0.0597791,-0.5154542,-2.5045065,-8.7137335,-24.2701814
1.0031187,1.0031187,1.0106053,-0.2836120,-0.2217784,-0.6958560,-0.0586897,-0.5060656,-2.4589831,-8.5563809,-23.8393690
1.0081187,1.0081187,1.0156053,-0.2784671,-0.2177550,-0.6832358,-0.0576248,-0.4968874,-2.4144749,-8.4024874,-23.4176612
1.0131187,1.0131187,1.0206053,-0.2734370,-0.2138213,-0.6708971,-0.0565837,-0.4879139,-2.3709550,-8.2519632,-23.0048414
1.0181187,1.0181187,1.0256053,-0.2685186,-0.2099750,-0.6588322,-0.0555657,-0.4791395,-2.3283969,-8.1047213,-22.6006981
1.0231187,1.0231187,1.0306053,-0.2637089,-0.2062138,-0.6470339,-0.0545702,-0.4705589,-2.2867752,-7.9606769,-22.2050250
1.0281187,1.0281187,1.0356053,-0.2590051,-0.2025353,-0.6354950,-0.0535966,-0.4621671,-2.2460652,-7.8197481,-21.8176209
1.0331187,1.0331187,1.0406053,-0.2544042,-0.1989373,-0.6242087,-0.0526443,-0.4539590,-2.2062431,-7.6818552,-21.4382894
1.0381187,1.0381187,1.0456053,-0.2499037,-0.1954178,-0.6131684,-0.0517129,-0.4459297,-2.1672856,-7.5469207,-21.0668393
1.0431187,1.0431187,1.0506053,-0.2455008,-0.1919747,-0.6023676,-0.0508016,-0.4380747,-2.1291703,-7.4148697,-20.7030837
1.0481187,1.0481187,1.0556053,-0.2411931,-0.1886061,-0.5918000,-0.0499100,-0.4303893,-2.0918753,-7.2856292,-20.3468407
1.0531187,1.0531187,1.0606053,-0.2369781,-0.1853098,-0.5814597,-0.0490377,-0.4228692,-2.0553795,-7.1591284,-19.9979329
1.0581187,1.0581187,1.0656053,-0.2328533,-0.1820842,-0.5713407,-0.0481840,-0.4155100,-2.0196624,-7.0352986,-19.6561871
1.0631187,1.0631187,1.0706053,-0.2288164,-0.1789274,-0.5614374,-0.0473485,-0.4083077,-1.9847042,-6.9140729,-19.3214349
1.0681187,1.0681187,1.0756053,-0.2248653,-0.1758376,-0.5517443,-0.0465308,-0.4012583,-1.9504856,-6.7953865,-18.9935119
1.0731187,1.0731187,1.0806053,-0.2209977,-0.1728131,-0.5422559,-0.0457303,-0.3943578,-1.9169877,-6.6791765,-18.6722577
1.0781187,1.0781187,1.0856053,-0.2172114,-0.1698522,-0.5329672,-0.0449467,-0.3876024,-1.8841926,-6.5653815,-18.3575164
1.0831187,1.0831187,1.0906053,-0.2135045,-0.1669534,-0.5238730,-0.0441796,-0.3809886,-1.8520825,-6.4539422,-18.0491356
1.0881187,1.0881187,1.0956053,-0.2098749,-0.1641151,-0.5149686,-0.0434284,-0.3745127,-1.8206403,-6.3448007,-17.7469670
1.0931187,1.0931187,1.1006053,-0.2063208,-0.1613358,-0.5062490,-0.0426929,-0.3681714,-1.7898495,-6.2379009,-17.4508662
1.0981187,1.0981187,1.1056053,-0.2028402,-0.1586140,-0.4977099,-0.0419726,-0.3619612,-1.7596938,-6.1331882,-17.1606922
1.1031187,1.1031187,1.1106053,-0.1994313,-0.1559482,-0.4893465,-0.0412671,-0.3558789,-1.7301577,-6.0306097,-16.8763077
1.1081187,1.1081187,1.1156053,-0.1960923,-0.1533372,-0.4811548,-0.0405761,-0.3499213,-1.7012259,-5.9301136,-16.5975790
1.1131187,1.1131187,1.1206053,-0.1928216,-0.1507795,-0.4731303,-0.0398992,-0.3440855,-1.6728837,-5.8316500,-16.3243757
1.1181187,1.1181187,1.1256053,-0.1896174,-0.1482738,-0.4652691,-0.0392361,-0.3383684,-1.6451167,-5.7351701,-16.0565707
1.1231187,1.1231187,1.1306053,-0.1864781,-0.1458190,-0.4575671,-0.0385864,-0.3327670,-1.6179110,-5.6406265,-15.7940401
1.1281187,1.1281187,1.1356053,-0.1834022,-0.1434137,-0.4500206,-0.0379499,-0.3272787,-1.5912530,-5.5479732,-15.5366633
1.1331187,1.1331187,1.1406053,-0.1803881,-0.1410567,-0.4426257,-0.0373262,-0.3219007,-1.5651295,-5.4571653,-15.2843227
1.1381187,1.1381187,1.1456053,-0.1774344,-0.1387469,-0.4353788,-0.0367149,-0.3166304,-1.5395278,-5.3681593,-15.0369037
1.1431187,1.1431187,1.1506053,-0.1745395,-0.1364832,-0.4282763,-0.0361158,-0.3114651,-1.5144355,-5.2809128,-14.7942945
1.1481187,1.1481187,1.1556053,-0.1717022,-0.1342644,-0.4213149,-0.0355287,-0.3064023,-1.4898404,-5.1953845,-14.5563862
1.1531187,1.1531187,1.1606053,-0.1689209,-0.1320895,-0.4144911,-0.0349531,-0.3014397,-1.4657308,-5.1115344,-14.3230727
1.1581187,1.1581187,1.1656053,-0.1661945,-0.1299575,-0.4078018,-0.0343889,-0.2965748,-1.4420953,-5.0293234,-14.0942506
1.1631187,1.1631187,1.1706053,-0.1635216,-0.1278673,-0.4012437,-0.0338358,-0.2918054,-1.4189228,-4.9487136,-13.8698190
1.1681187,1.1681187,1.1756053,-0.1609009,-0.1258180,-0.3948138,-0.0332935,-0.2871293,-1.3962023,-4.8696679,-13.6496797
1.1731187,1.1731187,1.1806053,-0.1583313,-0.1238086,-0.3885091,-0.0327617,-0.2825441,-1.3739236,-4.7921504,-13.4337368
1.1781187,1.1781187,1.1856053,-0.1558115,-0.1218382,-0.3823267,-0.0322403,-0.2780479,-1.3520762,-4.7161261,-13.2218969
1.1831187,1.1831187,1.1906053,-0.1533404,-0.1199059,-0.3762638,-0.0317289,-0.2736386,-1.3306503,-4.6415610,-13.0140689
1.1881187,1.1881187,1.1956053,-0.1509169,-0.1180108,-0.3703175,-0.0312274,-0.2693142,-1.3096361,-4.5684217,-12.8101640
1.1931187,1.1931187,1.2006053,-0.1485399,-0.1161520,-0.3644853,-0.0307355,-0.2650727,-1.2890243,-4.4966761,-12.6100958
1.1981187,1.1981187,1.2056053,-0.1462083,-0.1143288,-0.3587645,-0.0302530,-0.2609122,-1.2688057,-4.4262926,-12.4137797
1.2031187,1.2031187,1.2106053,-0.1439211,-0.1125402,-0.3531526,-0.0297797,-0.2568309,-1.2489714,-4.3572407,-12.2211335
1.2081187,1.2081187,1.2156053,-0.1416772,-0.1107856,-0.3476470,-0.0293154,-0.2528270,-1.2295126,-4.2894904,-12.0320769
1.2131187,1.2131187,1.2206053,-0.1394758,-0.1090641,-0.3422455,-0.0288599,-0.2488987,-1.2104209,-4.2230128,-11.8465317
1.2181187,1.2181187,1.2256053,-0.1373158,-0.1073750,-0.3369457,-0.0284129,-0.2450443,-1.1916881,-4.1577795,-11.6644215
1.2231187,1.2231187,1.2306053,-0.1351963,-0.1057177,-0.3317452,-0.0279743,-0.2412623,-1.1733061,-4.0937629,-11.4856718
1.2281187,1.2281187,1.2356053,-0.1331164,-0.1040912,-0.3266420,-0.0275439,-0.2375509,-1.1552672,-4.0309362,-11.3102101
1.2331187,1.2331187,1.2406053,-0.1310753,-0.1024951,-0.3216337,-0.0271215,-0.2339086,-1.1375637,-3.9692731,-11.1379654
1.2381187,1.2381187,1.2456053,-0.1290720,-0.1009286,-0.3167183,-0.0267070,-0.2303339,-1.1201882,-3.9087483,-10.9688688
1.2431187,1.2431187,1.2506053,-0.1271057,-0.0993911,-0.3118938,-0.0263001,-0.2268253,-1.1031336,-3.8493367,-10.8028528
1.2481187,1.2481187,1.2556053,-0.1251757,-0.0978818,-0.3071582,-0.0259008,-0.2233813,-1.0863926,-3.7910142,-10.6398516
1.2531187,1.2531187,1.2606053,-0.1232811,-0.0964003,-0.3025094,-0.0255087,-0.2200004,-1.0699586,-3.7337572,-10.4798012
1.2581187,1.2581187,1.2656053,-0.1214211,-0.0949459,-0.2979457,-0.0251238,-0.2166815,-1.0538249,-3.6775426,-10.3226388
1.2631187,1.2631187,1.2706053,-0.1195951,-0.0935180,-0.2934652,-0.0247460,-0.2134230,-1.0379848,-3.6223480,-10.1683034
1.2681187,1.2681187,1.2756053,-0.1178022,-0.0921160,-0.2890660,-0.0243750,-0.2102237,-1.0224321,-3.5681515,-10.0167353
1.2731187,1.2731187,1.2806053,-0.1160418,-0.0907394,-0.2847464,-0.0240107,-0.2070823,-1.0071606,-3.5149317,-9.8678765
1.2781187,1.2781187,1.2856053,-0.1143131,-0.0893877,-0.2805048,-0.0236530,-0.2039975,-0.9921643,-3.4626678,-9.7216701
1.2831187,1.2831187,1.2906053,-0.1126155,-0.0880602,-0.2763394,-0.0233017,-0.2009682,-0.9774372,-3.4113396,-9.5780607
1.2881187,1.2881187,1.2956053,-0.1109483,-0.0867565,-0.2722486,-0.0229567,-0.1979931,-0.9629737,-3.3609272,-9.4369943
1.2931187,1.2931187,1.3006053,-0.1093109,-0.0854761,-0.2682308,-0.0226179,-0.1950712,-0.9487682,-3.3114114,-9.2984179
1.2981187,1.2981187,1.3056053,-0.1077026,-0.0842185,-0.2642845,-0.0222851,-0.1922013,-0.9348151,-3.2627732,-9.1622801
1.3031187,1.3031187,1.3106053,-0.1061228,-0.0829831,-0.2604082,-0.0219582,-0.1893822,-0.9211093,-3.2149943,-9.0285306
1.3081187,1.3081187,1.3156053,-0.1045710,-0.0817696,-0.2566004,-0.0216371,-0.1866129,-0.9076454,-3.1680568,-8.8971201
1.3131187,1.3131187,1.3206053,-0.1030464,-0.0805775,-0.2528596,-0.0213217,-0.1838925,-0.8944185,-3.1219432,-8.7680007
1.3181187,1.3181187,1.3256053,-0.1015487,-0.0794063,-0.2491845,-0.0210118,-0.1812197,-0.8814236,-3.0766363,-8.6411257
1.3231187,1.3231187,1.3306053,-0.1000771,-0.0782557,-0.2455737,-0.0207073,-0.1785938,-0.8686559,-3.0321196,-8.5164491
1.3281187,1.3281187,1.3356053,-0.0986313,-0.0771250,-0.2420259,-0.0204081,-0.1760136,-0.8561107,-2.9883768,-8.3939264
1.3331187,1.3331187,1.3406053,-0.0972105,-0.0760141,-0.2385397,-0.0201141,-0.1734783,-0.8437833,-2.9453919,-8.2735138
1.3381187,1.3381187,1.3456053,-0.0958144,-0.0749223,-0.2351140,-0.0198252,-0.1709869,-0.8316694,-2.9031495,-8.1551689
1.3431187,1.3431187,1.3506053,-0.0944424,-0.0738495,-0.2317474,-0.0195413,-0.1685386,-0.8197646,-2.8616345,-8.0388499
1.3481187,1.3481187,1.3556053,-0.0930940,-0.0727951,-0.2284388,-0.0192623,-0.1661324,-0.8080645,-2.8208320,-7.9245161
1.3531187,1.3531187,1.3606053,-0.0917687,-0.0717588,-0.2251869,-0.0189881,-0.1637674,-0.7965651,-2.7807277,-7.8121278
1.3581187,1.3581187,1.3656053,-0.0904661,-0.0707402,-0.2219907,-0.0187185,-0.1614430,-0.7852622,-2.7413074,-7.7016463
1.3631187,1.3631187,1.3706053,-0.0891858,-0.0697390,-0.2188489,-0.0184536,-0.1591581,-0.7741519,-2.7025575,-7.5930335
1.3681187,1.3681187,1.3756053,-0.0879271,-0.0687548,-0.2157606,-0.0181932,-0.1569121,-0.7632303,-2.6644644,-7.4862524
1.3731187,1.3731187,1.3806053,-0.0866899,-0.0677873,-0.2127245,-0.0179372,-0.1547042,-0.7524937,-2.6270151,-7.3812668
1.3781187,1.3781187,1.3856053,-0.0854735,-0.0668362,-0.2097398,-0.0176855,-0.1525335,-0.7419382,-2.5901967,-7.2780413
1.3831187,1.3831187,1.3906053,-0.0842776,-0.0659010,-0.2068053,-0.0174380,-0.1503994,-0.7315604,-2.5539967,-7.1765412
1.3881187,1.3881187,1.3956053,-0.0831017,-0.0649816,-0.2039200,-0.0171947,-0.1483011,-0.7213567,-2.5184028,-7.0767328
1.3931187,1.3931187,1.4006053,-0.0819456,-0.0640775,-0.2010831,-0.0169555,-0.1462379,-0.7113237,-2.4834032,-6.9785830
1.3981187,1.3981187,1.4056053,-0.0808087,-0.0631885,-0.1982935,-0.0167203,-0.1442091,-0.7014579,-2.4489861,-6.8820596
1.4031187,1.4031187,1.4106053,-0.0796908,-0.0623143,-0.1955502,-0.0164889,-0.1422141,-0.6917561,-2.4151401,-6.7871308
1.4081187,1.4081187,1.4156053,-0.0785913,-0.0614546,-0.1928525,-0.0162614,-0.1402522,-0.6822151,-2.3818540,-6.6937659
1.4131187,1.4131187,1.4206053,-0.0775101,-0.0606091,-0.1901993,-0.0160377,-0.1383226,-0.6728317,-2.3491170,-6.6019347
1.4181187,1.4181187,1.4256053,-0.0764467,-0.0597776,-0.1875899,-0.0158177,-0.1364249,-0.6636028,-2.3169184,-6.5116075
1.4231187,1.4231187,1.4306053,-0.0754007,-0.0589597,-0.1850233,-0.0156012,-0.1345584,-0.6545256,-2.2852478,-6.4227557
1.4281187,1.4281187,1.4356053,-0.0743719,-0.0581552,-0.1824988,-0.0153884,-0.1327224,-0.6455970,-2.2540949,-6.3353508
1.4331187,1.4331187,1.4406053,-0.0733599,-0.0573638,-0.1800155,-0.0151790,-0.1309165,-0.6368141,-2.2234499,-6.2493654
1.4381187,1.4381187,1.4456053,-0.0723644,-0.0565854,-0.1775727,-0.0149730,-0.1291399,-0.6281742,-2.1933030,-6.1647724
1.4431187,1.4431187,1.4506053,-0.0713850,-0.0558196,-0.1751695,-0.0147703,-0.1273922,-0.6196745,-2.1636447,-6.0815454
1.4481187,1.4481187,1.4556053,-0.0704215,-0.0550661,-0.1728052,-0.0145710,-0.1256728,-0.6113124,-2.1344656,-5.9996585
1.4531187,1.4531187,1.4606053,-0.0694735,-0.0543249,-0.1704791,-0.0143748,-0.1239811,-0.6030852,-2.1057567,-5.9190866
1.4581187,1.4581187,1.4656053,-0.0685408,-0.0535956,-0.1681904,-0.0141818,-0.1223167,-0.5949903,-2.0775091,-5.8398048
1.4631187,1.4631187,1.4706053,-0.0676231,-0.0528779,-0.1659385,-0.0139919,-0.1206790,-0.5870253,-2.0497141,-5.7617890
1.4681187,1.4681187,1.4756053,-0.0667201,-0.0521718,-0.1637226,-0.0138051,-0.1190674,-0.5791877,-2.0223631,-5.6850156
1.4731187,1.4731187,1.4806053,-0.0658314,-0.0514769,-0.1615421,-0.0136212,-0.1174816,-0.5714751,-1.9954477,-5.6094612
1.4781187,1.4781187,1.4856053,-0.0649569,-0.0507931,-0.1593962,-0.0134403,-0.1159211,-0.5638852,-1.9689600,-5.5351034
1.4831187,1.4831187,1.4906053,-0.0640963,-0.0501201,-0.1572844,-0.0132622,-0.1143852,-0.5564157,-1.9428918,-5.4619199
1.4881187,1.4881187,1.4956053,-0.0632493,-0.0494578,-0.1552060,-0.0130869,-0.1128737,-0.5490643,-1.9172355,-5.3898890
1.4931187,1.4931187,1.5006053,-0.0624157,-0.0488060,-0.1531604,-0.0129144,-0.1113861,-0.5418288,-1.8919832,-5.3189895
1.4981187,1.4981187,1.5056053,-0.0615952,-0.0481644,-0.1511470,-0.0127447,-0.1099218,-0.5347071,-1.8671277,-5.2492006
1.5031187,1.5031187,1.5106053,-0.0607875,-0.0475328,-0.1491651,-0.0125776,-0.1084805,-0.5276971,-1.8426615,-5.1805019
1.5081187,1.5081187,1.5156053,-0.0599925,-0.0469111,-0.1472143,-0.0124131,-0.1070617,-0.5207967,-1.8185776,-5.1128735
1.5131187,1.5131187,1.5206053,-0.0592099,-0.0462992,-0.1452939,-0.0122511,-0.1056651,-0.5140040,-1.7948688,-5.0462959
1.5181187,1.5181187,1.5256053,-0.0584394,-0.0456967,-0.1434034,-0.0120917,-0.1042902,-0.5073168,-1.7715284,-4.9807500
1.5231187,1.5231187,1.5306053,-0.0576810,-0.0451036,-0.1415422,-0.0119348,-0.1029367,-0.5007334,-1.7485497,-4.9162172
1.5281187,1.5281187,1.5356053,-0.0569342,-0.0445197,-0.1397098,-0.0117803,-0.1016041,-0.4942519,-1.7259260,-4.8526790
1.5331187,1.5331187,1.5406053,-0.0561990,-0.0439448,-0.1379056,-0.0116281,-0.1002920,-0.4878703,-1.7036510,-4.7901177
1.5381187,1.5381187,1.5456053,-0.0554751,-0.0433787,-0.1361293,-0.0114783,-0.0990002,-0.4815869,-1.6817183,-4.7285156
1.5431187,1.5431187,1.5506053,-0.0547623,-0.0428214,-0.1343802,-0.0113309,-0.0977281,-0.4753998,-1.6601219,-4.6678555
1.5481187,1.5481187,1.5556053,-0.0540604,-0.0422725,-0.1326578,-0.0111856,-0.0964756,-0.4693075,-1.6388555,-4.6081206
1.5531187,1.5531187,1.5606053,-0.0533692,-0.0417321,-0.1309618,-0.0110426,-0.0952421,-0.4633081,-1.6179135,-4.5492945
1.5581187,1.5581187,1.5656053,-0.0526886,-0.0411998,-0.1292916,-0.0109018,-0.0940274,-0.4574000,-1.5972898,-4.4913609
1.5631187,1.5631187,1.5706053,-0.0520182,-0.0406757,-0.1276467,-0.0107631,-0.0928312,-0.4515817,-1.5769790,-4.4343041
1.5681187,1.5681187,1.5756053,-0.0513581,-0.0401594,-0.1260268,-0.0106265,-0.0916531,-0.4458513,-1.5569754,-4.3781086
1.5731187,1.5731187,1.5806053,-0.0507079,-0.0396510,-0.1244313,-0.0104919,-0.0904928,-0.4402076,-1.5372735,-4.3227591
1.5781187,1.5781187,1.5856053,-0.0500675,-0.0391502,-0.1228598,-0.0103594,-0.0893499,-0.4346488,-1.5178682,-4.2682408
1.5831187,1.5831187,1.5906053,-0.0494367,-0.0386570,-0.1213120,-0.0102289,-0.0882243,-0.4291735,-1.4987541,-4.2145391
1.5881187,1.5881187,1.5956053,-0.0488154,-0.0381712,-0.1197873,-0.0101004,-0.0871155,-0.4237802,-1.4799261,-4.1616398
1.5931187,1.5931187,1.6006053,-0.0482033,-0.0376926,-0.1182855,-0.0099737,-0.0860232,-0.4184675,-1.4613792,-4.1095288
1.5981187,1.5981187,1.6056053,-0.0476004,-0.0372211,-0.1168060,-0.0098490,-0.0849473,-0.4132340,-1.4431085,-4.0581925
1.6031187,1.6031187,1.6106053,-0.0470065,-0.0367567,-0.1153485,-0.0097261,-0.0838873,-0.4080782,-1.4251093,-4.0076174
1.6081187,1.6081187,1.6156053,-0.0464213,-0.0362991,-0.1139127,-0.0096050,-0.0828431,-0.4029990,-1.4073767,-3.9577903
1.6131187,1.6131187,1.6206053,-0.0458448,-0.0358483,-0.1124980,-0.0094857,-0.0818143,-0.3979948,-1.3899063,-3.9086983
1.6181187,1.6181187,1.6256053,-0.0452768,-0.0354042,-0.1111043,-0.0093682,-0.0808007,-0.3930645,-1.3726933,-3.8603288
1.6231187,1.6231187,1.6306053,-0.0447172,-0.0349666,-0.1097310,-0.0092524,-0.0798020,-0.3882067,-1.3557335,-3.8126693
1.6281187,1.6281187,1.6356053,-0.0441658,-0.0345354,-0.1083780,-0.0091383,-0.0788180,-0.3834202,-1.3390224,-3.7657078
1.6331187,1.6331187,1.6406053,-0.0436225,-0.0341106,-0.1070447,-0.0090259,-0.0778484,-0.3787038,-1.3225558,-3.7194322
1.6381187,1.6381187,1.6456053,-0.0430871,-0.0336919,-0.1057309,-0.0089151,-0.0768929,-0.3740563,-1.3063296,-3.6738310
1.6431187,1.6431187,1.6506053,-0.0425595,-0.0332794,-0.1044363,-0.0088059,-0.0759514,-0.3694764,-1.2903396,-3.6288926
1.6481187,1.6481187,1.6556053,-0.0420396,-0.0328728,-0.1031604,-0.0086984,-0.0750235,-0.3649631,-1.2745818,-3.5846059
1.6531187,1.6531187,1.6606053,-0.0415272,-0.0324721,-0.1019031,-0.0085923,-0.0741091,-0.3605153,-1.2590522,-3.5409598
1.6581187,1.6581187,1.6656053,-0.0410222,-0.0320773,-0.1006639,-0.0084879,-0.0732080,-0.3561317,-1.2437471,-3.4979434
1.6631187,1.6631187,1.6706053,-0.0405245,-0.0316881,-0.0994426,-0.0083849,-0.0723198,-0.3518114,-1.2286626,-3.4555463
1.6681187,1.6681187,1.6756053,-0.0400340,-0.0313045,-0.0982389,-0.0082834,-0.0714444,-0.3475532,-1.2137951,-3.4137581
1.6731187,1.6731187,1.6806053,-0.0395505,-0.0309264,-0.0970525,-0.0081833,-0.0705816,-0.3433562,-1.1991408,-3.3725685
1.6781187,1.6781187,1.6856053,-0.0390739,-0.0305538,-0.0958831,-0.0080847,-0.0697311,-0.3392192,-1.1846962,-3.3319675
1.6831187,1.6831187,1.6906053,-0.0386041,-0.0301865,-0.0947304,-0.0079875,-0.0688928,-0.3351413,-1.1704579,-3.2919455
1.6881187,1.6881187,1.6956053,-0.0381411,-0.0298244,-0.0935941,-0.0078917,-0.0680664,-0.3311216,-1.1564223,-3.2524927
1.6931187,1.6931187,1.7006053,-0.0376846,-0.0294674,-0.0924739,-0.0077973,-0.0672518,-0.3271590,-1.1425862,-3.2135997
1.6981187,1.6981187,1.7056053,-0.0372346,-0.0291155,-0.0913697,-0.0077042,-0.0664487,-0.3232525,-1.1289461,-3.1752573
1.7031187,1.7031187,1.7106053,-0.0367910,-0.0287686,-0.0902810,-0.0076124,-0.0656570,-0.3194014,-1.1154989,-3.1374564
1.7081187,1.7081187,1.7156053,-0.0363536,-0.0284266,-0.0892078,-0.0075219,-0.0648765,-0.3156046,-1.1022415,-3.1001881
1.7131187,1.7131187,1.7206053,-0.0359224,-0.0280894,-0.0881496,-0.0074327,-0.0641069,-0.3118612,-1.0891705,-3.0634437
1.7181187,1.7181187,1.7256053,-0.0354972,-0.0277570,-0.0871063,-0.0073447,-0.0633482,-0.3081704,-1.0762832,-3.0272146
1.7231187,1.7231187,1.7306053,-0.0350780,-0.0274292,-0.0860777,-0.0072579,-0.0626001,-0.3045314,-1.0635763,-2.9914924
1.7281187,1.7281187,1.7356053,-0.0346647,-0.0271060,-0.0850634,-0.0071724,-0.0618624,-0.3009432,-1.0510470,-2.9562689
1.7331187,1.7331187,1.7406053,-0.0342571,-0.0267873,-0.0840632,-0.0070881,-0.0611351,-0.2974051,-1.0386924,-2.9215359
1.7381187,1.7381187,1.7456053,-0.0338552,-0.0264730,-0.0830770,-0.0070049,-0.0604179,-0.2939162,-1.0265096,-2.8872855
1.7431187,1.7431187,1.7506053,-0.0334589,-0.0261631,-0.0821045,-0.0069229,-0.0597106,-0.2904757,-1.0144959,-2.8535099
1.7481187,1.7481187,1.7556053,-0.0330680,-0.0258575,-0.0811454,-0.0068421,-0.0590131,-0.2870829,-1.0026485,-2.8202015
1.7531187,1.7531187,1.7606053,-0.0326826,-0.0255561,-0.0801997,-0.0067623,-0.0583253,-0.2837370,-0.9909648,-2.7873527
1.7581187,1.7581187,1.7656053,-0.0323025,-0.0252589,-0.0792669,-0.0066837,-0.0576470,-0.2804372,-0.9794421,-2.7549562
1.7631187,1.7631187,1.7706053,-0.0319276,-0.0249658,-0.0783470,-0.0066061,-0.0569779,-0.2771828,-0.9680779,-2.7230048
1.7681187,1.7681187,1.7756053,-0.0315579,-0.0246766,-0.0774397,-0.0065296,-0.0563181,-0.2739731,-0.9568695,-2.6914913
1.7731187,1.7731187,1.7806053,-0.0311932,-0.0243915,-0.0765448,-0.0064541,-0.0556673,-0.2708073,-0.9458146,-2.6604087
1.7781187,1.7781187,1.7856053,-0.0308335,-0.0241102,-0.0756622,-0.0063797,-0.0550254,-0.2676847,-0.9349106,-2.6297502
1.7831187,1.7831187,1.7906053,-0.0304787,-0.0238328,-0.0747916,-0.0063063,-0.0543923,-0.2646048,-0.9241553,-2.5995092
1.7881187,1.7881187,1.7956053,-0.0301288,-0.0235591,-0.0739328,-0.0062339,-0.0537677,-0.2615667,-0.9135461,-2.5696789
1.7931187,1.7931187,1.8006053,-0.0297835,-0.0232892,-0.0730857,-0.0061625,-0.0531517,-0.2585698,-0.9030809,-2.5402529
1.7981187,1.7981187,1.8056053,-0.0294430,-0.0230229,-0.0722500,-0.0060920,-0.0525439,-0.2556136,-0.8927573,-2.5112248
1.8031187,1.8031187,1.8106053,-0.0291071,-0.0227602,-0.0714257,-0.0060225,-0.0519444,-0.2526972,-0.8825731,-2.4825885
1.8081187,1.8081187,1.8156053,-0.0287757,-0.0225011,-0.0706124,-0.0059539,-0.0513530,-0.2498202,-0.8725262,-2.4543377
1.8131187,1.8131187,1.8206053,-0.0284487,-0.0222454,-0.0698101,-0.0058863,-0.0507695,-0.2469818,-0.8626143,-2.4264664
1.8181187,1.8181187,1.8256053,-0.0281261,-0.0219932,-0.0690186,-0.0058195,-0.0501939,-0.2441816,-0.8528354,-2.3989688
1.8231187,1.8231187,1.8306053,-0.0278079,-0.0217443,-0.0682377,-0.0057537,-0.0496259,-0.2414188,-0.8431874,-2.3718389
1.8281187,1.8281187,1.8356053,-0.0274939,-0.0214988,-0.0674672,-0.0056887,-0.0490656,-0.2386930,-0.8336683,-2.3450712
1.8331187,1.8331187,1.8406053,-0.0271841,-0.0212566,-0.0667069,-0.0056246,-0.0485127,-0.2360035,-0.8242761,-2.3186599
1.8381187,1.8381187,1.8456053,-0.0268784,-0.0210175,-0.0659568,-0.0055614,-0.0479672,-0.2333497,-0.8150087,-2.2925996
1.8431187,1.8431187,1.8506053,-0.0265768,-0.0207817,-0.0652167,-0.0054990,-0.0474289,-0.2307312,-0.8058643,-2.2668849
1.8481187,1.8481187,1.8556053,-0.0262792,-0.0205489,-0.0644863,-0.0054374,-0.0468978,-0.2281474,-0.7968410,-2.2415104
1.8531187,1.8531187,1.8606053,-0.0259855,-0.0203193,-0.0637656,-0.0053766,-0.0463736,-0.2255977,-0.7879369,-2.2164709
1.8581187,1.8581187,1.8656053,-0.0256956,-0.0200927,-0.0630544,-0.0053166,-0.0458564,-0.2230817,-0.7791502,-2.1917614
1.8631187,1.8631187,1.8706053,-0.0254096,-0.0198690,-0.0623526,-0.0052575,-0.0453460,-0.2205987,-0.7704792,-2.1673767
1.8681187,1.8681187,1.8756053,-0.0251274,-0.0196483,-0.0616600,-0.0051991,-0.0448423,-0.2181484,-0.7619219,-2.1433119
1.8731187,1.8731187,1.8806053,-0.0248488,-0.0194305,-0.0609764,-0.0051414,-0.0443452,-0.2157301,-0.7534767,-2.1195622
1.8781187,1.8781187,1.8856053,-0.0245739,-0.0192155,-0.0603018,-0.0050845,-0.0438546,-0.2133435,-0.7451420,-2.0961227
1.8831187,1.8831187,1.8906053,-0.0243026,-0.0190034,-0.0596360,-0.0050284,-0.0433704,-0.2109881,-0.7369159,-2.0729887
1.8881187,1.8881187,1.8956053,-0.0240348,-0.0187940,-0.0589789,-0.0049730,-0.0428925,-0.2086632,-0.7287969,-2.0501558
1.8931187,1.8931187,1.9006053,-0.0237705,-0.0185873,-0.0583303,-0.0049183,-0.0424208,-0.2063686,-0.7207834,-2.0276192
1.8981187,1.8981187,1.9056053,-0.0235096,-0.0183833,-0.0576901,-0.0048643,-0.0419552,-0.2041038,-0.7128738,-2.0053746
1.9031187,1.9031187,1.9106053,-0.0232521,-0.0181819,-0.0570582,-0.0048110,-0.0414957,-0.2018682,-0.7050664,-1.9834175
1.9081187,1.9081187,1.9156053,-0.0229979,-0.0179832,-0.0564345,-0.0047585,-0.0410420,-0.1996615,-0.6973599,-1.9617438
1.9131187,1.9131187,1.9206053,-0.0227470,-0.0177870,-0.0558188,-0.0047065,-0.0405943,-0.1974833,-0.6897526,-1.9403490
1.9181187,1.9181187,1.9256053,-0.0224993,-0.0175933,-0.0552110,-0.0046553,-0.0401523,-0.1953330,-0.6822431,-1.9192291
1.9231187,1.9231187,1.9306053,-0.0222548,-0.0174021,-0.0546110,-0.0046047,-0.0397159,-0.1932104,-0.6748300,-1.8983800
1.9281187,1.9281187,1.9356053,-0.0220134,-0.0172134,-0.0540187,-0.0045548,-0.0392852,-0.1911149,-0.6675117,-1.8777977
1.9331187,1.9331187,1.9406053,-0.0217751,-0.0170270,-0.0534339,-0.0045055,-0.0388599,-0.1890462,-0.6602869,-1.8574782
1.9381187,1.9381187,1.9456053,-0.0215399,-0.0168431,-0.0528567,-0.0044568,-0.0384401,-0.1870039,-0.6531543,-1.8374176
1.9431187,1.9431187,1.9506053,-0.0213076,-0.0166615,-0.0522867,-0.0044087,-0.0380256,-0.1849875,-0.6461123,-1.8176121
1.9481187,1.9481187,1.9556053,-0.0210783,-0.0164821,-0.0517240,-0.0043613,-0.0376164,-0.1829968,-0.6391598,-1.7980579
1.9531187,1.9531187,1.9606053,-0.0208519,-0.0163051,-0.0511685,-0.0043144,-0.0372123,-0.1810313,-0.6322954,-1.7787514
1.9581187,1.9581187,1.9656053,-0.0206284,-0.0161303,-0.0506199,-0.0042682,-0.0368134,-0.1790906,-0.6255179,-1.7596890
1.9631187,1.9631187,1.9706053,-0.0204077,-0.0159577,-0.0500783,-0.0042225,-0.0364195,-0.1771745,-0.6188258,-1.7408670
1.9681187,1.9681187,1.9756053,-0.0201897,-0.0157873,-0.0495435,-0.0041774,-0.0360306,-0.1752825,-0.6122180,-1.7222819
1.9731187,1.9731187,1.9806053,-0.0199745,-0.0156190,-0.0490155,-0.0041329,-0.0356466,-0.1734143,-0.6056933,-1.7039304
1.9781187,1.9781187,1.9856053,-0.0197620,-0.0154529,-0.0484940,-0.0040889,-0.0352673,-0.1715695,-0.5992504,-1.6858090
1.9831187,1.9831187,1.9906053,-0.0195522,-0.0152888,-0.0479791,-0.0040455,-0.0348929,-0.1697478,-0.5928882,-1.6679143
1.9881187,1.9881187,1.9956053,-0.0193450,-0.0151268,-0.0474706,-0.0040026,-0.0345231,-0.1679489,-0.5866055,-1.6502431
1.9931187,1.9931187,2.0006053,-0.0191404,-0.0149668,-0.0469685,-0.0039603,-0.0341579,-0.1661724,-0.5804011,-1.6327922
1.9981187,1.9981187,2.0056053,-0.0189383,-0.0148088,-0.0464726,-0.0039185,-0.0337973,-0.1644180,-0.5742739,-1.6155584
