# r[nm],d[nm],daligned[nm],UC(d)[kJ/mol],UK(d)[kJ/mol],UCl(d)[kJ/mol],UC2A(d)[kJ/mol],UC4A(d)[kJ/mol],UCPlus(d)[kJ/mol],UCMinus(d)[kJ/mol],UCMoreLJ(d)[kJ/mol],UCLessLJ(d)[kJ/mol]
-0.9919568,-0.9919568,-0.7814615,11178.0543963,6645.3759167,52775.8678934,349.2317350,36804.5093071,11178.0543963,11178.0543963,13177.1242610,8333.9451352
-0.9869568,-0.9869568,-0.7764615,13558.4619308,8086.2971587,63703.0199460,444.5973426,44434.8966639,13558.4619308,13558.4619308,15983.2410289,10108.6892085
-0.9819568,-0.9819568,-0.7714615,17153.8803253,10263.8778333,80193.3201117,589.1903984,55950.4841925,17153.8803253,17153.8803253,20221.6597442,12789.3005721
-0.9769568,-0.9769568,-0.7664615,22468.6428830,13483.5519799,104560.0939243,807.6584179,72966.7176708,22468.6428830,22468.6428830,26486.9080743,16751.7915381
-0.9719568,-0.9719568,-0.7614615,27462.3698271,16498.4074713,127580.0343968,1004.1799488,89038.2435655,27462.3698271,27462.3698271,32373.7071661,20474.9301896
-0.9669568,-0.9669568,-0.7564615,33556.3261368,20192.2624531,155493.2378717,1255.3935456,108531.9467396,33556.3261368,33556.3261368,39557.4993259,25018.3592821
-0.9619568,-0.9619568,-0.7514615,37530.7005635,22588.8089278,173849.2379679,1407.2346806,121346.1508715,37530.7005635,37530.7005635,44242.6461166,27981.5062882
-0.9569568,-0.9569568,-0.7464615,39557.7716257,23817.4359735,183135.1890351,1490.8639521,127831.1334231,39557.7716257,39557.7716257,46632.2361404,29492.8157181
-0.9519568,-0.9519568,-0.7414615,43518.0863122,26218.6194860,201267.6037495,1654.2131171,140494.4980770,43518.0863122,43518.0863122,51300.8087638,32445.4803005
-0.9469568,-0.9469568,-0.7364615,40859.3087655,24603.4559792,189132.0156316,1541.7953981,132017.9562513,40859.3087655,40859.3087655,48166.5386240,30463.1938117
-0.9419568,-0.9419568,-0.7314615,38230.0497134,23011.1567131,177071.4962418,1436.6188301,123595.8444822,38230.0497134,38230.0497134,45067.0660310,28502.9152238
-0.9369568,-0.9369568,-0.7264615,33801.0763304,20325.5313243,156796.8079434,1253.3682627,109436.2365364,33801.0763304,33801.0763304,39846.0203511,25200.8360006
-0.9319568,-0.9319568,-0.7214615,30401.1046261,18264.0130403,141230.8717291,1112.7987068,98565.2249765,30401.1046261,30401.1046261,35838.0017779,22665.9424815
-0.9269568,-0.9269568,-0.7164615,28008.0526751,16813.1019916,130273.9318282,1013.8852615,90913.0971866,28008.0526751,28008.0526751,33016.9792812,20881.7711975
-0.9219568,-0.9219568,-0.7114615,26600.7346735,15959.8676521,123830.0206889,955.6393366,86412.7966701,26600.7346735,26600.7346735,31357.9782133,19832.5267944
-0.9169568,-0.9169568,-0.7064615,26163.5868161,15694.8200693,121828.5254485,937.3400691,85014.9870703,26163.5868161,26163.5868161,30842.6513565,19506.6054730
-0.9119568,-0.9119568,-0.7014615,26689.4079003,16013.5748330,124236.6958363,958.6559892,86696.7888077,26689.4079003,26689.4079003,31462.5096538,19898.6382822
-0.9069568,-0.9069568,-0.6964615,28180.1110928,16917.3097324,131063.0758421,1019.6499694,91464.1760427,28180.1110928,28180.1110928,33219.8084204,21010.0516085
-0.9019568,-0.9019568,-0.6914615,30645.5042925,18412.0237302,142351.9382797,1120.6502959,99348.0892462,30645.5042925,30645.5042925,36126.1095882,22848.1578599
-0.8969568,-0.8969568,-0.6864615,34100.1263519,20506.6147700,158168.8472076,1262.0090555,110394.3506488,34100.1263519,34100.1263519,40198.5521204,25423.7966683
-0.8919568,-0.8919568,-0.6814615,37767.5069911,22728.6039426,174979.2297112,1413.3694058,122133.7915333,37767.5069911,37767.5069911,44521.8027221,28158.0604277
-0.8869568,-0.8869568,-0.6764615,39860.1726614,23996.9623803,184565.9837011,1500.2903091,128828.8337651,39860.1726614,39860.1726614,46988.7182153,29718.2747784
-0.8819568,-0.8819568,-0.6714615,40425.2282451,24341.5125369,187129.5113650,1526.5290580,130619.9438803,40425.2282451,40425.2282451,47654.8276630,30139.5593836
-0.8769568,-0.8769568,-0.6664615,38571.1569828,23218.3336434,178628.9139972,1450.0757580,124683.6631915,38571.1569828,38571.1569828,45469.1765161,28757.2322246
-0.8719568,-0.8719568,-0.6614615,35510.6560352,21366.1025961,164575.3721151,1327.1465671,114870.2781590,35510.6560352,35510.6560352,41861.3392434,26475.4355828
-0.8669568,-0.8669568,-0.6564615,31099.6615753,18700.3740313,144274.1786973,1152.6331409,100695.7879955,31099.6615753,31099.6615753,36661.4878156,23186.7607816
-0.8619568,-0.8619568,-0.6514615,26024.0756430,15628.7208855,120966.1250912,946.8569053,84420.1586490,26024.0756430,26024.0756430,30678.1901722,19402.5910872
-0.8569568,-0.8569568,-0.6464615,20901.1573277,12532.3768757,97392.8836724,743.1578311,67960.9430487,20901.1573277,20901.1573277,24639.0952791,15583.1321136
-0.8519568,-0.8519568,-0.6414615,16047.3312429,9594.5192619,75108.1473537,546.3199179,52399.7145918,16047.3312429,16047.3312429,18917.2167488,11964.2983834
-0.8469568,-0.8469568,-0.6364615,12630.7076449,7525.4120298,59435.6400530,408.8552028,41455.2869316,12630.7076449,12630.7076449,14889.5682773,9416.9898266
-0.8419568,-0.8419568,-0.6314615,10363.1962544,6152.9519198,49025.2540846,318.1094723,34185.8044720,10363.1962544,10363.1962544,12216.5378646,7726.4169547
-0.8369568,-0.8369568,-0.6264615,8863.9544230,5246.0119173,42135.9252958,258.5321932,29375.2502823,8863.9544230,8863.9544230,10449.1734192,6608.6375341
-0.8319568,-0.8319568,-0.6214615,7886.4324943,4655.0036128,37640.0597389,219.9774642,26236.0908919,7886.4324943,7886.4324943,9296.8326391,5879.8332330
-0.8269568,-0.8269568,-0.6164615,7271.9768958,4283.6919543,34811.7606866,195.9150314,24261.3558091,7271.9768958,7271.9768958,8572.4885371,5421.7177986
-0.8219568,-0.8219568,-0.6114615,6921.5124532,4071.9943579,33197.5570275,182.2712581,23134.3437416,6921.5124532,6921.5124532,8159.3474531,5160.4244345
-0.8169568,-0.8169568,-0.6064615,6778.6500273,3985.7207206,32539.2783099,176.7306941,22674.7526185,6778.6500273,6778.6500273,7990.9356820,5053.9114782
-0.8119568,-0.8119568,-0.6014615,6820.4052767,4010.9366229,32731.6749911,178.3504641,22809.0784833,6820.4052767,6820.4052767,8040.1583903,5085.0426524
-0.8069568,-0.8069568,-0.5964615,7053.4951374,4151.7141560,33805.5063555,187.4060709,23558.8029011,7053.4951374,7053.4951374,8314.9337626,5258.8258567
-0.8019568,-0.8019568,-0.5914615,7515.4150705,4430.7861352,35932.4598292,205.4362695,25043.8289532,7515.4150705,7515.4150705,8859.4629034,5603.2163241
-0.7969568,-0.7969568,-0.5864615,8280.5279741,4893.2439952,39452.9552219,235.4964090,27501.9017062,8280.5279741,8280.5279741,9761.4076827,6173.6562893
-0.7919568,-0.7919568,-0.5814615,9472.4836400,5614.0807471,44932.8515063,282.6735278,31328.2164489,9472.4836400,9472.4836400,11166.5312727,7062.3344770
-0.7869568,-0.7869568,-0.5764615,11285.7237134,6711.2530256,53261.6254773,354.9722318,37143.9943862,11285.7237134,11285.7237134,13304.0490298,8414.2194073
-0.7819568,-0.7819568,-0.5714615,14021.0119561,8367.2639773,65814.5583016,464.7557882,45909.7672488,14021.0119561,14021.0119561,16528.5129469,10453.5494496
-0.7769568,-0.7769568,-0.5664615,18140.1261079,10861.8669462,84708.4537034,629.6056648,59103.8928031,18140.1261079,18140.1261079,21384.2845417,13524.6090570
-0.7719568,-0.7719568,-0.5614615,23398.3120066,14038.2895460,108924.6504808,840.8703940,76011.2460298,23398.3120066,23398.3120066,27582.8381110,17444.9185525
-0.7669568,-0.7669568,-0.5564615,28381.5089295,17053.6443760,131813.1074010,1040.5152226,91993.7226427,28381.5089295,28381.5089295,33457.2240050,21160.2064085
-0.7619568,-0.7619568,-0.5514615,33900.3881306,20398.4609670,157097.6906248,1269.1992347,109651.4966500,33900.3881306,33900.3881306,39963.0929548,25274.8792164
-0.7569568,-0.7569568,-0.5464615,36934.7751173,22228.7862259,171105.1275440,1382.2691492,119430.2334167,36934.7751173,36934.7751173,43540.1460770,27537.2062519
-0.7519568,-0.7519568,-0.5414615,39417.5311761,23730.9898757,182510.2318922,1481.9283603,127394.1027373,39417.5311761,39417.5311761,46466.9152567,29388.2576107
-0.7469568,-0.7469568,-0.5364615,40924.7439134,24642.7511812,189436.1953887,1545.7107159,132230.2373154,40924.7439134,40924.7439134,48243.6761154,30511.9798449
-0.7419568,-0.7419568,-0.5314615,39163.6660902,23574.6319330,181377.3790764,1471.5566481,126601.9551123,39163.6660902,39163.6660902,46167.6492429,29198.9851646
-0.7369568,-0.7369568,-0.5264615,36356.8312707,21874.8653854,168501.4177524,1355.7410549,117610.4330377,36356.8312707,36356.8312707,42858.8434448,27106.3126332
-0.7319568,-0.7319568,-0.5214615,32396.9757842,19474.0167983,150370.4219477,1192.4135910,104948.0821177,32396.9757842,32396.9757842,38190.8121444,24153.9904136
-0.7269568,-0.7269568,-0.5164615,29396.6731445,17654.9452558,136632.8956599,1069.5546903,95354.0499709,29396.6731445,29396.6731445,34653.9389728,21917.0754101
-0.7219568,-0.7219568,-0.5114615,27378.6437308,16431.4922191,127392.0683711,986.9041602,88900.4568367,27378.6437308,27378.6437308,32275.0075950,20412.5070999
-0.7169568,-0.7169568,-0.5064615,26329.9971452,15795.7725499,122589.7622800,944.0902142,85546.6442952,26329.9971452,26329.9971452,31038.8223096,19630.6748775
-0.7119568,-0.7119568,-0.5014615,26244.2595652,15743.8242154,122196.7829465,940.8814904,85272.2085788,26244.2595652,26244.2595652,30937.7515234,19566.7520997
-0.7069568,-0.7069568,-0.4964615,27123.6528142,16276.9929632,126223.3196130,977.3879206,88084.2651257,27123.6528142,27123.6528142,31974.4144082,20222.3952760
-0.7019568,-0.7019568,-0.4914615,28979.4152079,17402.1273063,134720.4087400,1054.1272331,94018.4708709,28979.4152079,28979.4152079,34162.0591264,21605.9832801
-0.6969568,-0.6969568,-0.4864615,31830.1417666,19130.5702105,147772.3583920,1171.9640423,103133.7327749,31830.1417666,31830.1417666,37522.6062097,23731.3798736
-0.6919568,-0.6919568,-0.4814615,35698.1329365,21475.9408136,165480.0848037,1331.9426640,115500.5685683,35698.1329365,35698.1329365,42082.3442893,26615.2114467
-0.6869568,-0.6869568,-0.4764615,39477.4748189,23765.4405016,182807.5953502,1484.5193196,127601.0123412,39477.4748189,39477.4748189,46537.5791488,29432.9493801
-0.6819568,-0.6819568,-0.4714615,42319.7357451,25489.4029242,195812.8938382,1602.5818738,136683.9569931,42319.7357451,42319.7357451,49888.1466160,31552.0343102
-0.6769568,-0.6769568,-0.4664615,41542.4715220,25020.8059594,192221.9039372,1571.2405762,134177.1475563,41542.4715220,41542.4715220,48971.8773900,30972.5347694
-0.6719568,-0.6719568,-0.4614615,38396.5196450,23113.5665610,177815.8137433,1443.1115931,124116.2587869,38396.5196450,38396.5196450,45263.3072459,28627.0290658
-0.6669568,-0.6669568,-0.4564615,37170.1268964,22370.7357645,172191.7275102,1391.9860748,120188.7947694,37170.1268964,37170.1268964,43817.5878866,27712.6758592
-0.6619568,-0.6619568,-0.4514615,30478.0207570,18326.5544648,141390.6202439,1127.6290095,98683.2063172,30478.0207570,30478.0207570,35928.6734976,22723.2883122
-0.6569568,-0.6569568,-0.4464615,25443.1300699,15274.8360258,118326.2207527,920.9493877,82575.8292191,25443.1300699,25443.1300699,29993.3489883,18969.4594919
-0.6519568,-0.6519568,-0.4414615,19798.0475809,11865.5513778,92318.0415141,696.7288618,64417.5687644,19798.0475809,19798.0475809,23338.7067059,14760.6941666
-0.6469568,-0.6469568,-0.4364615,15325.9083896,9156.7289052,71809.7315821,515.7819711,50096.0033990,15325.9083896,15325.9083896,18066.7754961,11426.4321085
-0.6419568,-0.6419568,-0.4314615,12348.3095047,7353.7778171,58147.6683743,396.1933082,40555.6232051,12348.3095047,12348.3095047,14556.6663918,9206.4441874
-0.6369568,-0.6369568,-0.4264615,10378.4309924,6161.6731655,49101.2456317,317.4940393,34238.6676286,10378.4309924,10378.4309924,12234.4971649,7737.7754136
-0.6319568,-0.6319568,-0.4214615,9083.6071296,5378.5424514,43149.4427351,266.1290434,30082.8122040,9083.6071296,9083.6071296,10708.1085528,6772.4024918
-0.6269568,-0.6269568,-0.4164615,8247.7912468,4873.3154990,39304.0350825,233.2263649,27397.8662513,8247.7912468,8247.7912468,9722.8163582,6149.2489927
-0.6219568,-0.6219568,-0.4114615,7732.0557738,4561.7295651,36929.2943088,213.0720708,25739.8362275,7732.0557738,7732.0557738,9114.8473708,5764.7356433
-0.6169568,-0.6169568,-0.4064615,7450.5011528,4391.6961321,35632.0072061,202.1353787,24834.1061527,7450.5011528,7450.5011528,8782.9398585,5554.8189010
-0.6119568,-0.6119568,-0.4014615,7356.0185189,4334.6537000,35196.4707334,198.4820586,24530.0332139,7356.0185189,7356.0185189,8671.5600634,5484.3761335
-0.6069568,-0.6069568,-0.3964615,7432.7404322,4380.9829360,35550.0199317,201.4611240,24776.8699759,7432.7404322,7432.7404322,8762.0028318,5541.5771627
-0.6019568,-0.6019568,-0.3914615,7693.5447112,4538.4907483,36751.6290731,211.6009592,25615.8026225,7693.5447112,7693.5447112,9069.4490359,5736.0232152
-0.5969568,-0.5969568,-0.3864615,8182.0784029,4833.6394441,39001.1542305,230.6935617,27186.4066160,8182.0784029,8182.0784029,9645.3515080,6100.2559196
-0.5919568,-0.5919568,-0.3814615,8979.7337267,5315.7833655,42671.1876666,262.0841955,29748.8960908,8979.7337267,8979.7337267,10585.6585549,6694.9583132
-0.5869568,-0.5869568,-0.3764615,10219.0836844,6065.3291081,48368.4031051,311.2255677,33726.9719992,10219.0836844,10219.0836844,12046.6523751,7618.9719371
-0.5819568,-0.5819568,-0.3714615,12106.7552243,7207.6288236,57037.9782219,386.6059049,39780.7590744,12106.7552243,12106.7552243,14271.9128332,9026.3502240
-0.5769568,-0.5769568,-0.3664615,14960.9924893,8935.7984126,70135.0568179,501.2094793,48926.5694572,14960.9924893,14960.9924893,17636.5984731,11154.3642706
-0.5719568,-0.5719568,-0.3614615,19255.7906671,11537.3689994,89828.1158362,674.6652798,62678.8873916,19255.7906671,19255.7906671,22699.4732150,14356.4074091
-0.5669568,-0.5669568,-0.3564615,25046.4417996,15034.6230319,116506.2997300,904.6512317,81304.9503199,25046.4417996,25046.4417996,29525.7174628,18673.7033466
-0.5619568,-0.5619568,-0.3514615,29850.3984743,17946.2412195,138514.3573928,1102.2742792,96674.5633487,29850.3984743,29850.3984743,35188.8079974,22255.3562836
-0.5569568,-0.5569568,-0.3464615,37130.7911036,22347.1842212,171935.8726913,1390.2996163,120015.4506743,37130.7911036,37130.7911036,43771.2173277,27683.3485427
-0.5519568,-0.5519568,-0.3414615,38193.8528425,22990.9348202,176884.8421639,1434.9518187,123466.1873017,38193.8528425,38193.8528425,45024.3957551,28475.9281718
-0.5469568,-0.5469568,-0.3364615,41116.7131096,24763.1214763,190267.0207353,1554.5551877,132812.0755486,41116.7131096,41116.7131096,48469.9768528,30655.1049981
-0.5419568,-0.5419568,-0.3314615,42684.3921177,25710.8404726,197478.3431586,1617.9704554,137847.2160318,42684.3921177,42684.3921177,50318.0176977,31823.9086539
-0.5369568,-0.5369568,-0.3264615,39710.3569260,23906.9547500,183870.0399223,1494.4389205,128343.1323782,39710.3569260,39710.3569260,46812.1096132,29606.5776910
-0.5319568,-0.5319568,-0.3214615,36155.4611844,21753.5406250,167570.1463559,1351.1368066,116960.3590591,36155.4611844,36155.4611844,42621.4605734,26956.1785230
-0.5269568,-0.5269568,-0.3164615,32181.8636899,19344.1389374,149378.9077541,1186.7957460,104255.8464057,32181.8636899,32181.8636899,37937.2296606,23993.6107689
-0.5219568,-0.5219568,-0.3114615,29227.8282065,17553.0699778,135853.8183791,1064.7052561,94810.1564696,29227.8282065,29227.8282065,34454.8980082,21791.1908510
-0.5169568,-0.5169568,-0.3064615,27270.9593748,16366.6544328,126893.5592292,983.8153946,88552.4891745,27270.9593748,27270.9593748,32148.0650977,20332.2216152
-0.5119568,-0.5119568,-0.3014615,26292.0799257,15773.1930815,122411.1954870,943.2336586,85422.1017774,26292.0799257,26292.0799257,30994.1240199,19602.4051969
-0.5069568,-0.5069568,-0.2964615,26279.0860700,15765.3090941,122351.7712842,942.4016434,85380.5986572,26279.0860700,26279.0860700,30978.8063586,19592.7174573
-0.5019568,-0.5019568,-0.2914615,27228.8116324,16341.0804952,126700.8178696,981.1676047,88417.8741655,27228.8116324,27228.8116324,32098.3797035,20300.7978128
-0.4969568,-0.4969568,-0.2864615,29146.9097224,17503.9682136,135483.8143225,1059.7315710,94551.7359162,29146.9097224,29146.9097224,34359.5081594,21730.8610134
-0.4919568,-0.4919568,-0.2814615,32045.7734599,19261.5527928,148756.6990093,1178.4504588,103821.2771005,32045.7734599,32045.7734599,37776.8012168,23892.1469121
-0.4869568,-0.4869568,-0.2764615,35913.6649211,21606.4267267,166469.2456702,1337.6064740,116191.3033272,35913.6649211,35913.6649211,42336.4217559,26775.9041460
-0.4819568,-0.4819568,-0.2714615,39021.7005718,23489.6253952,180714.4573819,1465.2265396,126139.4131523,39021.7005718,39021.7005718,46000.2947811,29093.1409095
-0.4769568,-0.4769568,-0.2664615,40696.3244686,24504.6406622,188385.7401305,1536.5677437,131496.7719298,40696.3244686,40696.3244686,47974.4064105,30341.6787304
-0.4719568,-0.4719568,-0.2614615,39575.1249072,23826.4693091,183232.6433349,1489.8887651,127898.5935785,39575.1249072,39575.1249072,46652.6928620,29505.7536849
-0.4669568,-0.4669568,-0.2564615,37265.9754158,22430.1748484,172614.5440170,1396.2051864,120484.6169520,37265.9754158,37265.9754158,43930.5778404,27784.1369806
-0.4619568,-0.4619568,-0.2514615,34498.2245741,20752.9349996,159931.6873113,1286.5062370,111627.4837420,34498.2245741,34498.2245741,40667.8457520,25720.6040218
-0.4569568,-0.4569568,-0.2464615,28871.8787994,17351.5602375,134051.0331443,1060.6586561,93556.8928877,28871.8787994,28871.8787994,34035.2910354,21525.8080997
-0.4519568,-0.4519568,-0.2414615,23855.0284668,14315.5703016,111011.2833921,859.8540600,77468.6629419,23855.0284668,23855.0284668,28121.2331960,17785.4295024
-0.4469568,-0.4469568,-0.2364615,18659.4059332,11176.7356886,87079.5595380,650.5900159,60759.9431391,18659.4059332,18659.4059332,21996.4317493,13911.7649448
-0.4419568,-0.4419568,-0.2314615,14373.0255632,8580.8585046,67424.2703670,479.5379040,47034.0287312,14373.0255632,14373.0255632,16943.4802461,10715.9978135
-0.4369568,-0.4369568,-0.2264615,11520.2762444,6853.6565461,54333.2123780,364.9549901,37892.4494441,11520.2762444,11520.2762444,13580.5486546,8589.0931246
-0.4319568,-0.4319568,-0.2214615,9628.5262262,5708.9326177,45644.3757553,289.4688026,31825.2300749,9628.5262262,9628.5262262,11350.4803282,7178.6740748
-0.4269568,-0.4269568,-0.2164615,8383.2891345,4955.8517024,39919.7914322,240.1526537,27828.0540309,8383.2891345,8383.2891345,9882.5465259,6250.2712209
-0.4219568,-0.4219568,-0.2114615,7581.1390489,4471.0037405,36228.9223398,208.6291699,25251.0218390,7581.1390489,7581.1390489,8936.9408794,5652.2176987
-0.4169568,-0.4169568,-0.2064615,7092.3353831,4175.6998675,33978.0581398,189.5585704,23679.4861143,7092.3353831,7092.3353831,8360.7201513,5287.7837115
-0.4119568,-0.4119568,-0.2014615,6838.1517392,4022.2019096,32806.8139208,179.7051368,22861.7580650,6838.1517392,6838.1517392,8061.0786089,5098.2737603
-0.4069568,-0.4069568,-0.1964615,6777.6796095,3985.7075548,32527.8770736,177.3898724,22667.0222007,6777.6796095,6777.6796095,7989.7917159,5053.1879705
-0.4019568,-0.4019568,-0.1914615,6901.1705040,4060.3069008,33096.6051778,182.2134611,23064.1013170,6901.1705040,6901.1705040,8135.3675741,5145.2582274
-0.3969568,-0.3969568,-0.1864615,7228.4716912,4258.0324790,34603.8827292,194.9912047,24116.4671326,7228.4716912,7228.4716912,8521.2029138,5389.2819224
-0.3919568,-0.3919568,-0.1814615,7812.2201310,4610.7989459,37290.7062534,217.8863402,25992.4275610,7812.2201310,7812.2201310,9209.3482256,5824.5032317
-0.3869568,-0.3869568,-0.1764615,8746.4811550,5175.6496061,41587.6303887,254.7697885,28992.6787181,8746.4811550,8746.4811550,10310.6913726,6521.0537977
-0.3819568,-0.3819568,-0.1714615,10182.7199034,6044.4569744,48187.6891264,311.8824412,33601.2386723,10182.7199034,10182.7199034,12003.7853391,7591.8604431
-0.3769568,-0.3769568,-0.1664615,12356.6988646,7360.2608842,58169.1861811,398.9405074,40571.2141429,12356.6988646,12356.6988646,14566.5560948,9212.6989848
-0.3719568,-0.3719568,-0.1614615,15632.5935557,9344.0676786,73197.0586564,530.8817113,51065.4501154,15632.5935557,15632.5935557,18428.3078702,11655.0852585
-0.3669568,-0.3669568,-0.1564615,20355.5545207,12202.7904474,94880.0830750,721.7592994,66206.5381589,20355.5545207,20355.5545207,23995.9175193,15176.3507813
-0.3619568,-0.3619568,-0.1514615,25502.5544946,15314.7690457,118551.0798013,926.7923866,82734.4412755,25502.5544946,25502.5544946,30063.4008061,19013.7641515
-0.3569568,-0.3569568,-0.1464615,30557.0003537,18373.1909619,141767.3481691,1131.5648844,98945.8025097,30557.0003537,30557.0003537,36021.7777108,22782.1725869
-0.3519568,-0.3519568,-0.1414615,35247.8408446,21207.6783115,163360.8934800,1317.4923942,114022.4798000,35247.8408446,35247.8408446,41551.5224988,26279.4902688
-0.3469568,-0.3469568,-0.1364615,38328.1632107,23075.0749933,177467.1116214,1443.3431471,123873.9226261,38328.1632107,38328.1632107,45182.7260287,28576.0650292
-0.3419568,-0.3419568,-0.1314615,40197.2160067,24204.3343484,186072.6289765,1518.0626537,129882.2663662,40197.2160067,40197.2160067,47386.0379889,29969.5618673
-0.3369568,-0.3369568,-0.1264615,40040.7692079,24108.4943143,185368.2429217,1510.2063643,129389.9382113,40040.7692079,40040.7692079,47201.6124319,29852.9209035
-0.3319568,-0.3319568,-0.1214615,38073.7680863,22916.7748536,176351.4387262,1427.8553485,123093.1194058,38073.7680863,38073.7680863,44882.8351848,28386.3974060
-0.3269568,-0.3269568,-0.1164615,34524.0349951,20766.3989367,160076.2949815,1281.3259440,111727.5938400,34524.0349951,34524.0349951,40698.2720778,25739.8473198
-0.3219568,-0.3219568,-0.1114615,30967.4013092,18610.1096405,143790.4775967,1136.3614225,100353.9164138,30967.4013092,30967.4013092,36505.5742818,23088.1524046
-0.3169568,-0.3169568,-0.1064615,28401.5562974,17054.6657246,132039.5749103,1031.5676619,92147.3929420,28401.5562974,28401.5562974,33480.8566203,21175.1529867
-0.3119568,-0.3119568,-0.1014615,26811.7199205,16091.0213444,124756.9387414,966.7278184,87061.4433898,26811.7199205,26811.7199205,31606.6958092,19989.8296138
-0.3069568,-0.3069568,-0.0964615,26187.4070302,15712.7648206,121895.2207874,941.5767702,85062.9785735,26187.4070302,26187.4070302,30870.7315492,19524.3649462
-0.3019568,-0.3019568,-0.0914615,26525.7878813,15918.1603772,123441.7077552,956.0350736,86143.1116544,26525.7878813,26525.7878813,31269.6280265,19776.6492300
-0.2969568,-0.2969568,-0.0864615,27833.1080955,16711.0108883,129424.8008471,1010.3958755,90321.6840277,27833.1080955,27833.1080955,32810.7478225,20751.3389705
-0.2919568,-0.2919568,-0.0814615,30124.1393196,18100.3242188,139911.5076980,1105.3463074,97645.5134983,30124.1393196,30124.1393196,35511.5043277,22459.4473629
-0.2869568,-0.2869568,-0.0764615,33419.6420336,20098.7718609,154995.8624699,1241.8578791,108180.3058508,33419.6420336,33419.6420336,39396.3708013,24916.4526553
-0.2819568,-0.2819568,-0.0714615,37741.8405530,22719.9397912,174778.2756101,1420.9802470,121996.2308252,37741.8405530,37741.8405530,44491.5461290,28138.9244780
-0.2769568,-0.2769568,-0.0664615,40580.9278140,24439.8768389,187794.4603639,1535.2081402,131085.9307681,40580.9278140,40580.9278140,47838.3723564,30255.6432403
-0.2719568,-0.2719568,-0.0614615,43975.3780622,26499.2202799,203320.9284475,1676.0767442,141929.8515440,43975.3780622,43975.3780622,51839.8820229,32786.4201653
-0.2669568,-0.2669568,-0.0564615,39883.8093127,24021.3571823,184552.4677857,1510.2122960,128823.4536085,39883.8093127,39883.8093127,47016.5820170,29735.8973940
-0.2619568,-0.2619568,-0.0514615,37655.2081643,22670.9464371,174338.8909157,1418.7823773,121690.7971151,37655.2081643,37655.2081643,44389.4205076,28074.3345638
-0.2569568,-0.2569568,-0.0464615,34313.0516194,20658.7282120,158865.3322260,1294.1382944,110890.0465150,34313.0516194,34313.0516194,40449.5566878,25582.5458955
-0.2519568,-0.2519568,-0.0414615,27946.0808659,16800.0840078,129693.1422366,1032.0006730,90517.3884373,27946.0808659,27946.0808659,32943.9245079,20835.5673019
-0.2469568,-0.2469568,-0.0364615,23072.0286895,13857.6827279,107222.4177957,840.5315414,74829.3827799,23072.0286895,23072.0286895,27198.2026761,17201.6537439
-0.2419568,-0.2419568,-0.0314615,17520.2119658,10495.8454873,81748.6893133,612.6342809,57040.8948646,17520.2119658,17520.2119658,20653.5056967,13062.4239338
-0.2369568,-0.2369568,-0.0264615,13732.9758522,8203.4823045,64364.4320569,461.4564196,44901.4036506,13732.9758522,13732.9758522,16188.9648110,10238.8003526
-0.2319568,-0.2319568,-0.0214615,11199.9713385,6671.2567366,52723.8892891,361.3733026,36773.2874135,11199.9713385,11199.9713385,13202.9608029,8350.2855990
-0.2269568,-0.2269568,-0.0164615,9493.4020579,5640.0306426,44868.1419843,295.0999363,31288.3755563,9493.4020579,9493.4020579,11191.1907155,7077.9304780
-0.2219568,-0.2219568,-0.0114615,8331.8331426,4939.0668301,39509.8428339,250.9761008,27547.5666400,8331.8331426,8331.8331426,9821.8882061,6211.9075310
-0.2169568,-0.2169568,-0.0064615,7528.2006578,4454.9215380,35792.8140506,221.1602394,24952.9109169,7528.2006578,7528.2006578,8874.5350499,5612.7487865
-0.2119568,-0.2119568,-0.0014615,6956.9177691,4111.4647021,33141.8754646,200.5111125,23102.7184198,6956.9177691,6956.9177691,8201.0846133,5186.8213324
-0.2069568,-0.2069568,0.0035385,6533.0742645,3857.2475410,31167.8611455,185.6824716,21725.2158042,6533.0742645,6533.0742645,7701.4414438,4870.8192458
-0.2019568,-0.2019568,0.0085385,6199.1162090,3657.4142872,29606.7768967,174.4074257,20636.0501580,6199.1162090,6199.1162090,7307.7587296,4621.8324353
-0.1969568,-0.1969568,0.0135385,5916.1986010,3488.4524631,28280.2896956,165.1363495,19710.6927915,5916.1986010,5916.1986010,6974.2444753,4410.8995002
-0.1919568,-0.1919568,0.0185385,5658.4828557,3334.7317564,27069.6624033,156.8398499,18866.2342270,5658.4828557,5658.4828557,6670.4391546,4218.7561444
-0.1869568,-0.1869568,0.0235385,5409.3048067,3186.1788593,25898.2303461,148.8599814,18049.1454305,5409.3048067,5409.3048067,6376.6984017,4032.9781803
-0.1819568,-0.1819568,0.0285385,5158.5406311,3036.6797116,24719.3494382,140.8021250,17226.8607116,5158.5406311,5158.5406311,6081.0878612,3846.0176586
-0.1769568,-0.1769568,0.0335385,4900.7479829,2882.9524000,23507.8859062,132.4585893,16381.8342745,4900.7479829,4900.7479829,5777.1918844,3653.8169669
-0.1719568,-0.1719568,0.0385385,4633.8166108,2723.7293310,22254.0342485,123.7534482,15507.2229167,4633.8166108,4633.8166108,5462.5228253,3454.8027797
-0.1669568,-0.1669568,0.0435385,4357.9619385,2559.1475529,20958.7029508,114.7016554,14603.6637042,4357.9619385,4357.9619385,5137.3346338,3249.1357090
-0.1619568,-0.1619568,0.0485385,4074.9577489,2390.2841608,19629.9936058,105.3780859,13676.8153067,4074.9577489,4074.9577489,4803.7183137,3038.1382218
-0.1569568,-0.1569568,0.0535385,3787.5433491,2218.7975428,18280.4782671,95.8938104,12735.4568269,3787.5433491,3787.5433491,4464.9030668,2823.8526446
-0.1519568,-0.1519568,0.0585385,3498.9646800,2046.6498541,16925.0898850,86.3779276,11790.0148006,3498.9646800,3498.9646800,4124.7153340,2608.6990311
-0.1469568,-0.1469568,0.0635385,3212.6231407,1875.8947898,15579.5060322,76.9638856,10851.4347002,3212.6231407,3212.6231407,3787.1648167,2395.2133390
-0.1419568,-0.1419568,0.0685385,2931.8139931,1724.1580200,14258.9431056,67.7795468,9930.3390944,2931.8139931,2931.8139931,3456.1360974,2185.8523942
-0.1369568,-0.1369568,0.0735385,2659.5405000,1561.9678117,12977.2977694,58.9403771,9036.4283001,2659.5405000,2659.5405000,3135.1695387,1982.8553186
-0.1319568,-0.1319568,0.0785385,2398.3920545,1406.5188806,11746.5820163,50.5451699,8178.0860710,2398.3920545,2398.3920545,2827.3176179,1803.7911256
-0.1269568,-0.1269568,0.0835385,2150.4755671,1259.0713181,10576.6027960,42.6737258,7362.1560628,2150.4755671,2150.4755671,2535.0640428,1618.9496842
-0.1219568,-0.1219568,0.0885385,1917.3899548,1120.5751136,9474.8398003,35.3859755,6593.8566609,1917.3899548,1917.3899548,2260.2936786,1445.1606881
-0.1169568,-0.1169568,0.0935385,1715.8690681,991.6754550,8446.4775054,28.7221624,5876.8035110,1715.8690681,1715.8690681,2004.3019737,1283.2392799
-0.1119568,-0.1119568,0.0985385,1515.2652949,872.7337705,7494.5508224,22.7038366,5213.1113613,1515.2652949,1515.2652949,1783.4689940,1133.6503894
-0.1069568,-0.1069568,0.1035385,1331.4262752,763.8596061,6620.1679167,17.3354840,4603.5497713,1331.4262752,1331.4262752,1566.7663545,996.5460142
-0.1019568,-0.1019568,0.1085385,1164.1999981,664.9485849,5822.7788005,12.6065954,4047.7307599,1164.1999981,1164.1999981,1369.6569887,871.8104869
-0.0969568,-0.0969568,0.1135385,1013.1378878,575.7223496,5100.4638285,8.4939108,3544.3103288,1013.1378878,1013.1378878,1191.6142792,759.1090968
-0.0919568,-0.0919568,0.1185385,877.5593981,495.7675161,4450.2218545,4.9635940,3091.1897270,877.5593981,877.5593981,1031.8366408,657.9361646
-0.0869568,-0.0869568,0.1235385,756.6130781,424.5716263,3868.2431696,1.9732811,2685.7060680,756.6130781,756.6130781,889.3193832,567.6598045
-0.0819568,-0.0819568,0.1285385,649.3312387,361.5547365,3350.1571791,-0.5258745,2324.8052890,649.3312387,649.3312387,762.9197362,487.5618414
-0.0769568,-0.0769568,0.1335385,554.6767743,306.0961472,2891.2488941,-2.5871921,2005.1933186,554.6767743,554.6767743,651.4128483,416.8723007
-0.0719568,-0.0719568,0.1385385,471.5819957,257.5567715,2486.6416506,-4.2666392,1739.0849885,471.5819957,471.5819957,553.5380353,354.7984995
-0.0669568,-0.0669568,0.1435385,398.9801780,215.2978170,2131.4460142,-5.6206926,1491.7967411,398.9801780,398.9801780,468.0358385,300.5490196
-0.0619568,-0.0619568,0.1485385,335.8307984,178.6958358,1836.4956336,-6.7028171,1275.6133912,335.8307984,335.8307984,393.6772088,253.3527086
-0.0569568,-0.0569568,0.1535385,281.1390725,147.1538838,1565.9298826,-7.5592406,1087.3210894,281.1390725,281.1390725,329.2861507,212.4726858
-0.0519568,-0.0519568,0.1585385,233.9698292,120.1089756,1331.0350086,-8.2274560,923.8860168,233.9698292,233.9698292,273.7564486,177.2155690
-0.0469568,-0.0469568,0.1635385,193.4557829,97.0366072,1127.7606392,-8.7393358,782.4826611,193.4557829,193.4557829,226.0624272,146.9367013
-0.0419568,-0.0419568,0.1685385,158.8009774,77.4532190,952.3772060,-9.1250712,660.5083553,158.8009774,158.8009774,185.2639318,121.0425155
-0.0369568,-0.0369568,0.1735385,129.2808417,60.9171023,801.4842667,-9.4127686,555.5884256,129.2808417,129.2808417,150.5066539,98.9910578
-0.0319568,-0.0319568,0.1785385,104.2402896,47.0276123,672.0066028,-9.6250870,465.5758817,104.2402896,104.2402896,121.0195193,80.2912681
-0.0269568,-0.0269568,0.1835385,83.0907620,35.4220203,561.1832413,-9.7784347,388.5471176,83.0907620,83.0907620,96.1106235,64.5010929
-0.0219568,-0.0219568,0.1885385,65.3064203,25.7702640,466.5532560,-9.8846845,322.7928743,65.3064203,65.3064203,75.1624717,51.2240983
-0.0169568,-0.0169568,0.1935385,50.4190486,17.7708046,385.9391365,-9.9516970,266.8039673,50.4190486,50.4190486,57.6264548,40.1046103
-0.0119568,-0.0119568,0.1985385,38.0112802,11.1522695,317.4266236,-9.9832777,219.2532976,38.0112802,38.0112802,43.0158204,30.8229278
-0.0069568,-0.0069568,0.2035385,27.7094725,5.6810006,259.3408346,-9.9803250,178.9768817,27.7094725,27.7094725,30.8969677,23.0931065
-0.0019568,-0.0019568,0.2085385,19.1795778,1.1671488,210.2205906,-9.9427102,144.9560194,19.1795778,19.1795778,20.8815134,16.6641192
0.0030432,0.0030432,0.2135385,12.1282339,-2.5383536,168.7935556,-9.8713332,116.3013435,12.1282339,12.1282339,12.6235531,11.3221215
0.0080432,0.0080432,0.2185385,6.3066995,-5.5551965,133.9537929,-9.7689031,92.2385342,6.3066995,6.3066995,5.8235999,6.8902244
0.0130432,0.0130432,0.2235385,1.5118370,-7.9861917,104.7420109,-9.6385279,72.0951248,1.5118370,1.5118370,0.2339567,3.2235119
0.0180432,0.0180432,0.2285385,-2.4199277,-9.9248546,80.3280154,-9.4816481,55.2879643,-2.4199277,-2.4199277,-4.3426994,0.2003998
0.0230432,0.0230432,0.2335385,-5.6240192,-11.4575909,59.9946986,-9.2973484,41.3114605,-5.6240192,-5.6240192,-8.0642544,-2.2852466
0.0280432,0.0280432,0.2385385,-8.2183091,-12.6636652,43.1231805,-9.0838979,29.7271478,-8.2183091,-8.2183091,-11.0637467,-4.3278144
0.0330432,0.0330432,0.2435385,-10.3084959,-13.6139427,29.1792634,-8.8412531,20.1549837,-10.3084959,-10.3084959,-13.4595550,-6.0106196
0.0380432,0.0380432,0.2485385,-11.9896091,-14.3666576,17.7015714,-8.5723926,12.2665965,-11.9896091,-11.9896091,-15.3593429,-7.4055260
0.0430432,0.0430432,0.2535385,-13.3457266,-14.9621975,8.2916165,-8.2828916,5.7804131,-13.3457266,-13.3457266,-16.8610548,-8.5708549
0.0480432,0.0480432,0.2585385,-14.4466415,-15.4227584,0.6061101,-7.9796115,0.4573350,-14.4466415,-14.4466415,-18.0511800,-9.5483589
0.0530432,0.0530432,0.2635385,-15.3425444,-15.7585135,-5.6486392,-7.6694447,-3.9048293,-15.3425444,-15.3425444,-18.9984464,-10.3632035
0.0580432,0.0580432,0.2685385,-16.0627983,-15.9756804,-10.7219081,-7.3585108,-7.4776077,-16.0627983,-16.0627983,-19.7476682,-11.0288081
0.0630432,0.0630432,0.2735385,-16.6219432,-16.0817234,-14.8248742,-7.0517948,-10.4066499,-16.6219432,-16.6219432,-20.3216942,-11.5537491
0.0680432,0.0680432,0.2785385,-17.0287526,-16.0866003,-18.1371754,-6.7530857,-12.8146464,-17.0287526,-17.0287526,-20.7311725,-11.9468273
0.0730432,0.0730432,0.2835385,-17.2927021,-16.0016623,-20.8121651,-6.4650800,-14.8027108,-17.2927021,-17.2927021,-20.9845495,-12.2187323
0.0780432,0.0780432,0.2885385,-17.4260365,-15.8383425,-22.9798197,-6.1895678,-16.4501497,-17.4260365,-17.4260365,-21.0931523,-12.3813388
0.0830432,0.0830432,0.2935385,-17.4429293,-15.6076774,-24.7457267,-5.9276540,-17.8142204,-17.4429293,-17.4429293,-21.0716182,-12.4466232
0.0880432,0.0880432,0.2985385,-17.3580212,-15.3204219,-26.1875758,-5.6799924,-18.9325447,-17.3580212,-17.3580212,-20.9362634,-12.4262935
0.0930432,0.0930432,0.3035385,-17.1856140,-14.9871574,-27.3549101,-5.4470159,-19.8287744,-17.1856140,-17.1856140,-20.7035312,-12.3319410
0.0980432,0.0980432,0.3085385,-16.9395048,-14.6181394,-28.2753694,-5.2291516,-20.5194548,-16.9395048,-16.9395048,-20.3892447,-12.1751388
0.1030432,0.1030432,0.3135385,-16.6329617,-14.2229819,-28.9646248,-5.0270035,-21.0193656,-16.6329617,-16.6329617,-20.0083920,-11.9672505
0.1080432,0.1080432,0.3185385,-16.2785620,-13.8103546,-29.4352991,-4.8414513,-21.3441252,-16.2785620,-16.2785620,-19.5750108,-11.7190613
0.1130432,0.1130432,0.3235385,-15.8879188,-13.3877973,-29.7021235,-4.6735600,-21.5107528,-15.8879188,-15.8879188,-19.1020056,-11.4404198
0.1180432,0.1180432,0.3285385,-15.4714211,-12.9616675,-29.7833752,-4.5242030,-21.5373899,-15.4714211,-15.4714211,-18.6009379,-11.1400021
0.1230432,0.1230432,0.3335385,-15.0380788,-12.5371909,-29.7002025,-4.3934439,-21.4427899,-15.0380788,-15.0380788,-18.0818742,-10.8252225
0.1280432,0.1280432,0.3385385,-14.5954887,-12.1185678,-29.4752882,-4.2799443,-21.2457026,-14.5954887,-14.5954887,-17.5533377,-10.5022607
0.1330432,0.1330432,0.3435385,-14.1499041,-11.7090962,-29.1315374,-4.1807668,-20.9642161,-14.1499041,-14.1499041,-17.0223609,-10.1761642
0.1380432,0.1380432,0.3485385,-13.7063707,-11.3112850,-28.6909955,-4.0917864,-20.6151668,-13.7063707,-13.7063707,-16.4946165,-9.8509875
0.1430432,0.1430432,0.3535385,-13.2688950,-10.9269530,-28.1740526,-4.0085976,-20.2137181,-13.2688950,-13.2688950,-15.9745960,-9.5299375
0.1480432,0.1480432,0.3585385,-12.8406150,-10.5573284,-27.5989366,-3.9276122,-19.7731390,-12.8406150,-12.8406150,-15.4658064,-9.2155059
0.1530432,0.1530432,0.3635385,-12.4239506,-10.2031712,-26.9814714,-3.8471111,-19.3047640,-12.4239506,-12.4239506,-14.9709576,-8.9095830
0.1580432,0.1580432,0.3685385,-12.0207191,-9.8649247,-26.3350496,-3.7679109,-18.8180895,-12.0207191,-12.0207191,-14.4921129,-8.6135561
0.1630432,0.1630432,0.3735385,-11.6322201,-9.5428681,-25.6707652,-3.6929115,-18.3209523,-11.6322201,-11.6322201,-14.0307894,-8.3284030
0.1680432,0.1680432,0.3785385,-11.2593096,-9.2372128,-24.9976569,-3.6251014,-17.8197457,-11.2593096,-11.2593096,-13.5880149,-8.0547892
0.1730432,0.1730432,0.3835385,-10.9024939,-8.9480994,-24.3230143,-3.5651668,-17.3196369,-10.9024939,-10.9024939,-13.1643837,-7.7931603
0.1780432,0.1780432,0.3885385,-10.5620504,-8.6755297,-23.6526973,-3.5109670,-16.8247616,-10.5620504,-10.5620504,-12.7601570,-7.5438104
0.1830432,0.1830432,0.3935385,-10.2381460,-8.4193716,-22.9914221,-3.4596554,-16.3383919,-10.2381460,-10.2381460,-12.3754196,-7.3069092
0.1880432,0.1880432,0.3985385,-9.9308996,-8.1795630,-22.3429801,-3.4102004,-15.8630781,-9.9308996,-9.9308996,-12.0102367,-7.0825033
0.1930432,0.1930432,0.4035385,-9.6403646,-7.9564588,-21.7103843,-3.3634722,-15.4007740,-9.6403646,-9.6403646,-11.6647125,-6.8705462
0.1980432,0.1980432,0.4085385,-9.3665057,-7.7510767,-21.0959677,-3.3200491,-14.9529468,-9.3665057,-9.3665057,-11.3389282,-6.6710115
0.2030432,0.2030432,0.4135385,-9.1093112,-7.5649994,-20.5014672,-3.2785598,-14.5206699,-9.1093112,-9.1093112,-11.0329102,-6.4840583
0.2080432,0.2080432,0.4185385,-8.8690750,-7.3997926,-19.9281166,-3.2365733,-14.1046983,-8.8690750,-8.8690750,-10.7468526,-6.3101377
0.2130432,0.2130432,0.4235385,-8.6466716,-7.2560465,-19.3767444,-3.1927198,-13.7055354,-8.6466716,-8.6466716,-10.4815787,-6.1499339
0.2180432,0.2180432,0.4285385,-8.4435732,-7.1325961,-18.8478704,-3.1470001,-13.3235002,-8.4435732,-8.4435732,-10.2389050,-6.0041263
0.2230432,0.2230432,0.4335385,-8.2614448,-7.0266371,-18.3417941,-3.0985894,-12.9587940,-8.2614448,-8.2614448,-10.0215060,-5.8730655
0.2280432,0.2280432,0.4385385,-8.1013599,-6.9347047,-17.8586873,-3.0438639,-12.6115511,-8.1013599,-8.1013599,-9.8319877,-5.7565462
0.2330432,0.2330432,0.4435385,-7.9630180,-6.8535029,-17.3986850,-2.9774903,-12.2818679,-7.9630180,-7.9630180,-9.6713190,-5.6538134
0.2380432,0.2380432,0.4485385,-7.8445396,-6.7799544,-16.9619535,-2.8955542,-11.9698574,-7.8445396,-7.8445396,-9.5376105,-5.5637147
0.2430432,0.2430432,0.4535385,-7.7429238,-6.7112053,-16.5487278,-2.7975370,-11.6758047,-7.7429238,-7.7429238,-9.4263368,-5.4847876
0.2480432,0.2480432,0.4585385,-7.6545957,-6.6451973,-16.1594227,-2.6860376,-11.4003972,-7.6545957,-7.6545957,-9.3316509,-5.4153236
0.2530432,0.2530432,0.4635385,-7.5757810,-6.5809034,-15.7949586,-2.5653225,-11.1448752,-7.5757810,-7.5757810,-9.2474869,-5.3536473
0.2580432,0.2580432,0.4685385,-7.5030900,-6.5174856,-15.4572274,-2.4399275,-10.9109519,-7.5030900,-7.5030900,-9.1683000,-5.2984397
0.2630432,0.2630432,0.4735385,-7.4341272,-6.4534104,-15.1493661,-2.3138040,-10.7004506,-7.4341272,-7.4341272,-9.0899880,-5.2486324
0.2680432,0.2680432,0.4785385,-7.3672800,-6.3864821,-14.8754464,-2.1899815,-10.5146890,-7.3672800,-7.3672800,-9.0102500,-5.2029592
0.2730432,0.2730432,0.4835385,-7.3008471,-6.3140281,-14.6392374,-2.0705554,-10.3537833,-7.3008471,-7.3008471,-8.9275888,-5.1596810
0.2780432,0.2780432,0.4885385,-7.2325392,-6.2325261,-14.4421806,-1.9568275,-10.2161624,-7.2325392,-7.2325392,-8.8400840,-5.1164778
0.2830432,0.2830432,0.4935385,-7.1594249,-6.1375238,-14.2816371,-1.8494907,-10.0985896,-7.1594249,-7.1594249,-8.7450918,-5.0702092
0.2880432,0.2880432,0.4985385,-7.0777263,-6.0246924,-14.1506403,-1.7488020,-9.9968281,-7.0777263,-7.0777263,-8.6392554,-5.0168532
0.2930432,0.2930432,0.5035385,-6.9827784,-5.8913691,-14.0395009,-1.6547260,-9.9065750,-6.9827784,-6.9827784,-8.5182804,-4.9521466
0.2980432,0.2980432,0.5085385,-6.8698652,-5.7374346,-13.9384201,-1.5670416,-9.8239159,-6.8698652,-6.8698652,-8.3772633,-4.8727188
0.3030432,0.3030432,0.5135385,-6.7356378,-5.5651544,-13.8393795,-1.4854196,-9.7450827,-6.7356378,-6.7356378,-8.2120322,-4.7769759
0.3080432,0.3080432,0.5185385,-6.5791326,-5.3783775,-13.7362384,-1.4094753,-9.6659430,-6.5791326,-6.5791326,-8.0206386,-4.6652950
0.3130432,0.3130432,0.5235385,-6.4018663,-5.1816195,-13.6237432,-1.3388035,-9.5815571,-6.4018663,-6.4018663,-7.8039904,-4.5396299
0.3180432,0.3180432,0.5285385,-6.2072153,-4.9793415,-13.4965572,-1.2730007,-9.4860651,-6.2072153,-6.2072153,-7.5654700,-4.4028736
0.3230432,0.3230432,0.5335385,-5.9995496,-4.7755063,-13.3487543,-1.2116786,-9.3732788,-5.9995496,-5.9995496,-7.3100100,-4.2582564
0.3280432,0.3280432,0.5385385,-5.7834667,-4.5733736,-13.1740904,-1.1544712,-9.2379209,-5.7834667,-5.7834667,-7.0431274,-4.1089083
0.3330432,0.3330432,0.5435385,-5.5632636,-4.3754597,-12.9671527,-1.1010391,-9.0768335,-5.5632636,-5.5632636,-6.7701858,-3.9576016
0.3380432,0.3380432,0.5485385,-5.3426446,-4.1835913,-12.7247685,-1.0510696,-8.8895135,-5.3426446,-5.3426446,-6.4959443,-3.8066360
0.3430432,0.3430432,0.5535385,-5.1246098,-3.9990048,-12.4468076,-1.0042775,-8.6778765,-5.1246098,-5.1246098,-6.2243469,-3.6578206
0.3480432,0.3480432,0.5585385,-4.9114588,-3.8224577,-12.1360649,-0.9604029,-8.4455573,-4.9114588,-4.9114588,-5.9584778,-3.5125094
0.3530432,0.3530432,0.5635385,-4.7048588,-3.6543360,-11.7974956,-0.9192100,-8.1971093,-4.7048588,-4.7048588,-5.7006155,-3.3716640
0.3580432,0.3580432,0.5685385,-4.5059397,-3.4947478,-11.4372507,-0.8804851,-7.9373287,-4.5059397,-4.5059397,-5.4523372,-3.2359232
0.3630432,0.3630432,0.5735385,-4.3153963,-3.3436012,-11.0618265,-0.8440345,-7.6707830,-4.3153963,-4.3153963,-5.2146389,-3.1056700
0.3680432,0.3680432,0.5785385,-4.1335836,-3.2006656,-10.6774513,-0.8096828,-7.4015344,-4.1335836,-4.1335836,-4.9880553,-2.9810907
0.3730432,0.3730432,0.5835385,-3.9605995,-3.0656198,-10.2897147,-0.7772710,-7.1330122,-3.9605995,-3.9605995,-4.7727673,-2.8622254
0.3780432,0.3780432,0.5885385,-3.7963544,-2.9380877,-9.9033864,-0.7466546,-6.8679872,-3.7963544,-3.7963544,-4.5686937,-2.7490078
0.3830432,0.3830432,0.5935385,-3.6406268,-2.8176640,-9.5223674,-0.7177026,-6.6086078,-3.6406268,-3.6406268,-4.3755667,-2.6412972
0.3880432,0.3880432,0.5985385,-3.4931065,-2.7039336,-9.1497228,-0.6902956,-6.3564679,-3.4931065,-3.4931065,-4.1929918,-2.5389031
0.3930432,0.3930432,0.6035385,-3.3534278,-2.5964840,-8.7877603,-0.6643251,-6.1126882,-3.3534278,-3.3534278,-4.0204936,-2.4416035
0.3980432,0.3980432,0.6085385,-3.2211943,-2.4949142,-8.4381288,-0.6396920,-5.8779986,-3.2211943,-3.2211943,-3.8575513,-2.3491588
0.4030432,0.4030432,0.6135385,-3.0959964,-2.3988402,-8.1019229,-0.6163055,-5.6528154,-3.0959964,-3.0959964,-3.7036236,-2.2613218
0.4080432,0.4080432,0.6185385,-2.9774250,-2.3078984,-7.7797832,-0.5940830,-5.4373094,-2.9774250,-2.9774250,-3.5581676,-2.1778447
0.4130432,0.4130432,0.6235385,-2.8650791,-2.2217470,-7.4719881,-0.5729484,-5.2314640,-2.8650791,-2.8650791,-3.4206512,-2.0984843
0.4180432,0.4180432,0.6285385,-2.7585727,-2.1400667,-7.1785337,-0.5528320,-5.0351241,-2.7585727,-2.7585727,-3.2905616,-2.0230049
0.4230432,0.4230432,0.6335385,-2.6575378,-2.0625602,-6.8992028,-0.5336697,-4.8480346,-2.6575378,-2.6575378,-3.1674109,-1.9511808
0.4280432,0.4280432,0.6385385,-2.5616266,-1.9889522,-6.6336216,-0.5154023,-4.6698722,-2.5616266,-2.5616266,-3.0507384,-1.8827976
0.4330432,0.4330432,0.6435385,-2.4705123,-1.9189872,-6.3813067,-0.4979756,-4.5002694,-2.4705123,-2.4705123,-2.9401127,-1.8176524
0.4380432,0.4380432,0.6485385,-2.3838895,-1.8524293,-6.1417020,-0.4813391,-4.3388333,-2.3838895,-2.3838895,-2.8351314,-1.7555541
0.4430432,0.4430432,0.6535385,-2.3014733,-1.7890606,-5.9142082,-0.4654464,-4.1851597,-2.3014733,-2.3014733,-2.7354205,-1.6963238
0.4480432,0.4480432,0.6585385,-2.2229989,-1.7286796,-5.6982052,-0.4502543,-4.0388432,-2.2229989,-2.2229989,-2.6406333,-1.6397936
0.4530432,0.4530432,0.6635385,-2.1482204,-1.6711004,-5.4930689,-0.4357230,-3.8994852,-2.1482204,-2.1482204,-2.5504493,-1.5858066
0.4580432,0.4580432,0.6685385,-2.0769096,-1.6161510,-5.2981839,-0.4218153,-3.7666986,-2.0769096,-2.0769096,-2.4645720,-1.5342166
0.4630432,0.4630432,0.6735385,-2.0088550,-1.5636725,-5.1129519,-0.4084968,-3.6401112,-2.0088550,-2.0088550,-2.3827277,-1.4848868
0.4680432,0.4680432,0.6785385,-1.9438608,-1.5135181,-4.9367980,-0.3957353,-3.5193683,-1.9438608,-1.9438608,-2.3046635,-1.4376897
0.4730432,0.4730432,0.6835385,-1.8817452,-1.4655515,-4.7691743,-0.3835009,-3.4041337,-1.8817452,-1.8817452,-2.2301459,-1.3925064
0.4780432,0.4780432,0.6885385,-1.8223396,-1.4196467,-4.6095625,-0.3717657,-3.2940900,-1.8223396,-1.8223396,-2.1589594,-1.3492260
0.4830432,0.4830432,0.6935385,-1.7654878,-1.3756868,-4.4574741,-0.3605036,-3.1889386,-1.7654878,-1.7654878,-2.0909043,-1.3077449
0.4880432,0.4880432,0.6985385,-1.7110448,-1.3335630,-4.3124510,-0.3496902,-3.0883993,-1.7110448,-1.7110448,-2.0257964,-1.2679665
0.4930432,0.4930432,0.7035385,-1.6588756,-1.2931746,-4.1740647,-0.3393028,-2.9922099,-1.6588756,-1.6588756,-1.9634647,-1.2298004
0.4980432,0.4980432,0.7085385,-1.6088550,-1.2544274,-4.0419155,-0.3293198,-2.9001251,-1.6088550,-1.6088550,-1.9037512,-1.1931621
0.5030432,0.5030432,0.7135385,-1.5608663,-1.2172342,-3.9156307,-0.3197214,-2.8119155,-1.5608663,-1.5608663,-1.8465088,-1.1579728
0.5080432,0.5080432,0.7185385,-1.5148008,-1.1815132,-3.7948636,-0.3104887,-2.7273670,-1.5148008,-1.5148008,-1.7916014,-1.1241584
0.5130432,0.5130432,0.7235385,-1.4705573,-1.1471884,-3.6792917,-0.3016039,-2.6462797,-1.4705573,-1.4705573,-1.7389021,-1.0916499
0.5180432,0.5180432,0.7285385,-1.4280411,-1.1141886,-3.5686150,-0.2930505,-2.5684669,-1.4280411,-1.4280411,-1.6882931,-1.0603821
0.5230432,0.5230432,0.7335385,-1.3871641,-1.0824472,-3.4625548,-0.2848128,-2.4937540,-1.3871641,-1.3871641,-1.6396646,-1.0302943
0.5280432,0.5280432,0.7385385,-1.3478434,-1.0519019,-3.3608518,-0.2768761,-2.4219784,-1.3478434,-1.3478434,-1.5929139,-1.0013292
0.5330432,0.5330432,0.7435385,-1.3100019,-1.0224943,-3.2632650,-0.2692265,-2.3529875,-1.3100019,-1.3100019,-1.5479456,-0.9734331
0.5380432,0.5380432,0.7485385,-1.2735671,-0.9941695,-3.1695698,-0.2618509,-2.2866390,-1.2735671,-1.2735671,-1.5046700,-0.9465555
0.5430432,0.5430432,0.7535385,-1.2384710,-0.9668762,-3.0795573,-0.2547369,-2.2227996,-1.2384710,-1.2384710,-1.4630037,-0.9206487
0.5480432,0.5480432,0.7585385,-1.2046498,-0.9405658,-2.9930328,-0.2478729,-2.1613444,-1.2046498,-1.2046498,-1.4228681,-0.8956681
0.5530432,0.5530432,0.7635385,-1.1720436,-0.9151930,-2.9098146,-0.2412478,-2.1021565,-1.1720436,-1.1720436,-1.3841897,-0.8715713
0.5580432,0.5580432,0.7685385,-1.1405959,-0.8907147,-2.8297333,-0.2348512,-2.0451261,-1.1405959,-1.1405959,-1.3468997,-0.8483186
0.5630432,0.5630432,0.7735385,-1.1102538,-0.8670907,-2.7526304,-0.2286731,-1.9901502,-1.1102538,-1.1102538,-1.3109331,-0.8258723
0.5680432,0.5680432,0.7785385,-1.0809673,-0.8442827,-2.6783580,-0.2227043,-1.9371320,-1.0809673,-1.0809673,-1.2762291,-0.8041969
0.5730432,0.5730432,0.7835385,-1.0526891,-0.8222548,-2.6067773,-0.2169359,-1.8859806,-1.0526891,-1.0526891,-1.2427301,-0.7832589
0.5780432,0.5780432,0.7885385,-1.0253747,-0.8009730,-2.5377586,-0.2113594,-1.8366102,-1.0253747,-1.0253747,-1.2103823,-0.7630263
0.5830432,0.5830432,0.7935385,-0.9989822,-0.7804052,-2.4711802,-0.2059669,-1.7889404,-0.9989822,-0.9989822,-1.1791344,-0.7434693
0.5880432,0.5880432,0.7985385,-0.9734718,-0.7605208,-2.4069277,-0.2007507,-1.7428951,-0.9734718,-0.9734718,-1.1489386,-0.7245592
0.5930432,0.5930432,0.8035385,-0.9488059,-0.7412912,-2.3448938,-0.1957037,-1.6984026,-0.9488059,-0.9488059,-1.1197492,-0.7062691
0.5980432,0.5980432,0.8085385,-0.9249489,-0.7226891,-2.2849776,-0.1908191,-1.6553952,-0.9249489,-0.9249489,-1.0915232,-0.6885734
0.6030432,0.6030432,0.8135385,-0.9018672,-0.7046884,-2.2270839,-0.1860904,-1.6138090,-0.9018672,-0.9018672,-1.0642201,-0.6714477
0.6080432,0.6080432,0.8185385,-0.8795287,-0.6872648,-2.1711233,-0.1815112,-1.5735836,-0.8795287,-0.8795287,-1.0378013,-0.6548690
0.6130432,0.6130432,0.8235385,-0.8579032,-0.6703948,-2.1170114,-0.1770759,-1.5346617,-0.8579032,-0.8579032,-1.0122304,-0.6388153
0.6180432,0.6180432,0.8285385,-0.8369619,-0.6540563,-2.0646685,-0.1727787,-1.4969891,-0.8369619,-0.8369619,-0.9874727,-0.6232659
0.6230432,0.6230432,0.8335385,-0.8166775,-0.6382283,-2.0140192,-0.1686143,-1.4605147,-0.8166775,-0.8166775,-0.9634953,-0.6082007
0.6280432,0.6280432,0.8385385,-0.7970239,-0.6228908,-1.9649925,-0.1645776,-1.4251896,-0.7970239,-0.7970239,-0.9402672,-0.5936010
0.6330432,0.6330432,0.8435385,-0.7779766,-0.6080246,-1.9175210,-0.1606639,-1.3909677,-0.7779766,-0.7779766,-0.9177588,-0.5794489
0.6380432,0.6380432,0.8485385,-0.7595119,-0.5936117,-1.8715410,-0.1568683,-1.3578052,-0.7595119,-0.7595119,-0.8959417,-0.5657271
0.6430432,0.6430432,0.8535385,-0.7416075,-0.5796348,-1.8269921,-0.1531866,-1.3256603,-0.7416075,-0.7416075,-0.8747893,-0.5524193
0.6480432,0.6480432,0.8585385,-0.7242421,-0.5660773,-1.7838169,-0.1496144,-1.2944936,-0.7242421,-0.7242421,-0.8542761,-0.5395100
0.6530432,0.6530432,0.8635385,-0.7073953,-0.5529236,-1.7419611,-0.1461478,-1.2642672,-0.7073953,-0.7073953,-0.8343777,-0.5269843
0.6580432,0.6580432,0.8685385,-0.6910479,-0.5401587,-1.7013731,-0.1427829,-1.2349453,-0.6910479,-0.6910479,-0.8150711,-0.5148281
0.6630432,0.6630432,0.8735385,-0.6751812,-0.5277682,-1.6620038,-0.1395160,-1.2064938,-0.6751812,-0.6751812,-0.7963341,-0.5030278
0.6680432,0.6680432,0.8785385,-0.6597777,-0.5157386,-1.6238064,-0.1363436,-1.1788801,-0.6597777,-0.6597777,-0.7781458,-0.4915704
0.6730432,0.6730432,0.8835385,-0.6448205,-0.5040566,-1.5867366,-0.1332624,-1.1520731,-0.6448205,-0.6448205,-0.7604860,-0.4804437
0.6780432,0.6780432,0.8885385,-0.6302935,-0.4927100,-1.5507522,-0.1302690,-1.1260432,-0.6302935,-0.6302935,-0.7433355,-0.4696357
0.6830432,0.6830432,0.8935385,-0.6161814,-0.4816866,-1.5158127,-0.1273605,-1.1007622,-0.6161814,-0.6161814,-0.7266760,-0.4591352
0.6880432,0.6880432,0.8985385,-0.6024693,-0.4709752,-1.4818798,-0.1245338,-1.0762031,-0.6024693,-0.6024693,-0.7104900,-0.4489314
0.6930432,0.6930432,0.9035385,-0.5891432,-0.4605647,-1.4489169,-0.1217861,-1.0523401,-0.5891432,-0.5891432,-0.6947608,-0.4390139
0.6980432,0.6980432,0.9085385,-0.5761897,-0.4504448,-1.4168889,-0.1191147,-1.0291485,-0.5761897,-0.5761897,-0.6794722,-0.4293727
0.7030432,0.7030432,0.9135385,-0.5635958,-0.4406053,-1.3857625,-0.1165171,-1.0066047,-0.5635958,-0.5635958,-0.6646091,-0.4199984
0.7080432,0.7080432,0.9185385,-0.5513492,-0.4310367,-1.3555057,-0.1139906,-0.9846861,-0.5513492,-0.5513492,-0.6501566,-0.4108818
0.7130432,0.7130432,0.9235385,-0.5394380,-0.4217298,-1.3260880,-0.1115329,-0.9633713,-0.5394380,-0.5394380,-0.6361007,-0.4020143
0.7180432,0.7180432,0.9285385,-0.5278509,-0.4126757,-1.2974803,-0.1091418,-0.9426395,-0.5278509,-0.5278509,-0.6224280,-0.3933874
0.7230432,0.7230432,0.9335385,-0.5165770,-0.4038661,-1.2696547,-0.1068149,-0.9224708,-0.5165770,-0.5165770,-0.6091255,-0.3849931
0.7280432,0.7280432,0.9385385,-0.5056059,-0.3952927,-1.2425844,-0.1045503,-0.9028464,-0.5056059,-0.5056059,-0.5961809,-0.3768237
0.7330432,0.7330432,0.9435385,-0.4949275,-0.3869478,-1.2162438,-0.1023457,-0.8837479,-0.4949275,-0.4949275,-0.5835822,-0.3688718
0.7380432,0.7380432,0.9485385,-0.4845322,-0.3788239,-1.1906084,-0.1001994,-0.8651580,-0.4845322,-0.4845322,-0.5713180,-0.3611303
0.7430432,0.7430432,0.9535385,-0.4744109,-0.3709137,-1.1656547,-0.0981094,-0.8470599,-0.4744109,-0.4744109,-0.5593774,-0.3535923
0.7480432,0.7480432,0.9585385,-0.4645545,-0.3632105,-1.1413602,-0.0960739,-0.8294375,-0.4645545,-0.4645545,-0.5477499,-0.3462513
0.7530432,0.7530432,0.9635385,-0.4549546,-0.3557075,-1.1177032,-0.0940911,-0.8122754,-0.4549546,-0.4549546,-0.5364253,-0.3391010
0.7580432,0.7580432,0.9685385,-0.4456030,-0.3483984,-1.0946629,-0.0921595,-0.7955587,-0.4456030,-0.4456030,-0.5253940,-0.3321353
0.7630432,0.7630432,0.9735385,-0.4364918,-0.3412770,-1.0722195,-0.0902773,-0.7792732,-0.4364918,-0.4364918,-0.5146467,-0.3253484
0.7680432,0.7680432,0.9785385,-0.4276134,-0.3343374,-1.0503539,-0.0884431,-0.7634052,-0.4276134,-0.4276134,-0.5041743,-0.3187346
0.7730432,0.7730432,0.9835385,-0.4189606,-0.3275739,-1.0290475,-0.0866553,-0.7479415,-0.4189606,-0.4189606,-0.4939682,-0.3122886
0.7780432,0.7780432,0.9885385,-0.4105262,-0.3209812,-1.0082828,-0.0849126,-0.7328695,-0.4105262,-0.4105262,-0.4840201,-0.3060051
0.7830432,0.7830432,0.9935385,-0.4023037,-0.3145538,-0.9880427,-0.0832134,-0.7181770,-0.4023037,-0.4023037,-0.4743221,-0.2998792
0.7880432,0.7880432,0.9985385,-0.3942864,-0.3082868,-0.9683109,-0.0815566,-0.7038522,-0.3942864,-0.3942864,-0.4648663,-0.2939060
0.7930432,0.7930432,1.0035385,-0.3864682,-0.3021752,-0.9490718,-0.0799408,-0.6898838,-0.3864682,-0.3864682,-0.4556456,-0.2880808
0.7980432,0.7980432,1.0085385,-0.3788429,-0.2962144,-0.9303101,-0.0783648,-0.6762611,-0.3788429,-0.3788429,-0.4466525,-0.2823993
0.8030432,0.8030432,1.0135385,-0.3714048,-0.2903998,-0.9120113,-0.0768274,-0.6629735,-0.3714048,-0.3714048,-0.4378805,-0.2768571
0.8080432,0.8080432,1.0185385,-0.3641482,-0.2847270,-0.8941613,-0.0753274,-0.6500109,-0.3641482,-0.3641482,-0.4293226,-0.2714500
0.8130432,0.8130432,1.0235385,-0.3570678,-0.2791919,-0.8767468,-0.0738638,-0.6373636,-0.3570678,-0.3570678,-0.4209727,-0.2661740
0.8180432,0.8180432,1.0285385,-0.3501583,-0.2737903,-0.8597545,-0.0724354,-0.6250222,-0.3501583,-0.3501583,-0.4128245,-0.2610253
0.8230432,0.8230432,1.0335385,-0.3434147,-0.2685184,-0.8431721,-0.0710413,-0.6129778,-0.3434147,-0.3434147,-0.4048721,-0.2560000
0.8280432,0.8280432,1.0385385,-0.3368322,-0.2633723,-0.8269873,-0.0696804,-0.6012215,-0.3368322,-0.3368322,-0.3971098,-0.2510947
0.8330432,0.8330432,1.0435385,-0.3304061,-0.2583484,-0.8111885,-0.0683518,-0.5897450,-0.3304061,-0.3304061,-0.3895320,-0.2463058
0.8380432,0.8380432,1.0485385,-0.3241319,-0.2534432,-0.7957646,-0.0670545,-0.5785401,-0.3241319,-0.3241319,-0.3821334,-0.2416301
0.8430432,0.8430432,1.0535385,-0.3180051,-0.2486533,-0.7807045,-0.0657877,-0.5675991,-0.3180051,-0.3180051,-0.3749088,-0.2370641
0.8480432,0.8480432,1.0585385,-0.3120217,-0.2439753,-0.7659979,-0.0645504,-0.5569144,-0.3120217,-0.3120217,-0.3678533,-0.2326048
0.8530432,0.8530432,1.0635385,-0.3061774,-0.2394062,-0.7516345,-0.0633419,-0.5464786,-0.3061774,-0.3061774,-0.3609620,-0.2282493
0.8580432,0.8580432,1.0685385,-0.3004685,-0.2349428,-0.7376048,-0.0621614,-0.5362847,-0.3004685,-0.3004685,-0.3542304,-0.2239945
0.8630432,0.8630432,1.0735385,-0.2948911,-0.2305821,-0.7238991,-0.0610080,-0.5263259,-0.2948911,-0.2948911,-0.3476539,-0.2198376
0.8680432,0.8680432,1.0785385,-0.2894415,-0.2263214,-0.7105084,-0.0598810,-0.5165956,-0.2894415,-0.2894415,-0.3412281,-0.2157759
0.8730432,0.8730432,1.0835385,-0.2841161,-0.2221578,-0.6974239,-0.0587797,-0.5070875,-0.2841161,-0.2841161,-0.3349490,-0.2118068
0.8780432,0.8780432,1.0885385,-0.2789116,-0.2180887,-0.6846371,-0.0577033,-0.4977954,-0.2789116,-0.2789116,-0.3288124,-0.2079277
0.8830432,0.8830432,1.0935385,-0.2738246,-0.2141114,-0.6721398,-0.0566512,-0.4887133,-0.2738246,-0.2738246,-0.3228145,-0.2041362
0.8880432,0.8880432,1.0985385,-0.2688520,-0.2102234,-0.6599240,-0.0556228,-0.4798354,-0.2688520,-0.2688520,-0.3169513,-0.2004298
0.8930432,0.8930432,1.1035385,-0.2639905,-0.2064224,-0.6479819,-0.0546173,-0.4711564,-0.2639905,-0.2639905,-0.3112194,-0.1968062
0.8980432,0.8980432,1.1085385,-0.2592373,-0.2027060,-0.6363062,-0.0536342,-0.4626706,-0.2592373,-0.2592373,-0.3056150,-0.1932633
0.9030432,0.9030432,1.1135385,-0.2545893,-0.1990718,-0.6248897,-0.0526728,-0.4543730,-0.2545893,-0.2545893,-0.3001348,-0.1897988
0.9080432,0.9080432,1.1185385,-0.2500438,-0.1955178,-0.6137254,-0.0517326,-0.4462584,-0.2500438,-0.2500438,-0.2947755,-0.1864106
0.9130432,0.9130432,1.1235385,-0.2455980,-0.1920417,-0.6028065,-0.0508130,-0.4383221,-0.2455980,-0.2455980,-0.2895339,-0.1830968
0.9180432,0.9180432,1.1285385,-0.2412494,-0.1886416,-0.5921265,-0.0499135,-0.4305592,-0.2412494,-0.2412494,-0.2844067,-0.1798553
0.9230432,0.9230432,1.1335385,-0.2369952,-0.1853153,-0.5816791,-0.0490335,-0.4229652,-0.2369952,-0.2369952,-0.2793911,-0.1766842
0.9280432,0.9280432,1.1385385,-0.2328332,-0.1820610,-0.5714582,-0.0481726,-0.4155357,-0.2328332,-0.2328332,-0.2744840,-0.1735818
0.9330432,0.9330432,1.1435385,-0.2287608,-0.1788769,-0.5614578,-0.0473302,-0.4082663,-0.2287608,-0.2287608,-0.2696827,-0.1705461
0.9380432,0.9380432,1.1485385,-0.2247758,-0.1757609,-0.5516723,-0.0465059,-0.4011530,-0.2247758,-0.2247758,-0.2649843,-0.1675756
0.9430432,0.9430432,1.1535385,-0.2208758,-0.1727116,-0.5420959,-0.0456991,-0.3941916,-0.2208758,-0.2208758,-0.2603863,-0.1646684
0.9480432,0.9480432,1.1585385,-0.2170587,-0.1697270,-0.5327234,-0.0449095,-0.3873782,-0.2170587,-0.2170587,-0.2558861,-0.1618230
0.9530432,0.9530432,1.1635385,-0.2133224,-0.1668055,-0.5235495,-0.0441366,-0.3807091,-0.2133224,-0.2133224,-0.2514811,-0.1590378
0.9580432,0.9580432,1.1685385,-0.2096648,-0.1639456,-0.5145691,-0.0433799,-0.3741806,-0.2096648,-0.2096648,-0.2471689,-0.1563113
0.9630432,0.9630432,1.1735385,-0.2060840,-0.1611457,-0.5057773,-0.0426391,-0.3677890,-0.2060840,-0.2060840,-0.2429472,-0.1536419
0.9680432,0.9680432,1.1785385,-0.2025779,-0.1584043,-0.4971693,-0.0419138,-0.3615311,-0.2025779,-0.2025779,-0.2388137,-0.1510283
0.9730432,0.9730432,1.1835385,-0.1991447,-0.1557198,-0.4887406,-0.0412036,-0.3554033,-0.1991447,-0.1991447,-0.2347662,-0.1484690
0.9780432,0.9780432,1.1885385,-0.1957827,-0.1530910,-0.4804865,-0.0405081,-0.3494025,-0.1957827,-0.1957827,-0.2308025,-0.1459627
0.9830432,0.9830432,1.1935385,-0.1924899,-0.1505163,-0.4724029,-0.0398269,-0.3435255,-0.1924899,-0.1924899,-0.2269205,-0.1435081
0.9880432,0.9880432,1.1985385,-0.1892648,-0.1479945,-0.4644854,-0.0391596,-0.3377691,-0.1892648,-0.1892648,-0.2231183,-0.1411038
0.9930432,0.9930432,1.2035385,-0.1861056,-0.1455243,-0.4567299,-0.0385061,-0.3321305,-0.1861056,-0.1861056,-0.2193938,-0.1387487
0.9980432,0.9980432,1.2085385,-0.1830107,-0.1431043,-0.4491324,-0.0378658,-0.3266068,-0.1830107,-0.1830107,-0.2157451,-0.1364416
1.0030432,1.0030432,1.2135385,-0.1799786,-0.1407334,-0.4416892,-0.0372385,-0.3211951,-0.1799786,-0.1799786,-0.2121705,-0.1341812
1.0080432,1.0080432,1.2185385,-0.1770077,-0.1384104,-0.4343964,-0.0366238,-0.3158927,-0.1770077,-0.1770077,-0.2086681,-0.1319664
1.0130432,1.0130432,1.2235385,-0.1740966,-0.1361341,-0.4272504,-0.0360216,-0.3106970,-0.1740966,-0.1740966,-0.2052361,-0.1297962
1.0180432,1.0180432,1.2285385,-0.1712438,-0.1339034,-0.4202476,-0.0354313,-0.3056054,-0.1712438,-0.1712438,-0.2018728,-0.1276695
1.0230432,1.0230432,1.2335385,-0.1684479,-0.1317172,-0.4133846,-0.0348529,-0.3006154,-0.1684479,-0.1684479,-0.1985767,-0.1255851
1.0280432,1.0280432,1.2385385,-0.1657075,-0.1295744,-0.4066581,-0.0342859,-0.2957246,-0.1657075,-0.1657075,-0.1953461,-0.1235422
1.0330432,1.0330432,1.2435385,-0.1630214,-0.1274741,-0.4000648,-0.0337302,-0.2909306,-0.1630214,-0.1630214,-0.1921794,-0.1215397
1.0380432,1.0380432,1.2485385,-0.1603882,-0.1254151,-0.3936015,-0.0331854,-0.2862311,-0.1603882,-0.1603882,-0.1890751,-0.1195767
1.0430432,1.0430432,1.2535385,-0.1578068,-0.1233966,-0.3872653,-0.0326513,-0.2816239,-0.1578068,-0.1578068,-0.1860318,-0.1176522
1.0480432,1.0480432,1.2585385,-0.1552758,-0.1214175,-0.3810530,-0.0321277,-0.2771069,-0.1552758,-0.1552758,-0.1830480,-0.1157653
1.0530432,1.0530432,1.2635385,-0.1527941,-0.1194770,-0.3749618,-0.0316142,-0.2726778,-0.1527941,-0.1527941,-0.1801224,-0.1139152
1.0580432,1.0580432,1.2685385,-0.1503606,-0.1175741,-0.3689889,-0.0311107,-0.2683347,-0.1503606,-0.1503606,-0.1772535,-0.1121010
1.0630432,1.0630432,1.2735385,-0.1479741,-0.1157081,-0.3631315,-0.0306170,-0.2640756,-0.1479741,-0.1479741,-0.1744401,-0.1103218
1.0680432,1.0680432,1.2785385,-0.1456336,-0.1138779,-0.3573869,-0.0301327,-0.2598986,-0.1456336,-0.1456336,-0.1716809,-0.1085770
1.0730432,1.0730432,1.2835385,-0.1433380,-0.1120829,-0.3517527,-0.0296578,-0.2558016,-0.1433380,-0.1433380,-0.1689746,-0.1068655
1.0780432,1.0780432,1.2885385,-0.1410863,-0.1103222,-0.3462261,-0.0291919,-0.2517831,-0.1410863,-0.1410863,-0.1663201,-0.1051868
1.0830432,1.0830432,1.2935385,-0.1388774,-0.1085950,-0.3408049,-0.0287349,-0.2478410,-0.1388774,-0.1388774,-0.1637161,-0.1035401
1.0880432,1.0880432,1.2985385,-0.1367105,-0.1069005,-0.3354865,-0.0282865,-0.2439737,-0.1367105,-0.1367105,-0.1611615,-0.1019246
1.0930432,1.0930432,1.3035385,-0.1345845,-0.1052381,-0.3302687,-0.0278467,-0.2401795,-0.1345845,-0.1345845,-0.1586552,-0.1003396
1.0980432,1.0980432,1.3085385,-0.1324985,-0.1036070,-0.3251492,-0.0274151,-0.2364568,-0.1324985,-0.1324985,-0.1561961,-0.0987845
1.1030432,1.1030432,1.3135385,-0.1304517,-0.1020065,-0.3201258,-0.0269916,-0.2328040,-0.1304517,-0.1304517,-0.1537831,-0.0972585
1.1080432,1.1080432,1.3185385,-0.1284431,-0.1004359,-0.3151963,-0.0265760,-0.2292194,-0.1284431,-0.1284431,-0.1514153,-0.0957611
1.1130432,1.1130432,1.3235385,-0.1264720,-0.0988946,-0.3103586,-0.0261681,-0.2257016,-0.1264720,-0.1264720,-0.1490915,-0.0942915
1.1180432,1.1180432,1.3285385,-0.1245374,-0.0973819,-0.3056107,-0.0257679,-0.2222491,-0.1245374,-0.1245374,-0.1468109,-0.0928492
1.1230432,1.1230432,1.3335385,-0.1226386,-0.0958971,-0.3009507,-0.0253750,-0.2188604,-0.1226386,-0.1226386,-0.1445724,-0.0914336
1.1280432,1.1280432,1.3385385,-0.1207748,-0.0944397,-0.2963766,-0.0249894,-0.2155342,-0.1207748,-0.1207748,-0.1423752,-0.0900441
1.1330432,1.1330432,1.3435385,-0.1189452,-0.0930091,-0.2918864,-0.0246108,-0.2122690,-0.1189452,-0.1189452,-0.1402184,-0.0886801
1.1380432,1.1380432,1.3485385,-0.1171491,-0.0916046,-0.2874785,-0.0242392,-0.2090636,-0.1171491,-0.1171491,-0.1381010,-0.0873410
1.1430432,1.1430432,1.3535385,-0.1153857,-0.0902257,-0.2831509,-0.0238743,-0.2059167,-0.1153857,-0.1153857,-0.1360222,-0.0860263
1.1480432,1.1480432,1.3585385,-0.1136543,-0.0888719,-0.2789020,-0.0235161,-0.2028269,-0.1136543,-0.1136543,-0.1339812,-0.0847355
1.1530432,1.1530432,1.3635385,-0.1119543,-0.0875426,-0.2747300,-0.0231644,-0.1997930,-0.1119543,-0.1119543,-0.1319771,-0.0834681
1.1580432,1.1580432,1.3685385,-0.1102850,-0.0862373,-0.2706333,-0.0228190,-0.1968139,-0.1102850,-0.1102850,-0.1300092,-0.0822236
1.1630432,1.1630432,1.3735385,-0.1086457,-0.0849555,-0.2666103,-0.0224798,-0.1938884,-0.1086457,-0.1086457,-0.1280767,-0.0810014
1.1680432,1.1680432,1.3785385,-0.1070358,-0.0836966,-0.2626594,-0.0221467,-0.1910153,-0.1070358,-0.1070358,-0.1261788,-0.0798012
1.1730432,1.1730432,1.3835385,-0.1054546,-0.0824602,-0.2587790,-0.0218195,-0.1881935,-0.1054546,-0.1054546,-0.1243148,-0.0786223
1.1780432,1.1780432,1.3885385,-0.1039016,-0.0812458,-0.2549677,-0.0214982,-0.1854220,-0.1039016,-0.1039016,-0.1224840,-0.0774645
1.1830432,1.1830432,1.3935385,-0.1023761,-0.0800529,-0.2512241,-0.0211826,-0.1826996,-0.1023761,-0.1023761,-0.1206856,-0.0763272
1.1880432,1.1880432,1.3985385,-0.1008776,-0.0788812,-0.2475466,-0.0208725,-0.1800253,-0.1008776,-0.1008776,-0.1189191,-0.0752099
1.1930432,1.1930432,1.4035385,-0.0994054,-0.0777300,-0.2439340,-0.0205679,-0.1773982,-0.0994054,-0.0994054,-0.1171837,-0.0741124
1.1980432,1.1980432,1.4085385,-0.0979592,-0.0765991,-0.2403848,-0.0202687,-0.1748172,-0.0979592,-0.0979592,-0.1154787,-0.0730342
1.2030432,1.2030432,1.4135385,-0.0965382,-0.0754880,-0.2368977,-0.0199747,-0.1722813,-0.0965382,-0.0965382,-0.1138036,-0.0719748
1.2080432,1.2080432,1.4185385,-0.0951421,-0.0743963,-0.2334715,-0.0196858,-0.1697898,-0.0951421,-0.0951421,-0.1121577,-0.0709339
1.2130432,1.2130432,1.4235385,-0.0937702,-0.0733236,-0.2301049,-0.0194019,-0.1673415,-0.0937702,-0.0937702,-0.1105405,-0.0699111
1.2180432,1.2180432,1.4285385,-0.0924221,-0.0722694,-0.2267966,-0.0191230,-0.1649357,-0.0924221,-0.0924221,-0.1089513,-0.0689060
1.2230432,1.2230432,1.4335385,-0.0910973,-0.0712335,-0.2235455,-0.0188489,-0.1625714,-0.0910973,-0.0910973,-0.1073895,-0.0679183
1.2280432,1.2280432,1.4385385,-0.0897953,-0.0702154,-0.2203504,-0.0185795,-0.1602479,-0.0897953,-0.0897953,-0.1058546,-0.0669476
1.2330432,1.2330432,1.4435385,-0.0885156,-0.0692148,-0.2172102,-0.0183147,-0.1579643,-0.0885156,-0.0885156,-0.1043461,-0.0659936
1.2380432,1.2380432,1.4485385,-0.0872579,-0.0682313,-0.2141237,-0.0180545,-0.1557197,-0.0872579,-0.0872579,-0.1028634,-0.0650559
1.2430432,1.2430432,1.4535385,-0.0860216,-0.0672646,-0.2110898,-0.0177987,-0.1535134,-0.0860216,-0.0860216,-0.1014060,-0.0641341
1.2480432,1.2480432,1.4585385,-0.0848063,-0.0663143,-0.2081076,-0.0175472,-0.1513447,-0.0848063,-0.0848063,-0.0999734,-0.0632281
1.2530432,1.2530432,1.4635385,-0.0836117,-0.0653801,-0.2051759,-0.0173000,-0.1492127,-0.0836117,-0.0836117,-0.0985651,-0.0623374
1.2580432,1.2580432,1.4685385,-0.0824372,-0.0644617,-0.2022937,-0.0170570,-0.1471167,-0.0824372,-0.0824372,-0.0971805,-0.0614618
1.2630432,1.2630432,1.4735385,-0.0812825,-0.0635588,-0.1994601,-0.0168181,-0.1450561,-0.0812825,-0.0812825,-0.0958193,-0.0606009
1.2680432,1.2680432,1.4785385,-0.0801472,-0.0626711,-0.1966741,-0.0165832,-0.1430300,-0.0801472,-0.0801472,-0.0944810,-0.0597545
1.2730432,1.2730432,1.4835385,-0.0790309,-0.0617982,-0.1939348,-0.0163522,-0.1410379,-0.0790309,-0.0790309,-0.0931650,-0.0589222
1.2780432,1.2780432,1.4885385,-0.0779332,-0.0609399,-0.1912412,-0.0161251,-0.1390790,-0.0779332,-0.0779332,-0.0918710,-0.0581039
1.2830432,1.2830432,1.4935385,-0.0768538,-0.0600958,-0.1885924,-0.0159018,-0.1371527,-0.0768538,-0.0768538,-0.0905986,-0.0572991
1.2880432,1.2880432,1.4985385,-0.0757923,-0.0592658,-0.1859875,-0.0156821,-0.1352584,-0.0757923,-0.0757923,-0.0893472,-0.0565077
1.2930432,1.2930432,1.5035385,-0.0747484,-0.0584495,-0.1834257,-0.0154661,-0.1333954,-0.0747484,-0.0747484,-0.0881166,-0.0557294
1.2980432,1.2980432,1.5085385,-0.0737217,-0.0576466,-0.1809062,-0.0152537,-0.1315631,-0.0737217,-0.0737217,-0.0869062,-0.0549639
1.3030432,1.3030432,1.5135385,-0.0727118,-0.0568570,-0.1784281,-0.0150448,-0.1297610,-0.0727118,-0.0727118,-0.0857158,-0.0542110
1.3080432,1.3080432,1.5185385,-0.0717186,-0.0560803,-0.1759906,-0.0148392,-0.1279884,-0.0717186,-0.0717186,-0.0845449,-0.0534705
1.3130432,1.3130432,1.5235385,-0.0707415,-0.0553163,-0.1735930,-0.0146371,-0.1262447,-0.0707415,-0.0707415,-0.0833931,-0.0527420
1.3180432,1.3180432,1.5285385,-0.0697804,-0.0545647,-0.1712344,-0.0144382,-0.1245295,-0.0697804,-0.0697804,-0.0822600,-0.0520255
1.3230432,1.3230432,1.5335385,-0.0688349,-0.0538254,-0.1689142,-0.0142426,-0.1228422,-0.0688349,-0.0688349,-0.0811454,-0.0513205
1.3280432,1.3280432,1.5385385,-0.0679047,-0.0530980,-0.1666315,-0.0140501,-0.1211821,-0.0679047,-0.0679047,-0.0800488,-0.0506270
1.3330432,1.3330432,1.5435385,-0.0669895,-0.0523824,-0.1643858,-0.0138607,-0.1195489,-0.0669895,-0.0669895,-0.0789700,-0.0499447
1.3380432,1.3380432,1.5485385,-0.0660890,-0.0516783,-0.1621762,-0.0136744,-0.1179420,-0.0660890,-0.0660890,-0.0779085,-0.0492734
1.3430432,1.3430432,1.5535385,-0.0652031,-0.0509855,-0.1600020,-0.0134911,-0.1163609,-0.0652031,-0.0652031,-0.0768641,-0.0486128
1.3480432,1.3480432,1.5585385,-0.0643313,-0.0503038,-0.1578627,-0.0133107,-0.1148052,-0.0643313,-0.0643313,-0.0758364,-0.0479629
1.3530432,1.3530432,1.5635385,-0.0634734,-0.0496330,-0.1557576,-0.0131332,-0.1132742,-0.0634734,-0.0634734,-0.0748251,-0.0473233
1.3580432,1.3580432,1.5685385,-0.0626292,-0.0489729,-0.1536860,-0.0129586,-0.1117677,-0.0626292,-0.0626292,-0.0738299,-0.0466939
1.3630432,1.3630432,1.5735385,-0.0617984,-0.0483232,-0.1516472,-0.0127867,-0.1102850,-0.0617984,-0.0617984,-0.0728505,-0.0460745
1.3680432,1.3680432,1.5785385,-0.0609807,-0.0476838,-0.1496408,-0.0126175,-0.1088258,-0.0609807,-0.0609807,-0.0718866,-0.0454649
1.3730432,1.3730432,1.5835385,-0.0601760,-0.0470546,-0.1476660,-0.0124510,-0.1073897,-0.0601760,-0.0601760,-0.0709379,-0.0448649
1.3780432,1.3780432,1.5885385,-0.0593839,-0.0464352,-0.1457223,-0.0122871,-0.1059762,-0.0593839,-0.0593839,-0.0700042,-0.0442743
1.3830432,1.3830432,1.5935385,-0.0586043,-0.0458256,-0.1438091,-0.0121258,-0.1045848,-0.0586043,-0.0586043,-0.0690851,-0.0436931
1.3880432,1.3880432,1.5985385,-0.0578368,-0.0452255,-0.1419259,-0.0119670,-0.1032153,-0.0578368,-0.0578368,-0.0681804,-0.0431209
1.3930432,1.3930432,1.6035385,-0.0570814,-0.0446348,-0.1400721,-0.0118107,-0.1018671,-0.0570814,-0.0570814,-0.0672899,-0.0425577
1.3980432,1.3980432,1.6085385,-0.0563377,-0.0440532,-0.1382471,-0.0116568,-0.1005399,-0.0563377,-0.0563377,-0.0664132,-0.0420032
1.4030432,1.4030432,1.6135385,-0.0556056,-0.0434807,-0.1364505,-0.0115053,-0.0992334,-0.0556056,-0.0556056,-0.0655501,-0.0414574
1.4080432,1.4080432,1.6185385,-0.0548848,-0.0429171,-0.1346817,-0.0113562,-0.0979470,-0.0548848,-0.0548848,-0.0647004,-0.0409200
1.4130432,1.4130432,1.6235385,-0.0541751,-0.0423622,-0.1329402,-0.0112093,-0.0966806,-0.0541751,-0.0541751,-0.0638638,-0.0403908
1.4180432,1.4180432,1.6285385,-0.0534763,-0.0418158,-0.1312256,-0.0110647,-0.0954336,-0.0534763,-0.0534763,-0.0630401,-0.0398699
1.4230432,1.4230432,1.6335385,-0.0527883,-0.0412778,-0.1295373,-0.0109224,-0.0942058,-0.0527883,-0.0527883,-0.0622290,-0.0393569
1.4280432,1.4280432,1.6385385,-0.0521109,-0.0407480,-0.1278748,-0.0107822,-0.0929968,-0.0521109,-0.0521109,-0.0614304,-0.0388518
1.4330432,1.4330432,1.6435385,-0.0514437,-0.0402264,-0.1262377,-0.0106442,-0.0918062,-0.0514437,-0.0514437,-0.0606440,-0.0383545
1.4380432,1.4380432,1.6485385,-0.0507868,-0.0397127,-0.1246256,-0.0105082,-0.0906338,-0.0507868,-0.0507868,-0.0598695,-0.0378647
1.4430432,1.4430432,1.6535385,-0.0501398,-0.0392068,-0.1230380,-0.0103744,-0.0894792,-0.0501398,-0.0501398,-0.0591068,-0.0373823
1.4480432,1.4480432,1.6585385,-0.0495026,-0.0387085,-0.1214745,-0.0102425,-0.0883422,-0.0495026,-0.0495026,-0.0583557,-0.0369073
1.4530432,1.4530432,1.6635385,-0.0488751,-0.0382178,-0.1199345,-0.0101127,-0.0872223,-0.0488751,-0.0488751,-0.0576159,-0.0364394
1.4580432,1.4580432,1.6685385,-0.0482570,-0.0377345,-0.1184178,-0.0099848,-0.0861192,-0.0482570,-0.0482570,-0.0568873,-0.0359786
1.4630432,1.4630432,1.6735385,-0.0476482,-0.0372585,-0.1169239,-0.0098588,-0.0850328,-0.0476482,-0.0476482,-0.0561696,-0.0355247
1.4680432,1.4680432,1.6785385,-0.0470486,-0.0367896,-0.1154524,-0.0097348,-0.0839627,-0.0470486,-0.0470486,-0.0554628,-0.0350776
1.4730432,1.4730432,1.6835385,-0.0464579,-0.0363277,-0.1140030,-0.0096126,-0.0829086,-0.0464579,-0.0464579,-0.0547664,-0.0346372
1.4780432,1.4780432,1.6885385,-0.0458760,-0.0358727,-0.1125751,-0.0094922,-0.0818702,-0.0458760,-0.0458760,-0.0540805,-0.0342034
1.4830432,1.4830432,1.6935385,-0.0453028,-0.0354245,-0.1111685,-0.0093736,-0.0808472,-0.0453028,-0.0453028,-0.0534048,-0.0337760
1.4880432,1.4880432,1.6985385,-0.0447381,-0.0349829,-0.1097828,-0.0092567,-0.0798395,-0.0447381,-0.0447381,-0.0527391,-0.0333550
1.4930432,1.4930432,1.7035385,-0.0441818,-0.0345479,-0.1084176,-0.0091416,-0.0788466,-0.0441818,-0.0441818,-0.0520832,-0.0329402
1.4980432,1.4980432,1.7085385,-0.0436336,-0.0341193,-0.1070725,-0.0090282,-0.0778685,-0.0436336,-0.0436336,-0.0514371,-0.0325316
1.5030432,1.5030432,1.7135385,-0.0430936,-0.0336970,-0.1057473,-0.0089164,-0.0769047,-0.0430936,-0.0430936,-0.0508005,-0.0321289
1.5080432,1.5080432,1.7185385,-0.0425615,-0.0332809,-0.1044416,-0.0088063,-0.0759551,-0.0425615,-0.0425615,-0.0501732,-0.0317322
1.5130432,1.5130432,1.7235385,-0.0420372,-0.0328709,-0.1031550,-0.0086979,-0.0750194,-0.0420372,-0.0420372,-0.0495551,-0.0313413
1.5180432,1.5180432,1.7285385,-0.0415205,-0.0324669,-0.1018872,-0.0085910,-0.0740974,-0.0415205,-0.0415205,-0.0489461,-0.0309561
1.5230432,1.5230432,1.7335385,-0.0410114,-0.0320688,-0.1006378,-0.0084856,-0.0731888,-0.0410114,-0.0410114,-0.0483459,-0.0305766
1.5280432,1.5280432,1.7385385,-0.0405097,-0.0316765,-0.0994067,-0.0083818,-0.0722935,-0.0405097,-0.0405097,-0.0477545,-0.0302025
1.5330432,1.5330432,1.7435385,-0.0400153,-0.0312899,-0.0981934,-0.0082795,-0.0714112,-0.0400153,-0.0400153,-0.0471716,-0.0298339
1.5380432,1.5380432,1.7485385,-0.0395280,-0.0309089,-0.0969977,-0.0081787,-0.0705416,-0.0395280,-0.0395280,-0.0465972,-0.0294706
1.5430432,1.5430432,1.7535385,-0.0390478,-0.0305334,-0.0958193,-0.0080793,-0.0696846,-0.0390478,-0.0390478,-0.0460311,-0.0291125
1.5480432,1.5480432,1.7585385,-0.0385745,-0.0301633,-0.0946578,-0.0079814,-0.0688399,-0.0385745,-0.0385745,-0.0454731,-0.0287597
1.5530432,1.5530432,1.7635385,-0.0381080,-0.0297985,-0.0935131,-0.0078849,-0.0680074,-0.0381080,-0.0381080,-0.0449232,-0.0284119
1.5580432,1.5580432,1.7685385,-0.0376481,-0.0294389,-0.0923847,-0.0077897,-0.0671868,-0.0376481,-0.0376481,-0.0443811,-0.0280690
1.5630432,1.5630432,1.7735385,-0.0371949,-0.0290845,-0.0912725,-0.0076959,-0.0663779,-0.0371949,-0.0371949,-0.0438468,-0.0277311
1.5680432,1.5680432,1.7785385,-0.0367481,-0.0287351,-0.0901761,-0.0076035,-0.0655806,-0.0367481,-0.0367481,-0.0433201,-0.0273980
1.5730432,1.5730432,1.7835385,-0.0363077,-0.0283907,-0.0890954,-0.0075124,-0.0647946,-0.0363077,-0.0363077,-0.0428009,-0.0270696
1.5780432,1.5780432,1.7885385,-0.0358735,-0.0280512,-0.0880300,-0.0074225,-0.0640198,-0.0358735,-0.0358735,-0.0422891,-0.0267459
1.5830432,1.5830432,1.7935385,-0.0354455,-0.0277166,-0.0869796,-0.0073340,-0.0632560,-0.0354455,-0.0354455,-0.0417846,-0.0264268
1.5880432,1.5880432,1.7985385,-0.0350235,-0.0273866,-0.0859442,-0.0072467,-0.0625029,-0.0350235,-0.0350235,-0.0412871,-0.0261122
1.5930432,1.5930432,1.8035385,-0.0346075,-0.0270613,-0.0849233,-0.0071606,-0.0617605,-0.0346075,-0.0346075,-0.0407967,-0.0258020
1.5980432,1.5980432,1.8085385,-0.0341973,-0.0267406,-0.0839168,-0.0070757,-0.0610285,-0.0341973,-0.0341973,-0.0403132,-0.0254962
1.6030432,1.6030432,1.8135385,-0.0337929,-0.0264243,-0.0829244,-0.0069920,-0.0603068,-0.0337929,-0.0337929,-0.0398364,-0.0251947
1.6080432,1.6080432,1.8185385,-0.0333942,-0.0261125,-0.0819459,-0.0069095,-0.0595952,-0.0333942,-0.0333942,-0.0393664,-0.0248974
1.6130432,1.6130432,1.8235385,-0.0330010,-0.0258051,-0.0809810,-0.0068282,-0.0588935,-0.0330010,-0.0330010,-0.0389028,-0.0246043
1.6180432,1.6180432,1.8285385,-0.0326133,-0.0255019,-0.0800296,-0.0067480,-0.0582016,-0.0326133,-0.0326133,-0.0384458,-0.0243152
1.6230432,1.6230432,1.8335385,-0.0322309,-0.0252029,-0.0790914,-0.0066689,-0.0575193,-0.0322309,-0.0322309,-0.0379951,-0.0240302
1.6280432,1.6280432,1.8385385,-0.0318539,-0.0249081,-0.0781663,-0.0065908,-0.0568465,-0.0318539,-0.0318539,-0.0375507,-0.0237491
1.6330432,1.6330432,1.8435385,-0.0314821,-0.0246174,-0.0772539,-0.0065139,-0.0561830,-0.0314821,-0.0314821,-0.0371124,-0.0234719
1.6380432,1.6380432,1.8485385,-0.0311154,-0.0243307,-0.0763541,-0.0064381,-0.0555286,-0.0311154,-0.0311154,-0.0366801,-0.0231985
1.6430432,1.6430432,1.8535385,-0.0307538,-0.0240479,-0.0754668,-0.0063632,-0.0548833,-0.0307538,-0.0307538,-0.0362538,-0.0229289
1.6480432,1.6480432,1.8585385,-0.0303972,-0.0237690,-0.0745916,-0.0062894,-0.0542468,-0.0303972,-0.0303972,-0.0358334,-0.0226630
1.6530432,1.6530432,1.8635385,-0.0300454,-0.0234940,-0.0737284,-0.0062167,-0.0536190,-0.0300454,-0.0300454,-0.0354187,-0.0224007
1.6580432,1.6580432,1.8685385,-0.0296985,-0.0232227,-0.0728770,-0.0061449,-0.0529999,-0.0296985,-0.0296985,-0.0350097,-0.0221421
1.6630432,1.6630432,1.8735385,-0.0293563,-0.0229551,-0.0720373,-0.0060741,-0.0523892,-0.0293563,-0.0293563,-0.0346063,-0.0218869
1.6680432,1.6680432,1.8785385,-0.0290187,-0.0226911,-0.0712090,-0.0060042,-0.0517868,-0.0290187,-0.0290187,-0.0342084,-0.0216353
1.6730432,1.6730432,1.8835385,-0.0286857,-0.0224308,-0.0703919,-0.0059353,-0.0511925,-0.0286857,-0.0286857,-0.0338159,-0.0213870
1.6780432,1.6780432,1.8885385,-0.0283573,-0.0221739,-0.0695859,-0.0058674,-0.0506064,-0.0283573,-0.0283573,-0.0334287,-0.0211421
1.6830432,1.6830432,1.8935385,-0.0280333,-0.0219206,-0.0687908,-0.0058003,-0.0500282,-0.0280333,-0.0280333,-0.0330467,-0.0209006
1.6880432,1.6880432,1.8985385,-0.0277136,-0.0216706,-0.0680064,-0.0057342,-0.0494577,-0.0277136,-0.0277136,-0.0326699,-0.0206622
1.6930432,1.6930432,1.9035385,-0.0273983,-0.0214241,-0.0672327,-0.0056689,-0.0488950,-0.0273983,-0.0273983,-0.0322982,-0.0204271
1.6980432,1.6980432,1.9085385,-0.0270872,-0.0211808,-0.0664693,-0.0056046,-0.0483398,-0.0270872,-0.0270872,-0.0319315,-0.0201952
1.7030432,1.7030432,1.9135385,-0.0267803,-0.0209408,-0.0657161,-0.0055411,-0.0477921,-0.0267803,-0.0267803,-0.0315696,-0.0199664
1.7080432,1.7080432,1.9185385,-0.0264775,-0.0207040,-0.0649730,-0.0054784,-0.0472517,-0.0264775,-0.0264775,-0.0312127,-0.0197406
1.7130432,1.7130432,1.9235385,-0.0261787,-0.0204704,-0.0642398,-0.0054166,-0.0467185,-0.0261787,-0.0261787,-0.0308605,-0.0195178
1.7180432,1.7180432,1.9285385,-0.0258839,-0.0202399,-0.0635164,-0.0053556,-0.0461924,-0.0258839,-0.0258839,-0.0305129,-0.0192981
1.7230432,1.7230432,1.9335385,-0.0255930,-0.0200124,-0.0628026,-0.0052954,-0.0456733,-0.0255930,-0.0255930,-0.0301700,-0.0190812
1.7280432,1.7280432,1.9385385,-0.0253060,-0.0197880,-0.0620983,-0.0052360,-0.0451611,-0.0253060,-0.0253060,-0.0298317,-0.0188672
1.7330432,1.7330432,1.9435385,-0.0250228,-0.0195665,-0.0614033,-0.0051774,-0.0446556,-0.0250228,-0.0250228,-0.0294978,-0.0186560
1.7380432,1.7380432,1.9485385,-0.0247433,-0.0193480,-0.0607175,-0.0051196,-0.0441569,-0.0247433,-0.0247433,-0.0291683,-0.0184477
1.7430432,1.7430432,1.9535385,-0.0244675,-0.0191323,-0.0600407,-0.0050625,-0.0436647,-0.0244675,-0.0244675,-0.0288432,-0.0182420
1.7480432,1.7480432,1.9585385,-0.0241953,-0.0189195,-0.0593728,-0.0050062,-0.0431789,-0.0241953,-0.0241953,-0.0285224,-0.0180391
1.7530432,1.7530432,1.9635385,-0.0239267,-0.0187094,-0.0587137,-0.0049506,-0.0426996,-0.0239267,-0.0239267,-0.0282057,-0.0178388
1.7580432,1.7580432,1.9685385,-0.0236616,-0.0185021,-0.0580632,-0.0048958,-0.0422265,-0.0236616,-0.0236616,-0.0278932,-0.0176412
1.7630432,1.7630432,1.9735385,-0.0234000,-0.0182976,-0.0574212,-0.0048417,-0.0417596,-0.0234000,-0.0234000,-0.0275848,-0.0174461
1.7680432,1.7680432,1.9785385,-0.0231418,-0.0180957,-0.0567876,-0.0047882,-0.0412988,-0.0231418,-0.0231418,-0.0272804,-0.0172536
1.7730432,1.7730432,1.9835385,-0.0228869,-0.0178964,-0.0561622,-0.0047355,-0.0408440,-0.0228869,-0.0228869,-0.0269800,-0.0170636
1.7780432,1.7780432,1.9885385,-0.0226354,-0.0176997,-0.0555449,-0.0046834,-0.0403951,-0.0226354,-0.0226354,-0.0266835,-0.0168761
1.7830432,1.7830432,1.9935385,-0.0223871,-0.0175055,-0.0549356,-0.0046321,-0.0399520,-0.0223871,-0.0223871,-0.0263908,-0.0166910
1.7880432,1.7880432,1.9985385,-0.0221420,-0.0173139,-0.0543342,-0.0045814,-0.0395146,-0.0221420,-0.0221420,-0.0261019,-0.0165082
1.7930432,1.7930432,2.0035385,-0.0219001,-0.0171247,-0.0537406,-0.0045313,-0.0390829,-0.0219001,-0.0219001,-0.0258167,-0.0163279
1.7980432,1.7980432,2.0085385,-0.0216613,-0.0169380,-0.0531546,-0.0044819,-0.0386567,-0.0216613,-0.0216613,-0.0255352,-0.0161498
1.8030432,1.8030432,2.0135385,-0.0214255,-0.0167537,-0.0525761,-0.0044331,-0.0382361,-0.0214255,-0.0214255,-0.0252573,-0.0159741
1.8080432,1.8080432,2.0185385,-0.0211928,-0.0165717,-0.0520051,-0.0043850,-0.0378208,-0.0211928,-0.0211928,-0.0249829,-0.0158006
1.8130432,1.8130432,2.0235385,-0.0209631,-0.0163921,-0.0514413,-0.0043374,-0.0374108,-0.0209631,-0.0209631,-0.0247121,-0.0156293
1.8180432,1.8180432,2.0285385,-0.0207363,-0.0162147,-0.0508848,-0.0042905,-0.0370060,-0.0207363,-0.0207363,-0.0244448,-0.0154602
1.8230432,1.8230432,2.0335385,-0.0205124,-0.0160396,-0.0503353,-0.0042442,-0.0366064,-0.0205124,-0.0205124,-0.0241808,-0.0152933
1.8280432,1.8280432,2.0385385,-0.0202913,-0.0158668,-0.0497929,-0.0041984,-0.0362119,-0.0202913,-0.0202913,-0.0239202,-0.0151285
1.8330432,1.8330432,2.0435385,-0.0200731,-0.0156961,-0.0492573,-0.0041533,-0.0358224,-0.0200731,-0.0200731,-0.0236629,-0.0149657
1.8380432,1.8380432,2.0485385,-0.0198576,-0.0155276,-0.0487285,-0.0041087,-0.0354378,-0.0198576,-0.0198576,-0.0234089,-0.0148051
1.8430432,1.8430432,2.0535385,-0.0196448,-0.0153612,-0.0482064,-0.0040647,-0.0350581,-0.0196448,-0.0196448,-0.0231581,-0.0146464
1.8480432,1.8480432,2.0585385,-0.0194347,-0.0151969,-0.0476908,-0.0040212,-0.0346832,-0.0194347,-0.0194347,-0.0229104,-0.0144898
1.8530432,1.8530432,2.0635385,-0.0192273,-0.0150347,-0.0471818,-0.0039783,-0.0343130,-0.0192273,-0.0192273,-0.0226659,-0.0143351
1.8580432,1.8580432,2.0685385,-0.0190224,-0.0148746,-0.0466791,-0.0039359,-0.0339475,-0.0190224,-0.0190224,-0.0224244,-0.0141824
1.8630432,1.8630432,2.0735385,-0.0188202,-0.0147164,-0.0461828,-0.0038940,-0.0335865,-0.0188202,-0.0188202,-0.0221859,-0.0140316
1.8680432,1.8680432,2.0785385,-0.0186204,-0.0145602,-0.0456927,-0.0038527,-0.0332301,-0.0186204,-0.0186204,-0.0219505,-0.0138827
1.8730432,1.8730432,2.0835385,-0.0184232,-0.0144060,-0.0452087,-0.0038119,-0.0328781,-0.0184232,-0.0184232,-0.0217180,-0.0137356
1.8780432,1.8780432,2.0885385,-0.0182284,-0.0142537,-0.0447307,-0.0037716,-0.0325304,-0.0182284,-0.0182284,-0.0214884,-0.0135904
1.8830432,1.8830432,2.0935385,-0.0180360,-0.0141032,-0.0442586,-0.0037318,-0.0321872,-0.0180360,-0.0180360,-0.0212616,-0.0134470
1.8880432,1.8880432,2.0985385,-0.0178461,-0.0139547,-0.0437925,-0.0036925,-0.0318481,-0.0178461,-0.0178461,-0.0210376,-0.0133054
1.8930432,1.8930432,2.1035385,-0.0176584,-0.0138080,-0.0433321,-0.0036537,-0.0315133,-0.0176584,-0.0176584,-0.0208165,-0.0131655
1.8980432,1.8980432,2.1085385,-0.0174731,-0.0136631,-0.0428774,-0.0036153,-0.0311826,-0.0174731,-0.0174731,-0.0205980,-0.0130273
1.9030432,1.9030432,2.1135385,-0.0172901,-0.0135200,-0.0424283,-0.0035775,-0.0308560,-0.0172901,-0.0172901,-0.0203823,-0.0128909
1.9080432,1.9080432,2.1185385,-0.0171094,-0.0133786,-0.0419847,-0.0035401,-0.0305334,-0.0171094,-0.0171094,-0.0201692,-0.0127561
1.9130432,1.9130432,2.1235385,-0.0169308,-0.0132390,-0.0415466,-0.0035031,-0.0302148,-0.0169308,-0.0169308,-0.0199587,-0.0126230
1.9180432,1.9180432,2.1285385,-0.0167545,-0.0131011,-0.0411138,-0.0034666,-0.0299001,-0.0167545,-0.0167545,-0.0197508,-0.0124915
1.9230432,1.9230432,2.1335385,-0.0165803,-0.0129649,-0.0406864,-0.0034306,-0.0295892,-0.0165803,-0.0165803,-0.0195455,-0.0123617
1.9280432,1.9280432,2.1385385,-0.0164082,-0.0128304,-0.0402642,-0.0033950,-0.0292822,-0.0164082,-0.0164082,-0.0193427,-0.0122334
1.9330432,1.9330432,2.1435385,-0.0162383,-0.0126975,-0.0398471,-0.0033598,-0.0289789,-0.0162383,-0.0162383,-0.0191423,-0.0121067
1.9380432,1.9380432,2.1485385,-0.0160704,-0.0125662,-0.0394351,-0.0033251,-0.0286793,-0.0160704,-0.0160704,-0.0189444,-0.0119815
1.9430432,1.9430432,2.1535385,-0.0159045,-0.0124365,-0.0390282,-0.0032908,-0.0283833,-0.0159045,-0.0159045,-0.0187489,-0.0118578
1.9480432,1.9480432,2.1585385,-0.0157407,-0.0123084,-0.0386261,-0.0032569,-0.0280909,-0.0157407,-0.0157407,-0.0185558,-0.0117357
1.9530432,1.9530432,2.1635385,-0.0155789,-0.0121819,-0.0382289,-0.0032234,-0.0278021,-0.0155789,-0.0155789,-0.0183650,-0.0116150
1.9580432,1.9580432,2.1685385,-0.0154190,-0.0120568,-0.0378366,-0.0031903,-0.0275167,-0.0154190,-0.0154190,-0.0181765,-0.0114958
1.9630432,1.9630432,2.1735385,-0.0152610,-0.0119333,-0.0374489,-0.0031576,-0.0272348,-0.0152610,-0.0152610,-0.0179902,-0.0113780
1.9680432,1.9680432,2.1785385,-0.0151049,-0.0118113,-0.0370659,-0.0031253,-0.0269563,-0.0151049,-0.0151049,-0.0178063,-0.0112617
1.9730432,1.9730432,2.1835385,-0.0149507,-0.0116907,-0.0366876,-0.0030934,-0.0266811,-0.0149507,-0.0149507,-0.0176245,-0.0111467
1.9780432,1.9780432,2.1885385,-0.0147984,-0.0115716,-0.0363137,-0.0030619,-0.0264092,-0.0147984,-0.0147984,-0.0174449,-0.0110331
1.9830432,1.9830432,2.1935385,-0.0146479,-0.0114539,-0.0359444,-0.0030308,-0.0261406,-0.0146479,-0.0146479,-0.0172675,-0.0109209
1.9880432,1.9880432,2.1985385,-0.0144991,-0.0113376,-0.0355794,-0.0030000,-0.0258752,-0.0144991,-0.0144991,-0.0170921,-0.0108100
1.9930432,1.9930432,2.2035385,-0.0143522,-0.0112227,-0.0352188,-0.0029696,-0.0256129,-0.0143522,-0.0143522,-0.0169189,-0.0107004
1.9980432,1.9980432,2.2085385,-0.0142070,-0.0111091,-0.0348625,-0.0029395,-0.0253538,-0.0142070,-0.0142070,-0.0167477,-0.0105922
