# r[nm],d[nm],daligned[nm],UC(d)[kJ/mol],UK(d)[kJ/mol],UCl(d)[kJ/mol],UC2A(d)[kJ/mol],UC4A(d)[kJ/mol],UCPlus(d)[kJ/mol],UCMinus(d)[kJ/mol],UCMoreLJ(d)[kJ/mol],UCLessLJ(d)[kJ/mol]
-0.9175600,-0.9175600,-0.9106453,25956.6303031,15569.3113015,120881.3162411,925.3375821,84353.4609765,25956.6303031,25956.6303031,30598.6829885,19352.3063290
-0.9125600,-0.9125600,-0.9056453,26429.2062493,15855.8049924,123045.4354331,944.8344964,85864.8304782,26429.2062493,26429.2062493,31155.7738511,19704.6415269
-0.9075600,-0.9075600,-0.9006453,27855.0194012,16720.2055778,129574.6026222,1003.6736078,90424.6531563,27855.0194012,27855.0194012,32836.5777199,20767.6752320
-0.9025600,-0.9025600,-0.8956453,30245.9878514,18169.7907747,140522.7604318,1102.3907271,98070.6224354,30245.9878514,30245.9878514,35655.1441051,22550.2931347
-0.8975600,-0.8975600,-0.8906453,33618.7737005,20214.7451676,155965.2028414,1241.7437619,108855.3554687,33618.7737005,33618.7737005,39631.1149371,25064.9178826
-0.8925600,-0.8925600,-0.8856453,37753.6624239,22719.7471767,174921.4384931,1412.3672134,122093.2445393,37753.6624239,37753.6624239,44505.4822091,28147.7384290
-0.8875600,-0.8875600,-0.8806453,39909.8872017,24027.2867328,184791.4031782,1501.5597845,128986.3361817,39909.8872017,39909.8872017,47047.3236445,29755.3401063
-0.8825600,-0.8825600,-0.8756453,42136.8230488,25380.8974794,194946.4319277,1597.5332822,136079.8016428,42136.8230488,42136.8230488,49672.5220322,31415.6613493
-0.8775600,-0.8775600,-0.8706453,38752.8549631,23328.7802942,179457.4228716,1454.9380471,125262.3928380,38752.8549631,38752.8549631,45683.3691456,28892.6995381
-0.8725600,-0.8725600,-0.8656453,36505.0980909,21967.3809213,169148.5720018,1365.5929707,118063.4510070,36505.0980909,36505.0980909,43033.6261257,27216.8549067
-0.8675600,-0.8675600,-0.8606453,32454.8774161,19524.5793512,150448.5575670,1210.3052405,105008.8848518,32454.8774161,32454.8774161,38259.0688348,24197.1597350
-0.8625600,-0.8625600,-0.8556453,26655.8084455,16010.0370554,123879.2240918,969.5812622,86453.9266318,26655.8084455,26655.8084455,31422.9013127,19873.5877678
-0.8575600,-0.8575600,-0.8506453,21729.3191995,13035.6476664,101170.7729328,777.3762765,70599.8181275,21729.3191995,21729.3191995,25615.3646285,16200.5790644
-0.8525600,-0.8525600,-0.8456453,16617.2204816,9938.9388426,77730.8374535,567.5248091,54230.9079756,16617.2204816,16617.2204816,19589.0242966,12389.1867835
-0.8475600,-0.8475600,-0.8406453,13158.5057759,7844.2669892,61866.1507819,428.6798503,43152.2476972,13158.5057759,13158.5057759,15511.7571941,9810.4966490
-0.8425600,-0.8425600,-0.8356453,10867.2204031,6457.3713680,51347.1699168,337.0532715,35806.9159396,10867.2204031,10867.2204031,12810.7010886,8102.1987727
-0.8375600,-0.8375600,-0.8306453,9354.9878946,5542.5506182,44398.4155970,276.9549065,30954.8582316,9354.9878946,9354.9878946,11028.0227289,6974.7339823
-0.8325600,-0.8325600,-0.8256453,8369.7553208,4946.8760982,39867.1397460,238.0829859,27790.9724684,8369.7553208,8369.7553208,9866.5923412,6240.1809085
-0.8275600,-0.8275600,-0.8206453,7748.6572087,4571.5573880,37008.1812331,213.7544980,25794.8335688,7748.6572087,7748.6572087,9134.4177864,5777.1130609
-0.8225600,-0.8225600,-0.8156453,7389.1724834,4354.4221401,35352.2975350,199.7603866,24638.7255676,7389.1724834,7389.1724834,8710.6432432,5509.0945067
-0.8175600,-0.8175600,-0.8106453,7231.8163662,4259.4035129,34627.1425190,193.6601244,24132.4464174,7231.8163662,7231.8163662,8525.1457464,5391.7755887
-0.8125600,-0.8125600,-0.8056453,7250.4693980,4270.6666432,34713.1074131,194.3828854,24192.4640911,7250.4693980,7250.4693980,8547.1346641,5405.6826014
-0.8075600,-0.8075600,-0.8006453,7448.2307766,4390.0903468,35624.3851622,202.0556966,24828.6905899,7448.2307766,7448.2307766,8780.2634509,5553.1261922
-0.8025600,-0.8025600,-0.7956453,7857.9069565,4637.5638447,37511.2016606,218.0237107,26146.0403917,7857.9069565,7857.9069565,9263.2056283,5858.5656440
-0.7975600,-0.7975600,-0.7906453,8547.2396992,5054.1618209,40683.6892392,245.0667217,28361.1053924,8547.2396992,8547.2396992,10075.8178133,6372.5067158
-0.7925600,-0.7925600,-0.7856453,9629.9978156,5708.8809223,45662.5320101,287.8557684,31837.5293562,9629.9978156,9629.9978156,11352.2150948,7179.7712376
-0.7875600,-0.7875600,-0.7806453,11285.3695443,6710.4184768,53267.5015992,353.7402985,37147.8481694,11285.3695443,11285.3695443,13303.6315215,8413.9553519
-0.7825600,-0.7825600,-0.7756453,13790.0572198,8226.6681481,64763.9644584,454.0105856,45175.8226518,13790.0572198,13790.0572198,16256.2545420,10281.3581153
-0.7775600,-0.7775600,-0.7706453,17570.6663535,10516.5461850,82101.9948741,605.8326951,57283.4560145,17570.6663535,17570.6663535,20712.9832867,13100.0408646
-0.7725600,-0.7725600,-0.7656453,23121.8526122,13879.6439269,107550.3071019,834.9513536,75055.0483588,23121.8526122,23121.8526122,27256.9370494,17238.8006232
-0.7675600,-0.7675600,-0.7606453,27743.9218630,16668.6873708,128874.3092658,1013.4847904,89941.9699919,27743.9218630,27743.9218630,32705.6116310,20684.8450046
-0.7625600,-0.7625600,-0.7556453,34069.3874669,20503.5504431,157839.7259687,1277.2617020,110170.7793784,34069.3874669,34069.3874669,40162.3159299,25400.8788892
-0.7575600,-0.7575600,-0.7506453,36875.7042080,22191.9568852,170846.9355410,1380.5333844,119249.5076046,36875.7042080,36875.7042080,43470.5109971,27493.1651604
-0.7525600,-0.7525600,-0.7456453,39291.4463215,23655.3310032,181923.4189769,1478.6856575,126984.6005074,39291.4463215,39291.4463215,46318.2815378,29294.2533929
-0.7475600,-0.7475600,-0.7406453,42305.0677427,25480.0383346,195751.4361160,1601.6564988,136640.8459211,42305.0677427,42305.0677427,49870.8554057,31541.0983886
-0.7425600,-0.7425600,-0.7356453,39381.1442483,23706.6203614,182371.5490191,1478.9589882,127296.3182138,39381.1442483,39381.1442483,46424.0209343,29361.1288592
-0.7375600,-0.7375600,-0.7306453,36955.6899369,22238.0974314,171241.6488088,1379.9423934,119524.2183568,36955.6899369,36955.6899369,43564.8012779,27552.7995702
-0.7325600,-0.7325600,-0.7256453,32806.3286071,19722.1564250,152245.3283453,1208.1817992,106257.4618696,32806.3286071,32806.3286071,38673.3731359,24459.1887822
-0.7275600,-0.7275600,-0.7206453,29647.1193579,17806.7231062,137780.4238747,1077.6763348,96155.4353753,29647.1193579,29647.1193579,34949.1746871,22103.7988709
-0.7225600,-0.7225600,-0.7156453,27465.9394041,16484.3421602,127792.7026426,987.6332975,89180.2212520,27465.9394041,27465.9394041,32377.9151220,20477.5915346
-0.7175600,-0.7175600,-0.7106453,26246.8102468,15745.2496472,122209.9259292,937.3283005,85281.3385752,26246.8102468,26246.8102468,30940.7583658,19568.6537938
-0.7125600,-0.7125600,-0.7056453,25979.2841566,15583.0664926,120984.7967885,926.2923491,84425.7380282,25979.2841566,25979.2841566,30625.3882300,19369.1962067
-0.7075600,-0.7075600,-0.7006453,26660.9207842,15996.3031247,124106.2624991,954.4163047,86605.6965642,26660.9207842,26660.9207842,31428.9279359,19877.3993390
-0.7025600,-0.7025600,-0.6956453,28297.8328899,16988.6910205,131602.0051715,1021.9738215,91840.5570709,28297.8328899,28297.8328899,33358.5834428,21097.8206392
-0.6975600,-0.6975600,-0.6906453,30903.2974597,18568.3389156,143532.1031960,1129.5629103,100172.3009529,30903.2974597,30903.2974597,36430.0061766,23040.3589384
-0.6925600,-0.6925600,-0.6856453,34494.4430850,20745.7202286,159973.9138732,1277.9658625,111654.9887692,34494.4430850,34494.4430850,40663.3879859,25717.7846829
-0.6875600,-0.6875600,-0.6806453,38155.9955540,22963.7530368,176762.7249624,1428.5107218,123379.1940653,38155.9955540,38155.9955540,44979.7681145,28447.7031736
-0.6825600,-0.6825600,-0.6756453,40510.6640612,24391.6941987,187540.2667665,1526.7678580,130906.1553123,40510.6640612,40510.6640612,47755.5427182,30203.2571774
-0.6775600,-0.6775600,-0.6706453,41189.9887334,24806.6632294,190613.2340128,1557.9814288,133053.5075117,41189.9887334,41189.9887334,48556.3570015,30709.7366010
-0.6725600,-0.6725600,-0.6656453,38226.7915740,23010.3919886,177041.9329849,1432.3950367,123575.6863549,38226.7915740,38226.7915740,45063.2252099,28500.4860753
-0.6675600,-0.6675600,-0.6606453,36210.4621145,21788.9373558,167797.1829537,1353.5572606,117119.7439642,36210.4621145,36210.4621145,42686.2978041,26997.1851882
-0.6625600,-0.6625600,-0.6556453,30964.2702752,18620.8709743,143623.0009787,1148.3565593,100242.0598855,30964.2702752,30964.2702752,36501.8832974,23085.8180211
-0.6575600,-0.6575600,-0.6506453,25636.8599442,15392.5330518,119210.3587001,928.7790555,83193.3912188,25636.8599442,25636.8599442,30221.7252814,19113.8973418
-0.6525600,-0.6525600,-0.6456453,20434.9957291,12251.3041502,95239.6020976,723.5528375,66457.7602262,20434.9957291,20434.9957291,24089.5658983,15235.5792167
-0.6475600,-0.6475600,-0.6406453,15730.3303490,9401.7520423,73663.5963663,531.9182705,51390.6368872,15730.3303490,15730.3303490,18543.5237946,11727.9542073
-0.6425600,-0.6425600,-0.6356453,12571.6086780,7488.9879599,59172.2113518,405.1680613,41271.0742261,12571.6086780,12571.6086780,14819.9001219,9372.9278163
-0.6375600,-0.6375600,-0.6306453,10479.7052359,6222.9349397,49566.6497170,321.6037980,34563.6405358,10479.7052359,10479.7052359,12353.8831728,7813.2817547
-0.6325600,-0.6325600,-0.6256453,9101.6111662,5389.3678744,43232.9710321,266.9123706,30141.1103669,9101.6111662,9101.6111662,10729.3324098,6785.8256376
-0.6275600,-0.6275600,-0.6206453,8208.1914592,4849.2711247,39123.1445714,231.7148651,27271.5215026,8208.1914592,8208.1914592,9676.1345920,6119.7248514
-0.6225600,-0.6225600,-0.6156453,7651.8650842,4513.1303217,36561.8815449,209.9528786,25483.2500934,7651.8650842,7651.8650842,9020.3154742,5704.9484224
-0.6175600,-0.6175600,-0.6106453,7340.7615367,4325.2345775,35128.6562149,197.8545848,24482.6047068,7340.7615367,7340.7615367,8653.5745407,5473.0010902
-0.6125600,-0.6125600,-0.6056453,7223.3553708,4254.3439927,34587.5510694,193.3061917,24104.8248607,7223.3553708,7223.3553708,8515.1715967,5385.4673825
-0.6075600,-0.6075600,-0.6006453,7280.1445123,4288.6356640,34849.2580688,195.5081813,24287.5399405,7280.1445123,7280.1445123,8582.1168403,5427.8072722
-0.6025600,-0.6025600,-0.5956453,7520.5637951,4433.8292628,35956.9842427,204.8473095,25060.9246753,7520.5637951,7520.5637951,8865.5324198,5607.0550233
-0.5975600,-0.5975600,-0.5906453,7984.4735690,4714.0910677,38093.2495176,222.9583727,26552.4472176,7984.4735690,7984.4735690,9412.4072622,5952.9290427
-0.5925600,-0.5925600,-0.5856453,8748.5410090,5175.9094444,41609.0260499,252.9882964,29007.2221386,8748.5410090,8748.5410090,10313.1196083,6522.5895488
-0.5875600,-0.5875600,-0.5806453,9938.8913691,5895.7786195,47081.5029825,300.1158910,32828.3576490,9938.8913691,9938.8913691,11716.3508017,7410.0708798
-0.5825600,-0.5825600,-0.5756453,11752.8262308,6993.3903501,55413.2379714,372.4292381,38646.2108484,11752.8262308,11752.8262308,13854.6876022,8762.4738186
-0.5775600,-0.5775600,-0.5706453,14494.5798433,8653.3542681,67995.3742166,482.3172897,47432.3921609,14494.5798433,14494.5798433,17086.7731480,10806.6242021
-0.5725600,-0.5725600,-0.5656453,18631.1116367,11158.7024534,86966.9960133,648.5885452,60680.7644597,18631.1116367,18631.1116367,21963.0773346,13890.6697608
-0.5675600,-0.5675600,-0.5606453,24235.0591775,14543.1359955,112785.7553206,872.2294561,78706.7734028,24235.0591775,24235.0591775,28569.2281440,18068.7663856
-0.5625600,-0.5625600,-0.5556453,28904.0503549,17371.9582094,134187.5413224,1062.4414771,93652.5876193,28904.0503549,28904.0503549,34073.2161133,21549.7940250
-0.5575600,-0.5575600,-0.5506453,35885.2238212,21594.2990231,166150.5809439,1340.6332024,115975.0368370,35885.2238212,35885.2238212,42302.8942838,26754.6995108
-0.5525600,-0.5525600,-0.5456453,37339.1153704,22472.8892826,172969.1489291,1398.9545430,120731.6089701,37339.1153704,37339.1153704,44016.7980569,27838.6674335
-0.5475600,-0.5475600,-0.5406453,39945.2507745,24051.8544488,184915.4973254,1506.2509079,129074.2624001,39945.2507745,39945.2507745,47089.0115963,29781.7058821
-0.5425600,-0.5425600,-0.5356453,41564.3178812,25030.8256241,192360.9525137,1570.7569815,134272.9554702,41564.3178812,41564.3178812,48997.6307259,30988.8226091
-0.5375600,-0.5375600,-0.5306453,38904.4161032,23417.5767795,180188.8103872,1457.9383760,125771.9321629,38904.4161032,38904.4161032,45862.0352986,29005.6979349
-0.5325600,-0.5325600,-0.5256453,35958.4788010,21633.5109162,166675.4793847,1338.6787848,116335.2983047,35958.4788010,35958.4788010,42389.2500965,26809.3157223
-0.5275600,-0.5275600,-0.5206453,32026.9948261,19249.7210539,148676.1161320,1176.0594971,103764.8195046,32026.9948261,32026.9948261,37754.6642346,23878.1462552
-0.5225600,-0.5225600,-0.5156453,29084.4767793,17465.6945188,135203.0426670,1054.5283182,94355.4804873,29084.4767793,29084.4767793,34285.9097834,21684.3133133
-0.5175600,-0.5175600,-0.5106453,27116.1931985,16272.4004205,126190.0086104,973.2866217,88060.9731874,27116.1931985,27116.1931985,31965.6207237,20216.8336616
-0.5125600,-0.5125600,-0.5056453,26107.0719604,15660.6309138,121568.8458858,931.6530789,84833.6621891,26107.0719604,26107.0719604,30776.0294516,19464.4700807
-0.5075600,-0.5075600,-0.5006453,26048.2814727,15624.9942317,121299.5672561,929.2317479,84645.6061447,26048.2814727,26048.2814727,30706.7249434,19420.6380611
-0.5025600,-0.5025600,-0.4956453,26939.2835912,16165.1619047,125379.7352649,965.9985708,87495.1018950,26939.2835912,26939.2835912,31757.0728141,20084.9363825
-0.4975600,-0.4975600,-0.4906453,28787.9536122,17285.9416593,133845.0098562,1042.3064155,93407.0669757,28787.9536122,28787.9536122,33936.3567682,21463.2365751
-0.4925600,-0.4925600,-0.4856453,31608.7665378,18996.1755139,146760.8709623,1158.8086996,102427.2579227,31608.7665378,31608.7665378,37261.6405000,23566.3306669
-0.4875600,-0.4875600,-0.4806453,35417.7380174,21305.6698021,164199.4870456,1316.3013795,114606.1146078,35417.7380174,35417.7380174,41751.8038785,26406.1593354
-0.4825600,-0.4825600,-0.4756453,38621.0151699,23245.8774582,178889.6801247,1446.8827349,124864.6944494,38621.0151699,38621.0151699,45527.9512816,28794.4046502
-0.4775600,-0.4775600,-0.4706453,41165.8876479,24789.2209903,190537.1139264,1554.3449125,132999.2053021,41165.8876479,41165.8876479,48527.9457066,30691.7677204
-0.4725600,-0.4725600,-0.4656453,40358.0713609,24302.2548858,186804.3664763,1523.6605125,130393.4573332,40358.0713609,40358.0713609,47575.6605221,30089.4896873
-0.4675600,-0.4675600,-0.4606453,37638.5525591,22654.4775854,174339.6933629,1410.6219961,121688.7880680,37638.5525591,37638.5525591,44369.7862339,28061.9167588
-0.4625600,-0.4625600,-0.4556453,35980.7183296,21649.9736197,166741.2720844,1344.6177496,116382.4482041,35980.7183296,35980.7183296,42415.4669157,26825.8966946
-0.4575600,-0.4575600,-0.4506453,29609.6952831,17799.7999756,137418.3414613,1092.1136843,95908.9230427,29609.6952831,29609.6952831,34905.0577357,22075.8968609
-0.4525600,-0.4525600,-0.4456453,24713.9826230,14833.4366920,114979.4393993,891.7667735,80238.7737487,24713.9826230,24713.9826230,29133.8016851,18425.8340449
-0.4475600,-0.4475600,-0.4406453,19254.1046077,11535.8790063,89826.0539990,674.5366086,62677.2587888,19254.1046077,19254.1046077,22697.4856227,14355.1503453
-0.4425600,-0.4425600,-0.4356453,14920.1879755,8911.2305977,69946.1464298,499.5418235,48794.7072572,14920.1879755,14920.1879755,17588.4965291,11123.9419300
-0.4375600,-0.4375600,-0.4306453,12034.4528353,7163.9860439,56704.5810937,383.8545038,39547.9989320,12034.4528353,12034.4528353,14186.6799714,8972.4442291
-0.4325600,-0.4325600,-0.4256453,10124.4067970,6008.1455221,47932.2600079,307.6728441,33422.4659759,10124.4067970,10124.4067970,11935.0435866,7548.3843414
-0.4275600,-0.4275600,-0.4206453,8869.0330315,5248.9094615,42161.3755045,257.9446930,29392.9509903,8869.0330315,8869.0330315,10455.1602798,6612.4239573
-0.4225600,-0.4225600,-0.4156453,8060.0460922,4759.9187874,38439.1728416,226.1367643,26794.0370033,8060.0460922,8060.0460922,9501.4950850,6009.2731291
-0.4175600,-0.4175600,-0.4106453,7563.8865701,4460.1681475,36154.4703054,206.7659160,25198.8744830,7563.8865701,7563.8865701,8916.6029880,5639.3548867
-0.4125600,-0.4125600,-0.4056453,7298.5840395,4299.9523093,34932.0321455,196.4676008,24345.4030008,7298.5840395,7298.5840395,8603.8540705,5441.5551037
-0.4075600,-0.4075600,-0.4006453,7220.1661512,4252.6116131,34570.5143041,193.4383954,24093.0078642,7220.1661512,7220.1661512,8511.4120209,5383.0896181
-0.4025600,-0.4025600,-0.3956453,7315.5976337,4310.2436798,35010.2216778,197.1440045,24399.9994707,7315.5976337,7315.5976337,8623.9103555,5454.2398121
-0.3975600,-0.3975600,-0.3906453,7600.7216691,4482.4532054,36323.7072975,208.2338701,25317.0471160,7600.7216691,7600.7216691,8960.0256320,5666.8177781
-0.3925600,-0.3925600,-0.3856453,8122.7640806,4797.8727602,38727.2078039,228.6450307,26995.1663328,8122.7640806,8122.7640806,9575.4294834,6056.0333484
-0.3875600,-0.3875600,-0.3806453,8967.9353894,5308.7796993,42615.3565638,261.9163312,29709.9650354,8967.9353894,8967.9353894,10571.7502171,6686.1619081
-0.3825600,-0.3825600,-0.3756453,10275.7785231,6099.8104203,48626.6926494,313.7762322,33907.3999404,10275.7785231,10275.7785231,12113.4864509,7661.2415181
-0.3775600,-0.3775600,-0.3706453,12263.4560327,7302.7127058,57754.5372311,393.1180265,40281.2215004,12263.4560327,12263.4560327,14456.6378264,9143.1805679
-0.3725600,-0.3725600,-0.3656453,15265.5853382,9120.5443037,71528.8236894,513.5305097,49899.9794709,15265.5853382,15265.5853382,17995.6643424,11381.4574660
-0.3675600,-0.3675600,-0.3606453,19757.1659037,11840.8462578,92129.8728279,695.6210458,64286.1880453,19757.1659037,19757.1659037,23290.5137985,14730.2142958
-0.3625600,-0.3625600,-0.3556453,25106.0910877,15071.2019106,116774.4116771,907.7437699,81492.3615821,25106.0910877,25106.0910877,29596.0343581,18718.1756561
-0.3575600,-0.3575600,-0.3506453,30184.8707919,18148.6672676,140050.2036810,1116.2931042,97747.0232683,30184.8707919,30184.8707919,35583.0969438,22504.7265090
-0.3525600,-0.3525600,-0.3456453,36071.8706252,21705.3521512,167157.2622868,1348.4628706,116673.0136832,36071.8706252,36071.8706252,42522.9207787,26893.8564847
-0.3475600,-0.3475600,-0.3406453,37893.0817457,22808.9976247,175502.6901626,1420.3054387,122501.0840111,37893.0817457,37893.0817457,44669.8351154,28251.6843338
-0.3425600,-0.3425600,-0.3356453,40705.9065486,24513.4383892,188393.4669015,1538.3762645,131503.3733718,40705.9065486,40705.9065486,47985.7021383,30348.8227759
-0.3375600,-0.3375600,-0.3306453,40873.6761917,24612.2484517,189196.8133603,1542.3975251,132063.2426718,40873.6761917,40873.6761917,48183.4755035,30473.9056348
-0.3325600,-0.3325600,-0.3256453,38411.7595090,23119.2572041,177928.5267210,1439.0132258,124193.5439207,38411.7595090,38411.7595090,45281.2725890,28638.3913464
-0.3275600,-0.3275600,-0.3206453,35011.3096077,21059.5360922,162335.1538948,1299.7393898,113304.2129324,35011.3096077,35011.3096077,41272.6902987,26103.1413013
-0.3225600,-0.3225600,-0.3156453,31297.1410157,18807.5619861,145330.1102276,1146.2417986,101428.1719023,31297.1410157,31297.1410157,36894.2842427,23333.9941697
-0.3175600,-0.3175600,-0.3106453,28570.5239034,17154.4697095,132845.1693866,1033.6586849,92708.9401474,28570.5239034,28570.5239034,33680.0421906,21301.1290026
-0.3125600,-0.3125600,-0.3056453,26814.4656428,16089.8641504,124803.6465397,961.1987409,87092.9250834,26814.4656428,26814.4656428,31609.9325732,19991.8767231
-0.3075600,-0.3075600,-0.3006453,26014.9932984,15605.2107395,121142.3237065,928.2318959,84535.9511090,26014.9932984,26014.9932984,30667.4835520,19395.8196260
-0.3025600,-0.3025600,-0.2956453,26164.9914385,15696.1658239,121828.9793643,934.4395071,85015.5033769,26164.9914385,26164.9914385,30844.3071799,19507.6527076
-0.2975600,-0.2975600,-0.2906453,27265.8305487,16363.5659820,126869.8201274,979.8829057,88535.9187533,27265.8305487,27265.8305487,32142.0190385,20328.3977516
-0.2925600,-0.2925600,-0.2856453,29327.0612537,17613.2422545,136308.0852287,1064.9905460,95127.4110607,29327.0612537,29327.0612537,34571.8777748,21865.1753515
-0.2875600,-0.2875600,-0.2806453,32364.1763997,19454.6605275,150213.8333259,1190.4636726,104838.9372551,32364.1763997,32364.1763997,38152.1469572,24129.5364020
-0.2825600,-0.2825600,-0.2756453,36390.8311717,21896.1999017,168648.3777282,1357.1004422,117713.3577476,36390.8311717,36390.8311717,42898.9238475,27131.6617056
-0.2775600,-0.2775600,-0.2706453,39108.2900725,23541.7800492,181115.0897805,1467.5853600,126419.0685152,39108.2900725,39108.2900725,46102.3698444,29157.6988480
-0.2725600,-0.2725600,-0.2656453,41886.1229164,25226.6011129,193826.3445964,1584.6993683,135296.6267402,41886.1229164,41886.1229164,49376.9869882,31228.7485758
-0.2675600,-0.2675600,-0.2606453,39650.9935305,23874.0428901,183560.9748687,1494.5049677,128128.5293361,39650.9935305,39650.9935305,46742.1297391,29562.3185325
-0.2625600,-0.2625600,-0.2556453,37130.8578761,22347.3158599,172007.2233609,1391.3452552,120060.0973054,37130.8578761,37130.8578761,43771.2960416,27683.3983258
-0.2575600,-0.2575600,-0.2506453,35077.0516846,21115.3603287,162443.0428885,1319.5683167,113385.9997810,35077.0516846,35077.0516846,41350.1896099,26152.1561694
-0.2525600,-0.2525600,-0.2456453,28387.7696851,17059.7335115,131814.0326214,1041.4217467,91995.2937406,28387.7696851,28387.7696851,33464.6044267,21164.8741970
-0.2475600,-0.2475600,-0.2406453,23886.1838629,14332.5211880,111177.3846014,858.8034987,77583.8830717,23886.1838629,23886.1838629,28157.9603859,17808.6578168
-0.2425600,-0.2425600,-0.2356453,18162.5065135,10875.9760590,84804.6089274,630.4256039,59171.1530772,18162.5065135,18162.5065135,21410.6674323,13541.2950621
-0.2375600,-0.2375600,-0.2306453,14184.4030354,8466.3627243,66562.2511876,470.6657340,46431.9562879,14184.4030354,14184.4030354,16721.1246911,10575.3678127
-0.2325600,-0.2325600,-0.2256453,11549.1266917,6870.9916248,54467.2074730,365.1289623,37985.9658641,11549.1266917,11549.1266917,13614.5586814,8610.6029543
-0.2275600,-0.2275600,-0.2206453,9806.4479000,5816.6002403,46461.5149702,295.7417835,32395.8219461,9806.4479000,9806.4479000,11560.2213011,7311.3259134
-0.2225600,-0.2225600,-0.2156453,8664.4858942,5126.0795982,41210.4630023,250.6066753,28729.3298841,8664.4858942,8664.4858942,10214.0321775,6459.9211550
-0.2175600,-0.2175600,-0.2106453,7934.0512731,4684.6621153,37848.5672032,221.9658008,26382.0262086,7934.0512731,7934.0512731,9352.9675033,5915.3360384
-0.2125600,-0.2125600,-0.2056453,7494.5369263,4419.2020759,35823.8695629,204.8669631,24968.4248239,7494.5369263,7494.5369263,8834.8509370,5587.6503498
-0.2075600,-0.2075600,-0.2006453,7273.2434795,4285.6180045,34803.5504839,196.3264819,24256.0890630,7273.2434795,7273.2434795,8573.9816350,5422.6621166
-0.2025600,-0.2025600,-0.1956453,7233.4246381,4261.6320223,34619.3440527,194.8375607,24127.5056556,7233.4246381,7233.4246381,8527.0416398,5392.9746570
-0.1975600,-0.1975600,-0.1906453,7368.4168087,4343.2046788,35240.7316015,200.1272421,24561.3611994,7368.4168087,7368.4168087,8686.1756486,5493.6198411
-0.1925600,-0.1925600,-0.1856453,7700.5881422,4543.8967078,36770.1424252,213.1127992,25629.1900054,7700.5881422,7700.5881422,9077.7521056,5741.2745376
-0.1875600,-0.1875600,-0.1806453,8284.8828403,4897.0215048,39459.1388544,236.0486950,27506.6788947,8284.8828403,8284.8828403,9766.5413679,6176.9031169
-0.1825600,-0.1825600,-0.1756453,9217.7195323,5461.0493894,43749.0479412,272.8939435,30502.0473251,9217.7195323,9217.7195323,10866.2054570,6872.3917535
-0.1775600,-0.1775600,-0.1706453,10653.1818694,6329.4413274,50344.8827083,329.9734642,35107.6796429,10653.1818694,10653.1818694,12558.3841598,7942.6195353
-0.1725600,-0.1725600,-0.1656453,12830.1317040,7647.1181177,60339.1157903,417.0593417,42086.5786168,12830.1317040,12830.1317040,15124.6570964,9565.6730507
-0.1675600,-0.1675600,-0.1606453,16116.5635700,9637.4048016,75414.1312367,549.0511437,52613.7751619,16116.5635700,16116.5635700,18998.8305024,12015.9154534
-0.1625600,-0.1625600,-0.1556453,20994.8692047,12592.3851398,97783.3613355,748.5339237,68234.9324415,20994.8692047,20994.8692047,24749.5664759,15653.0002331
-0.1575600,-0.1575600,-0.1506453,26078.9778976,15662.3702306,121213.1238200,948.3321057,84592.8040916,26078.9778976,26078.9778976,30742.9110803,19443.5241835
-0.1525600,-0.1525600,-0.1456453,31608.4074129,19013.4028788,146548.1980483,1176.9922369,102285.7672511,31608.4074129,31608.4074129,37261.2171497,23566.0629166
-0.1475600,-0.1475600,-0.1406453,36341.9114763,21870.6825606,168374.2780712,1360.8906015,117523.6024421,36341.9114763,36341.9114763,42841.2554123,27095.1889848
-0.1425600,-0.1425600,-0.1356453,38478.8719525,23165.4612409,178169.1136760,1444.7502972,124363.7893341,38478.8719525,38478.8719525,45360.3873414,28688.4279093
-0.1375600,-0.1375600,-0.1306453,41601.8242009,25058.8131987,192469.2039215,1577.3211452,134350.6727638,41601.8242009,41601.8242009,49041.8446308,31016.7859379
-0.1325600,-0.1325600,-0.1256453,40253.9897508,24238.5465110,186335.1143409,1518.3935611,130065.4967386,40253.9897508,40253.9897508,47452.9650814,30011.8902771
-0.1275600,-0.1275600,-0.1206453,37985.8441155,22863.2491583,175951.4940174,1424.2581539,122813.7176585,37985.8441155,37985.8441155,44779.1869964,28320.8445359
-0.1225600,-0.1225600,-0.1156453,34119.4482034,20521.1979209,158222.6183138,1265.1490588,110433.0602928,34119.4482034,34119.4482034,40221.3294686,25438.2023282
-0.1175600,-0.1175600,-0.1106453,30624.1442146,18402.1128951,142217.3662470,1120.8804850,99255.3326473,30624.1442146,30624.1442146,36100.9294994,22832.2325735
-0.1125600,-0.1125600,-0.1056453,28112.8213501,16879.7337917,130716.0050338,1017.3594465,91223.0876145,28112.8213501,28112.8213501,33140.4846606,20959.8828579
-0.1075600,-0.1075600,-0.1006453,26568.5141740,15943.6898556,123641.8791428,953.8136795,86282.7562475,26568.5141740,26568.5141740,31319.9954382,19808.5043782
-0.1025600,-0.1025600,-0.0956453,25978.5067363,15586.2168735,120937.4261595,929.6721864,84394.1160143,25978.5067363,25978.5067363,30624.4717767,19368.6165908
-0.0975600,-0.0975600,-0.0906453,26337.4609765,15804.0578373,122578.4533850,944.6974578,85540.2628915,26337.4609765,26337.4609765,31047.6209635,19636.2396348
-0.0925600,-0.0925600,-0.0856453,27648.6192323,16599.1935202,128579.6256277,999.0360653,89731.4445402,27648.6192323,27648.6192323,32593.2651919,20613.7908777
-0.0875600,-0.0875600,-0.0806453,29923.0717388,17978.3974795,138991.1219945,1093.1878877,97002.7251149,29923.0717388,29923.0717388,35274.4780615,22309.5387896
-0.0825600,-0.0825600,-0.0756453,33177.0941796,19951.6185311,153886.4851447,1227.8937693,107405.4980800,33177.0941796,33177.0941796,39110.4459795,24735.6179200
-0.0775600,-0.0775600,-0.0706453,37421.5387291,22525.5417930,173314.1280206,1403.7336180,120973.6166778,37421.5387291,37421.5387291,44113.9619103,27900.1192501
-0.0725600,-0.0725600,-0.0656453,39622.1980371,23858.2117032,183409.4422714,1494.4043837,128023.3581772,39622.1980371,39622.1980371,46708.1844942,29540.8496746
-0.0675600,-0.0675600,-0.0606453,42659.1719853,25700.5956113,197301.8272693,1621.5845299,137725.9758296,42659.1719853,42659.1719853,50288.2872271,31805.1054533
-0.0625600,-0.0625600,-0.0556453,39044.8986827,23512.3016060,180716.5064990,1474.1002119,126144.3174048,39044.8986827,39044.8986827,46027.6416143,29110.4365654
-0.0575600,-0.0575600,-0.0506453,36700.5602268,22092.8218233,169959.6706872,1380.0887977,118632.7034802,36700.5602268,36700.5602268,43264.0444759,27362.5842669
-0.0525600,-0.0525600,-0.0456453,33313.2612251,20053.0471451,154281.6768195,1253.4437473,107689.1038383,33313.2612251,33313.2612251,39270.9649763,24837.1390476
-0.0475600,-0.0475600,-0.0406453,27223.7876497,16362.9830010,126376.0190348,1000.3635201,88201.1031955,27223.7876497,27223.7876497,32092.4572378,20297.0521166
-0.0425600,-0.0425600,-0.0356453,22421.1662470,13464.8356008,104220.9159392,815.4805780,72733.9030222,22421.1662470,22421.1662470,26430.9407736,16716.3947091
-0.0375600,-0.0375600,-0.0306453,17040.5589241,10206.2190766,79540.8146158,594.6974386,55499.2423304,17040.5589241,17040.5589241,20088.0720793,12704.8123144
-0.0325600,-0.0325600,-0.0256453,13368.5209060,7983.2698339,62686.5628831,448.2287744,43729.9156717,13368.5209060,13368.5209060,15759.3311786,9967.0761851
-0.0275600,-0.0275600,-0.0206453,10909.8570515,6496.1340662,51386.1947632,350.9336344,35839.3780639,10909.8570515,10909.8570515,12860.9628241,8133.9870854
-0.0225600,-0.0225600,-0.0156453,9250.7241935,5493.6716906,43747.6064872,286.1445796,30506.1273147,9250.7241935,9250.7241935,10905.1126323,6896.9988117
-0.0175600,-0.0175600,-0.0106453,8119.1531472,4810.8927609,38526.6917163,242.7760183,26861.2639954,8119.1531472,8119.1531472,9571.1727750,6053.3411696
-0.0125600,-0.0125600,-0.0056453,7334.2997329,4338.1290290,34895.6967002,213.4334673,24326.6909910,7334.2997329,7334.2997329,8645.9571157,5468.1834075
-0.0075600,-0.0075600,-0.0006453,6774.7232404,4001.7665002,32298.3974726,193.1588210,22513.9579169,6774.7232404,6774.7232404,7986.3066332,5050.9838107
-0.0025600,-0.0025600,0.0043547,6358.3098214,3752.0528105,30358.4198396,178.6129281,21160.2253394,6358.3098214,6358.3098214,7495.4223370,4740.5213220
0.0024400,0.0024400,0.0093547,6029.4040673,3555.2835013,28820.4595048,167.5450227,20087.2093079,6029.4040673,6029.4040673,7107.6954716,4495.3013211
0.0074400,0.0074400,0.0143547,5750.4473914,3388.7258592,27512.0758021,158.4462598,19174.4961698,5750.4473914,5750.4473914,6778.8505178,4287.3215108
0.0124400,0.0124400,0.0193547,5496.4592015,3237.2693587,26318.4650618,150.3208093,18341.9233434,5496.4592015,5496.4592015,6479.4393841,4097.9572830
0.0174400,0.0174400,0.0243547,5251.3258423,3091.1739487,25165.4894831,142.5321489,17537.7263077,5251.3258423,5251.3258423,6190.4666685,3915.1948904
0.0224400,0.0224400,0.0293547,5005.2488789,2944.5223041,24008.0014484,134.6977212,16730.3842574,5005.2488789,5005.2488789,5900.3815956,3731.7289812
0.0274400,0.0274400,0.0343547,4752.9448208,2794.1282951,22821.6009505,126.6149835,15902.8636314,4752.9448208,4752.9448208,5602.9557818,3543.6203799
0.0324400,0.0324400,0.0393547,4492.3395262,2638.7457371,21596.6536768,118.2081362,15048.4405873,4492.3395262,4492.3395262,5295.7441484,3349.3226829
0.0374400,0.0374400,0.0443547,4223.5960481,2478.4795075,20333.8333906,109.4887919,14167.5880963,4223.5960481,4223.5960481,4978.9389084,3148.9574563
0.0424400,0.0424400,0.0493547,3948.3750545,2314.3377772,19040.7279121,100.5263527,13265.6058807,3948.3750545,3948.3750545,4654.4977218,2943.7628330
0.0474400,0.0474400,0.0543547,3669.2648049,2147.8870940,17729.2208474,91.4254338,12350.7921390,3669.2648049,3669.2648049,4325.4717294,2735.6685239
0.0524400,0.0524400,0.0593547,3389.3409572,1980.9861931,16413.4676213,82.3086210,11433.0303261,3389.3409572,3389.3409572,3995.4866359,2526.9676261
0.0574400,0.0574400,0.0643547,3111.8303904,1830.0678001,15108.3479079,73.3034241,10522.7086375,3111.8303904,3111.8303904,3668.3464117,2320.0659815
0.0624400,0.0624400,0.0693547,2839.8611685,1667.9952811,13828.3128263,64.5326157,9629.9151770,2839.8611685,2839.8611685,3347.7385397,2117.2957592
0.0674400,0.0674400,0.0743547,2576.2850444,1511.0239709,12586.5647897,56.1073513,8763.8654275,2576.2850444,2576.2850444,3037.0247771,1920.7831212
0.0724400,0.0724400,0.0793547,2323.5610653,1360.6327743,11394.5177573,48.1225925,7932.5255275,2323.5610653,2323.5610653,2739.1039442,1746.7794020
0.0774400,0.0774400,0.0843547,2083.6899147,1218.0221129,10261.4905312,40.6544463,7142.3982784,2083.6899147,2083.6899147,2456.3345243,1567.8838894
0.0824400,0.0824400,0.0893547,1858.1892678,1084.0991449,9194.5886416,33.7590913,6398.4408310,1858.1892678,1858.1892678,2190.5056116,1399.7053198
0.0874400,0.0874400,0.0943547,1662.4649118,959.4820172,8198.7330060,27.4729929,5704.0848480,1662.4649118,1662.4649118,1942.8454298,1243.0206333
0.0924400,0.0924400,0.0993547,1468.3274476,844.5180200,7276.7967676,21.8141238,5061.3321888,1468.3274476,1468.3274476,1728.4259525,1098.2739772
0.0974400,0.0974400,0.1043547,1290.4014792,739.3112599,6429.8157789,16.7839101,4470.9019986,1290.4014792,1290.4014792,1518.6829455,965.6106797
0.1024400,0.1024400,0.1093547,1128.5413483,643.7563562,5657.2429804,12.3696352,3932.4084273,1128.5413483,1128.5413483,1327.8804125,844.9180797
0.1074400,0.1074400,0.1143547,982.3167030,557.5753944,4957.2221463,8.5470202,3444.5518487,982.3167030,982.3167030,1155.5136448,735.8696779
0.1124400,0.1124400,0.1193547,851.0713939,480.3557784,4326.8617639,5.2826258,3005.3101523,851.0713939,851.0713939,1000.8131645,637.9700807
0.1174400,0.1174400,0.1243547,733.9797838,411.5868538,3762.4948730,2.5355841,2612.1202113,733.9797838,733.9797838,862.8105101,550.5987402
0.1224400,0.1224400,0.1293547,630.0990757,350.6935651,3259.9152487,0.2582924,2262.0428138,630.0990757,630.0990757,740.3985616,473.0506835
0.1274400,0.1274400,0.1343547,538.4165132,297.0659144,2814.5842075,-1.6034202,1951.9070658,538.4165132,538.4165132,632.3856861,404.5727346
0.1324400,0.1324400,0.1393547,457.8903130,250.0832669,2421.8054807,-3.1088391,1692.6662580,457.8903130,457.8903130,537.5430412,344.3942599
0.1374400,0.1374400,0.1443547,387.4835454,209.1327463,2076.8680192,-4.3176841,1452.5033247,387.4835454,387.4835454,454.6442637,291.7517893
0.1424400,0.1424400,0.1493547,326.1906541,173.6216619,1789.3838841,-5.2827688,1242.4856769,326.1906541,326.1906541,382.4971130,245.9070072
0.1474400,0.1474400,0.1543547,273.0564303,142.9850394,1526.4099450,-6.0447152,1059.5067166,273.0564303,273.0564303,319.9670627,206.1581914
0.1524400,0.1524400,0.1593547,227.1874834,116.6900315,1298.0383385,-6.6346684,900.6255001,227.1874834,227.1874834,265.9928701,171.8463113
0.1574400,0.1574400,0.1643547,187.7572208,94.2387357,1100.3483865,-7.0840568,763.0975582,187.7572208,187.7572208,219.5944622,142.3577717
0.1624400,0.1624400,0.1693547,154.0064740,75.1701801,929.7204898,-7.4300859,644.3948891,154.0064740,154.0064740,179.8745813,117.1255538
0.1674400,0.1674400,0.1743547,125.2420627,59.0615996,782.8490438,-7.7085998,542.2160538,125.2420627,125.2420627,146.0166539,95.6296526
0.1724400,0.1724400,0.1793547,100.8347316,45.5288838,656.7455670,-7.9435438,454.4875525,100.8347316,100.8347316,117.2812009,77.3969778
0.1774400,0.1774400,0.1843547,80.2168864,34.2260308,548.7331826,-8.1464183,379.3574855,80.2168864,80.2168864,93.0020394,62.0005938
0.1824400,0.1824400,0.1893547,62.8800241,24.8433190,456.4337517,-8.3218638,315.1825459,62.8800241,62.8800241,72.5825195,49.0581267
0.1874400,0.1874400,0.1943547,48.3716386,17.1038708,377.7486748,-8.4702174,260.5104480,48.3716386,48.3716386,55.4915996,38.2290708
0.1924400,0.1924400,0.1993547,36.2913372,10.7591903,310.8346645,-8.5884036,214.0608251,36.2913372,36.2913372,41.2595004,29.2106768
0.1974400,0.1974400,0.2043547,26.2857809,5.5859237,254.0770146,-8.6716420,174.7071152,26.2857809,26.2857809,29.4726074,21.7328812
0.2024400,0.2024400,0.2093547,18.0425115,1.3861962,206.0634445,-8.7152449,141.4604824,18.0425115,18.0425115,19.7672339,15.5542877
0.2074400,0.2074400,0.2143547,11.2842283,-2.0092988,165.5605706,-8.7168784,113.4556510,11.2842283,11.2842283,11.8226100,10.4614659
0.2124400,0.2124400,0.2193547,5.7660486,-4.7404379,131.4934655,-8.6782971,89.9381242,5.7660486,5.7660486,5.3551042,6.2711058
0.2174400,0.2174400,0.2243547,1.2764054,-6.9232137,102.9278040,-8.6042775,70.2522780,1.2764054,1.2764054,0.1160652,2.8307027
0.2224400,0.2224400,0.2293547,-2.3618571,-8.6581454,79.0539037,-8.4986849,53.8298112,-2.3618571,-2.3618571,-4.1071147,0.0136450
0.2274400,0.2274400,0.2343547,-5.2951994,-10.0337256,59.1720354,-8.3612608,40.1781221,-5.2951994,-5.2951994,-7.4911733,-2.2888809
0.2324400,0.2324400,0.2393547,-7.6476931,-11.1242981,42.6783833,-8.1888600,28.8690803,-7.6476931,-7.6476931,-10.1826713,-4.1722163
0.2374400,0.2374400,0.2443547,-9.5272889,-11.9887076,29.0513446,-7.9796003,19.5300511,-9.5272889,-9.5272889,-12.3067301,-5.7172517
0.2424400,0.2424400,0.2493547,-11.0263034,-12.6721748,17.8390832,-7.7355546,11.8388601,-11.0263034,-11.0263034,-13.9718581,-6.9892931
0.2474400,0.2474400,0.2543547,-12.2201781,-13.2085251,8.6503555,-7.4625301,5.5216254,-12.2201781,-12.2201781,-15.2695389,-8.0396623
0.2524400,0.2524400,0.2593547,-13.1686583,-13.6211923,1.1495251,-7.1683313,0.3493908,-13.1686583,-13.1686583,-16.2737017,-8.9079332
0.2574400,0.2574400,0.2643547,-13.9181996,-13.9247371,-4.9465746,-6.8610382,-3.8692969,-13.9181996,-13.9181996,-17.0426623,-9.6229985
0.2624400,0.2624400,0.2693547,-14.5033166,-14.1283365,-9.8741809,-6.5479157,-7.2972176,-14.5033166,-14.5033166,-17.6213540,-10.2042540
0.2674400,0.2674400,0.2743547,-14.9476813,-14.2395506,-13.8316720,-6.2349352,-10.0737926,-14.9476813,-14.9476813,-18.0423959,-10.6645539
0.2724400,0.2724400,0.2793547,-15.2669621,-14.2658543,-16.9880582,-5.9266967,-12.3165938,-15.2669621,-15.2669621,-18.3277174,-11.0138489
0.2774400,0.2774400,0.2843547,-15.4727779,-14.2141163,-19.4872261,-5.6265570,-14.1226357,-15.4727779,-15.4727779,-18.4921566,-11.2611759
0.2824400,0.2824400,0.2893547,-15.5752660,-14.0902270,-21.4495357,-5.3368355,-15.5709290,-15.5752660,-15.5752660,-18.5473413,-11.4147487
0.2874400,0.2874400,0.2943547,-15.5835625,-13.8999249,-22.9740054,-5.0590288,-16.7247137,-15.5835625,-15.5835625,-18.5035733,-11.4818455
0.2924400,0.2924400,0.2993547,-15.5057655,-13.6499557,-24.1411585,-4.7940037,-17.6326573,-15.5057655,-15.5057655,-18.3700048,-11.4695118
0.2974400,0.2974400,0.3043547,-15.3495990,-13.3485245,-25.0149052,-4.5421579,-18.3306564,-15.3495990,-15.3495990,-18.1548731,-11.3855331
0.3024400,0.3024400,0.3093547,-15.1233958,-13.0049118,-25.6438595,-4.3035472,-18.8452388,-15.1233958,-15.1233958,-17.8664047,-11.2388551
0.3074400,0.3074400,0.3143547,-14.8365732,-12.6287010,-26.0639376,-4.0779850,-19.1971836,-14.8365732,-14.8365732,-17.5136737,-11.0392965
0.3124400,0.3124400,0.3193547,-14.4993905,-12.2290462,-26.3022488,-3.8651169,-19.4038446,-14.4993905,-14.4993905,-17.1067786,-10.7968991
0.3174400,0.3174400,0.3243547,-14.1223090,-11.8141765,-26.3804987,-3.6644772,-19.4803783,-14.1223090,-14.1223090,-16.6563897,-10.5212785
0.3224400,0.3224400,0.3293547,-13.7153311,-11.3911527,-26.3170350,-3.4755302,-19.4407244,-13.7153311,-13.7153311,-16.1730602,-10.2211643
0.3274400,0.3274400,0.3343547,-13.2875233,-10.9658154,-26.1281282,-3.2977012,-19.2984942,-13.2875233,-13.2875233,-15.6666223,-9.9041595
0.3324400,0.3324400,0.3393547,-12.8467628,-10.5428513,-25.8290417,-3.1303982,-19.0674505,-12.8467628,-12.8467628,-15.1458005,-9.5766757
0.3374400,0.3374400,0.3443547,-12.3996671,-10.1259198,-25.4347861,-2.9730278,-18.7614516,-12.3996671,-12.3996671,-14.6180408,-9.2439807
0.3424400,0.3424400,0.3493547,-11.9516438,-9.7178015,-24.9603410,-2.8250060,-18.3940475,-11.9516438,-11.9516438,-14.0894989,-8.9103093
0.3474400,0.3474400,0.3543547,-11.5070061,-9.3205456,-24.4204107,-2.6857663,-17.9779993,-11.5070061,-11.5070061,-13.5651276,-8.5789986
0.3524400,0.3524400,0.3593547,-11.0691162,-8.9356048,-23.8289768,-2.5547641,-17.5249009,-11.0691162,-11.0691162,-13.0488125,-8.2526267
0.3574400,0.3574400,0.3643547,-10.6405326,-8.5639534,-23.1988775,-2.4314801,-17.0449642,-10.6405326,-10.6405326,-12.5435241,-7.9331424
0.3624400,0.3624400,0.3693547,-10.2231481,-8.2061864,-22.5415285,-2.3154219,-16.5469555,-10.2231481,-10.2231481,-12.0514677,-7.6219805
0.3674400,0.3674400,0.3743547,-9.8183125,-7.8626024,-21.8668050,-2.2061250,-16.0382407,-9.8183125,-9.8183125,-11.5742200,-7.3201606
0.3724400,0.3724400,0.3793547,-9.4269386,-7.5332707,-21.1830521,-2.1031520,-15.5248973,-9.4269386,-9.4269386,-11.1128492,-7.0283705
0.3774400,0.3774400,0.3843547,-9.0495911,-7.2180857,-20.4971811,-2.0060932,-15.0118583,-9.0495911,-9.0495911,-10.6680165,-6.7470347
0.3824400,0.3824400,0.3893547,-8.6865598,-6.9168104,-19.8148126,-1.9145647,-14.5030659,-8.6865598,-8.6865598,-10.2400616,-6.4763715
0.3874400,0.3874400,0.3943547,-8.3379204,-6.6291112,-19.1404377,-1.8282080,-14.0016196,-8.3379204,-8.3379204,-9.8290728,-6.2164382
0.3924400,0.3924400,0.3993547,-8.0035837,-6.3545852,-18.4775803,-1.7466884,-13.5099130,-8.0035837,-8.0035837,-9.4349443,-5.9671686
0.3974400,0.3974400,0.4043547,-7.6833346,-6.0927819,-17.8289483,-1.6696940,-13.0297539,-7.6833346,-7.6833346,-9.0574225,-5.7284023
0.4024400,0.4024400,0.4093547,-7.3768641,-5.8432200,-17.1965703,-1.5969341,-12.5624691,-7.3768641,-7.3768641,-8.6961432,-5.4999092
0.4074400,0.4074400,0.4143547,-7.0837949,-5.6054004,-16.5819148,-1.5281380,-12.1089926,-7.0837949,-7.0837949,-8.3506616,-5.2814078
0.4124400,0.4124400,0.4193547,-6.8037011,-5.3788167,-15.9859922,-1.4630537,-11.6699409,-6.8037011,-6.8037011,-8.0204758,-5.0725806
0.4174400,0.4174400,0.4243547,-6.5361247,-5.1629624,-15.4094417,-1.4014468,-11.2456748,-6.5361247,-6.5361247,-7.7050460,-4.8730859
0.4224400,0.4224400,0.4293547,-6.2805876,-4.9573373,-14.8526036,-1.3430991,-10.8363513,-6.2805876,-6.2805876,-7.4038085,-4.6825673
0.4274400,0.4274400,0.4343547,-6.0366018,-4.7614512,-14.3155799,-1.2878074,-10.4419657,-6.0366018,-6.0366018,-7.1161880,-4.5006609
0.4324400,0.4324400,0.4393547,-5.8036767,-4.5748278,-13.7982838,-1.2353827,-10.0623866,-5.8036767,-5.8036767,-6.8416064,-4.3270009
0.4374400,0.4374400,0.4443547,-5.5813252,-4.3970063,-13.3004812,-1.1856490,-9.6973847,-5.5813252,-5.5813252,-6.5794894,-4.1612243
0.4424400,0.4424400,0.4493547,-5.3690680,-4.2275433,-12.8218241,-1.1384424,-9.3466559,-5.3690680,-5.3690680,-6.3292720,-4.0029735
0.4474400,0.4474400,0.4543547,-5.1664369,-4.0660135,-12.3618782,-1.0936102,-9.0098400,-5.1664369,-5.1664369,-6.0904022,-3.8518995
0.4524400,0.4524400,0.4593547,-4.9729772,-3.9120102,-11.9201449,-1.0510103,-8.6865362,-4.9729772,-4.9729772,-5.8623441,-3.7076633
0.4574400,0.4574400,0.4643547,-4.7882494,-3.7651456,-11.4960801,-1.0105100,-8.3763157,-4.7882494,-4.7882494,-5.6445795,-3.5699374
0.4624400,0.4624400,0.4693547,-4.6118303,-3.6250504,-11.0891082,-0.9719856,-8.0787311,-4.6118303,-4.6118303,-5.4366096,-3.4384060
0.4674400,0.4674400,0.4743547,-4.4433138,-3.4913739,-10.6986345,-0.9353220,-7.7933247,-4.4433138,-4.4433138,-5.2379557,-3.3127665
0.4724400,0.4724400,0.4793547,-4.2823111,-3.3637832,-10.3240540,-0.9004112,-7.5196351,-4.2823111,-4.2823111,-5.0481592,-3.1927290
0.4774400,0.4774400,0.4843547,-4.1284507,-3.2419626,-9.9647592,-0.8671529,-7.2572015,-4.1284507,-4.1284507,-4.8667825,-3.0780166
0.4824400,0.4824400,0.4893547,-3.9813785,-3.1256134,-9.6201461,-0.8354531,-7.0055680,-3.9813785,-3.9813785,-4.6934079,-2.9683651
0.4874400,0.4874400,0.4943547,-3.8407573,-3.0144526,-9.2896185,-0.8052240,-6.7642868,-3.8407573,-3.8407573,-4.5276380,-2.8635232
0.4924400,0.4924400,0.4993547,-3.7062664,-2.9082130,-8.9725918,-0.7763835,-6.5329201,-3.7062664,-3.7062664,-4.3690948,-2.7632518
0.4974400,0.4974400,0.5043547,-3.5776012,-2.8066416,-8.6684955,-0.7488548,-6.3110419,-3.5776012,-3.5776012,-4.2174191,-2.6673239
0.5024400,0.5024400,0.5093547,-3.4544724,-2.7094995,-8.3767753,-0.7225660,-6.0982396,-3.4544724,-3.4544724,-4.0722701,-2.5755237
0.5074400,0.5074400,0.5143547,-3.3366060,-2.6165609,-8.0968944,-0.6974496,-5.8941143,-3.3366060,-3.3366060,-3.9333244,-2.4876470
0.5124400,0.5124400,0.5193547,-3.2237418,-2.5276128,-7.8283345,-0.6734426,-5.6982815,-3.2237418,-3.2237418,-3.8002757,-2.4034997
0.5174400,0.5174400,0.5243547,-3.1156335,-2.4424536,-7.5705965,-0.6504857,-5.5103717,-3.1156335,-3.1156335,-3.6728333,-2.3228982
0.5224400,0.5224400,0.5293547,-3.0120476,-2.3608932,-7.3232004,-0.6285235,-5.3300301,-3.0120476,-3.0120476,-3.5507222,-2.2456684
0.5274400,0.5274400,0.5343547,-2.9127632,-2.2827520,-7.0856857,-0.6075037,-5.1569167,-2.9127632,-2.9127632,-3.4336817,-2.1716457
0.5324400,0.5324400,0.5393547,-2.8175708,-2.2078603,-6.8576112,-0.5873776,-4.9907061,-2.8175708,-2.8175708,-3.3214652,-2.1006738
0.5374400,0.5374400,0.5443547,-2.7262723,-2.1360579,-6.6385547,-0.5680989,-4.8310872,-2.7262723,-2.7262723,-3.2138389,-2.0326051
0.5424400,0.5424400,0.5493547,-2.6386802,-2.0671933,-6.4281125,-0.5496246,-4.6777630,-2.6386802,-2.6386802,-3.1105818,-1.9672997
0.5474400,0.5474400,0.5543547,-2.5546167,-2.0011236,-6.2258988,-0.5319140,-4.5304498,-2.5546167,-2.5546167,-3.0114844,-1.9046251
0.5524400,0.5524400,0.5593547,-2.4739136,-1.9377134,-6.0315457,-0.5149288,-4.3888772,-2.4739136,-2.4739136,-2.9163485,-1.8444560
0.5574400,0.5574400,0.5643547,-2.3964119,-1.8768351,-5.8447020,-0.4986328,-4.2527874,-2.3964119,-2.3964119,-2.8249864,-1.7866736
0.5624400,0.5624400,0.5693547,-2.3219606,-1.8183678,-5.6650330,-0.4829923,-4.1219347,-2.3219606,-2.3219606,-2.7372203,-1.7311655
0.5674400,0.5674400,0.5743547,-2.2504170,-1.7621973,-5.4922196,-0.4679752,-3.9960852,-2.2504170,-2.2504170,-2.6528818,-1.6778253
0.5724400,0.5724400,0.5793547,-2.1816458,-1.7082154,-5.3259579,-0.4535513,-3.8750161,-2.1816458,-2.1816458,-2.5718116,-1.6265520
0.5774400,0.5774400,0.5843547,-2.1155188,-1.6563199,-5.1659584,-0.4396922,-3.7585152,-2.1155188,-2.1155188,-2.4938585,-1.5772503
0.5824400,0.5824400,0.5893547,-2.0519147,-1.6064140,-5.0119454,-0.4263710,-3.6463807,-2.0519147,-2.0519147,-2.4188794,-1.5298294
0.5874400,0.5874400,0.5943547,-1.9907182,-1.5584061,-4.8636563,-0.4135624,-3.5384203,-1.9907182,-1.9907182,-2.3467386,-1.4842036
0.5924400,0.5924400,0.5993547,-1.9318203,-1.5122092,-4.7208412,-0.4012423,-3.4344514,-1.9318203,-1.9318203,-2.2773074,-1.4402916
0.5974400,0.5974400,0.6043547,-1.8751176,-1.4677413,-4.5832622,-0.3893881,-3.3342998,-1.8751176,-1.8751176,-2.2104640,-1.3980161
0.6024400,0.6024400,0.6093547,-1.8205118,-1.4249243,-4.4506929,-0.3779784,-3.2377999,-1.8205118,-1.8205118,-2.1460925,-1.3573041
0.6074400,0.6074400,0.6143547,-1.7679098,-1.3836845,-4.3229175,-0.3669929,-3.1447940,-1.7679098,-1.7679098,-2.0840832,-1.3180861
0.6124400,0.6124400,0.6193547,-1.7172234,-1.3439517,-4.1997307,-0.3564125,-3.0551323,-1.7172234,-1.7172234,-2.0243320,-1.2802962
0.6174400,0.6174400,0.6243547,-1.6683685,-1.3056595,-4.0809372,-0.3462190,-2.9686718,-1.6683685,-1.6683685,-1.9667400,-1.2438719
0.6224400,0.6224400,0.6293547,-1.6212656,-1.2687448,-3.9663507,-0.3363951,-2.8852766,-1.6212656,-1.6212656,-1.9112132,-1.2087537
0.6274400,0.6274400,0.6343547,-1.5758390,-1.2331479,-3.8557941,-0.3269246,-2.8048173,-1.5758390,-1.5758390,-1.8576625,-1.1748854
0.6324400,0.6324400,0.6393547,-1.5320168,-1.1988117,-3.7490985,-0.3177919,-2.7271707,-1.5320168,-1.5320168,-1.8060031,-1.1422132
0.6374400,0.6374400,0.6443547,-1.4897306,-1.1656824,-3.6461031,-0.3089825,-2.6522193,-1.4897306,-1.4897306,-1.7561545,-1.1106862
0.6424400,0.6424400,0.6493547,-1.4489156,-1.1337086,-3.5466546,-0.3004823,-2.5798514,-1.4489156,-1.4489156,-1.7080401,-1.0802560
0.6474400,0.6474400,0.6543547,-1.4095098,-1.1028416,-3.4506072,-0.2922783,-2.5099605,-1.4095098,-1.4095098,-1.6615870,-1.0508766
0.6524400,0.6524400,0.6593547,-1.3714547,-1.0730350,-3.3578215,-0.2843577,-2.4424449,-1.3714547,-1.3714547,-1.6167261,-1.0225041
0.6574400,0.6574400,0.6643547,-1.3346942,-1.0442447,-3.2681650,-0.2767088,-2.3772080,-1.3346942,-1.3346942,-1.5733913,-0.9950969
0.6624400,0.6624400,0.6693547,-1.2991751,-1.0164287,-3.1815112,-0.2693201,-2.3141576,-1.2991751,-1.2991751,-1.5315200,-0.9686152
0.6674400,0.6674400,0.6743547,-1.2648467,-0.9895471,-3.0977395,-0.2621809,-2.2532056,-1.2648467,-1.2648467,-1.4910523,-0.9430213
0.6724400,0.6724400,0.6793547,-1.2316608,-0.9635618,-3.0167348,-0.2552809,-2.1942681,-1.2316608,-1.2316608,-1.4519314,-0.9182791
0.6774400,0.6774400,0.6843547,-1.1995713,-0.9384367,-2.9383873,-0.2486104,-2.1372653,-1.1995713,-1.1995713,-1.4141031,-0.8943544
0.6824400,0.6824400,0.6893547,-1.1685345,-0.9141372,-2.8625922,-0.2421601,-2.0821205,-1.1685345,-1.1685345,-1.3775156,-0.8712145
0.6874400,0.6874400,0.6943547,-1.1385084,-0.8906305,-2.7892496,-0.2359211,-2.0287611,-1.1385084,-1.1385084,-1.3421198,-0.8488283
0.6924400,0.6924400,0.6993547,-1.1094534,-0.8678850,-2.7182640,-0.2298849,-1.9771174,-1.1094534,-1.1094534,-1.3078685,-0.8271659
0.6974400,0.6974400,0.7043547,-1.0813313,-0.8458711,-2.6495442,-0.2240437,-1.9271230,-1.0813313,-1.0813313,-1.2747170,-0.8061991
0.7024400,0.7024400,0.7093547,-1.0541058,-0.8245601,-2.5830030,-0.2183897,-1.8787143,-1.0541058,-1.0541058,-1.2426225,-0.7859009
0.7074400,0.7074400,0.7143547,-1.0277424,-0.8039248,-2.5185573,-0.2129156,-1.8318308,-1.0277424,-1.0277424,-1.2115443,-0.7662453
0.7124400,0.7124400,0.7193547,-1.0022079,-0.7839392,-2.4561275,-0.2076144,-1.7864145,-1.0022079,-1.0022079,-1.1814432,-0.7472078
0.7174400,0.7174400,0.7243547,-0.9774708,-0.7645785,-2.3956376,-0.2024795,-1.7424100,-0.9774708,-0.9774708,-1.1522821,-0.7287647
0.7224400,0.7224400,0.7293547,-0.9535009,-0.7458189,-2.3370148,-0.1975046,-1.6997644,-0.9535009,-0.9535009,-1.1240254,-0.7108937
0.7274400,0.7274400,0.7343547,-0.9302693,-0.7276379,-2.2801897,-0.1926835,-1.6584270,-0.9302693,-0.9302693,-1.0966391,-0.6935731
0.7324400,0.7324400,0.7393547,-0.9077486,-0.7100138,-2.2250956,-0.1880106,-1.6183493,-0.9077486,-0.9077486,-1.0700908,-0.6767825
0.7374400,0.7374400,0.7443547,-0.8859122,-0.6929259,-2.1716689,-0.1834802,-1.5794850,-0.8859122,-0.8859122,-1.0443492,-0.6605022
0.7424400,0.7424400,0.7493547,-0.8647351,-0.6763544,-2.1198487,-0.1790870,-1.5417897,-0.8647351,-0.8647351,-1.0193848,-0.6447133
0.7474400,0.7474400,0.7543547,-0.8441931,-0.6602803,-2.0695766,-0.1748261,-1.5052209,-0.8441931,-0.8441931,-0.9951690,-0.6293980
0.7524400,0.7524400,0.7593547,-0.8242630,-0.6446856,-2.0207968,-0.1706925,-1.4697379,-0.8242630,-0.8242630,-0.9716746,-0.6145389
0.7574400,0.7574400,0.7643547,-0.8049229,-0.6295529,-1.9734558,-0.1666817,-1.4353019,-0.8049229,-0.8049229,-0.9488757,-0.6001196
0.7624400,0.7624400,0.7693547,-0.7861515,-0.6148655,-1.9275021,-0.1627892,-1.4018753,-0.7861515,-0.7861515,-0.9267472,-0.5861243
0.7674400,0.7674400,0.7743547,-0.7679285,-0.6006076,-1.8828868,-0.1590107,-1.3694225,-0.7679285,-0.7679285,-0.9052652,-0.5725380
0.7724400,0.7724400,0.7793547,-0.7502345,-0.5867640,-1.8395628,-0.1553423,-1.3379092,-0.7502345,-0.7502345,-0.8844068,-0.5593460
0.7774400,0.7774400,0.7843547,-0.7330510,-0.5733200,-1.7974847,-0.1517799,-1.3073025,-0.7330510,-0.7330510,-0.8641502,-0.5465346
0.7824400,0.7824400,0.7893547,-0.7163600,-0.5602616,-1.7566093,-0.1483200,-1.2775708,-0.7163600,-0.7163600,-0.8444741,-0.5340905
0.7874400,0.7874400,0.7943547,-0.7001444,-0.5475755,-1.7168951,-0.1449588,-1.2486839,-0.7001444,-0.7001444,-0.8253586,-0.5220008
0.7924400,0.7924400,0.7993547,-0.6843879,-0.5352488,-1.6783022,-0.1416930,-1.2206127,-0.6843879,-0.6843879,-0.8067841,-0.5102533
0.7974400,0.7974400,0.8043547,-0.6690746,-0.5232690,-1.6407923,-0.1385193,-1.1933294,-0.6690746,-0.6690746,-0.7887322,-0.4988363
0.8024400,0.8024400,0.8093547,-0.6541895,-0.5116244,-1.6043285,-0.1354346,-1.1668073,-0.6541895,-0.6541895,-0.7711851,-0.4877385
0.8074400,0.8074400,0.8143547,-0.6397180,-0.5003036,-1.5688758,-0.1324357,-1.1410207,-0.6397180,-0.6397180,-0.7541255,-0.4769492
0.8124400,0.8124400,0.8193547,-0.6256463,-0.4892957,-1.5344001,-0.1295199,-1.1159449,-0.6256463,-0.6256463,-0.7375372,-0.4664578
0.8174400,0.8174400,0.8243547,-0.6119609,-0.4785902,-1.5008689,-0.1266842,-1.0915562,-0.6119609,-0.6119609,-0.7214043,-0.4562545
0.8224400,0.8224400,0.8293547,-0.5986490,-0.4681770,-1.4682510,-0.1239261,-1.0678318,-0.5986490,-0.5986490,-0.7057117,-0.4463297
0.8274400,0.8274400,0.8343547,-0.5856983,-0.4580464,-1.4365161,-0.1212430,-1.0447499,-0.5856983,-0.5856983,-0.6904449,-0.4366741
0.8324400,0.8324400,0.8393547,-0.5730968,-0.4481892,-1.4056356,-0.1186324,-1.0222894,-0.5730968,-0.5730968,-0.6755897,-0.4272790
0.8374400,0.8374400,0.8443547,-0.5608332,-0.4385965,-1.3755814,-0.1160918,-1.0004301,-0.5608332,-0.5608332,-0.6611329,-0.4181357
0.8424400,0.8424400,0.8493547,-0.5488965,-0.4292595,-1.3463270,-0.1136191,-0.9791526,-0.5488965,-0.5488965,-0.6470614,-0.4092361
0.8474400,0.8474400,0.8543547,-0.5372762,-0.4201701,-1.3178466,-0.1112121,-0.9584381,-0.5372762,-0.5372762,-0.6333629,-0.4005725
0.8524400,0.8524400,0.8593547,-0.5259620,-0.4113203,-1.2901154,-0.1088685,-0.9382686,-0.5259620,-0.5259620,-0.6200253,-0.3921371
0.8574400,0.8574400,0.8643547,-0.5149443,-0.4027025,-1.2631096,-0.1065865,-0.9186267,-0.5149443,-0.5149443,-0.6070372,-0.3839227
0.8624400,0.8624400,0.8693547,-0.5042136,-0.3943093,-1.2368062,-0.1043640,-0.8994959,-0.5042136,-0.5042136,-0.5943874,-0.3759223
0.8674400,0.8674400,0.8743547,-0.4937609,-0.3861336,-1.2111833,-0.1021991,-0.8808600,-0.4937609,-0.4937609,-0.5820654,-0.3681292
0.8724400,0.8724400,0.8793547,-0.4835775,-0.3781686,-1.1862195,-0.1000901,-0.8627035,-0.4835775,-0.4835775,-0.5700607,-0.3605368
0.8774400,0.8774400,0.8843547,-0.4736550,-0.3704077,-1.1618944,-0.0980352,-0.8450116,-0.4736550,-0.4736550,-0.5583636,-0.3531389
0.8824400,0.8824400,0.8893547,-0.4639852,-0.3628446,-1.1381881,-0.0960327,-0.8277699,-0.4639852,-0.4639852,-0.5469646,-0.3459296
0.8874400,0.8874400,0.8943547,-0.4545605,-0.3554732,-1.1150818,-0.0940810,-0.8109645,-0.4545605,-0.4545605,-0.5358543,-0.3389028
0.8924400,0.8924400,0.8993547,-0.4453732,-0.3482876,-1.0925571,-0.0921785,-0.7945822,-0.4453732,-0.4453732,-0.5250240,-0.3320532
0.8974400,0.8974400,0.9043547,-0.4364163,-0.3412822,-1.0705962,-0.0903238,-0.7786100,-0.4364163,-0.4364163,-0.5144652,-0.3253752
0.9024400,0.9024400,0.9093547,-0.4276826,-0.3344515,-1.0491822,-0.0885154,-0.7630356,-0.4276826,-0.4276826,-0.5041696,-0.3188637
0.9074400,0.9074400,0.9143547,-0.4191655,-0.3277902,-1.0282986,-0.0867518,-0.7478470,-0.4191655,-0.4191655,-0.4941293,-0.3125137
0.9124400,0.9124400,0.9193547,-0.4108585,-0.3212932,-1.0079295,-0.0850318,-0.7330327,-0.4108585,-0.4108585,-0.4843367,-0.3063203
0.9174400,0.9174400,0.9243547,-0.4027553,-0.3149557,-0.9880597,-0.0833541,-0.7185815,-0.4027553,-0.4027553,-0.4747843,-0.3002789
0.9224400,0.9224400,0.9293547,-0.3948499,-0.3087730,-0.9686744,-0.0817173,-0.7044827,-0.3948499,-0.3948499,-0.4654651,-0.2943849
0.9274400,0.9274400,0.9343547,-0.3871364,-0.3027404,-0.9497594,-0.0801203,-0.6907260,-0.3871364,-0.3871364,-0.4563721,-0.2886341
0.9324400,0.9324400,0.9393547,-0.3796093,-0.2968535,-0.9313008,-0.0785619,-0.6773013,-0.3796093,-0.3796093,-0.4474988,-0.2830221
0.9374400,0.9374400,0.9443547,-0.3722631,-0.2911082,-0.9132855,-0.0770410,-0.6641989,-0.3722631,-0.3722631,-0.4388388,-0.2775451
0.9424400,0.9424400,0.9493547,-0.3650925,-0.2855002,-0.8957005,-0.0755565,-0.6514096,-0.3650925,-0.3650925,-0.4303858,-0.2721990
0.9474400,0.9474400,0.9543547,-0.3580925,-0.2800257,-0.8785335,-0.0741073,-0.6389243,-0.3580925,-0.3580925,-0.4221339,-0.2669800
0.9524400,0.9524400,0.9593547,-0.3512582,-0.2746808,-0.8617725,-0.0726925,-0.6267343,-0.3512582,-0.3512582,-0.4140773,-0.2618846
0.9574400,0.9574400,0.9643547,-0.3445848,-0.2694619,-0.8454059,-0.0713110,-0.6148311,-0.3445848,-0.3445848,-0.4062105,-0.2569092
0.9624400,0.9624400,0.9693547,-0.3380678,-0.2643652,-0.8294226,-0.0699619,-0.6032068,-0.3380678,-0.3380678,-0.3985281,-0.2520504
0.9674400,0.9674400,0.9743547,-0.3317029,-0.2593874,-0.8138118,-0.0686443,-0.5918533,-0.3317029,-0.3317029,-0.3910247,-0.2473049
0.9724400,0.9724400,0.9793547,-0.3254856,-0.2545252,-0.7985629,-0.0673572,-0.5807631,-0.3254856,-0.3254856,-0.3836955,-0.2426696
0.9774400,0.9774400,0.9843547,-0.3194118,-0.2497752,-0.7836660,-0.0661000,-0.5699289,-0.3194118,-0.3194118,-0.3765356,-0.2381412
0.9824400,0.9824400,0.9893547,-0.3134777,-0.2451345,-0.7691111,-0.0648716,-0.5593434,-0.3134777,-0.3134777,-0.3695402,-0.2337170
0.9874400,0.9874400,0.9943547,-0.3076793,-0.2405998,-0.7548889,-0.0636713,-0.5490000,-0.3076793,-0.3076793,-0.3627048,-0.2293939
0.9924400,0.9924400,0.9993547,-0.3020128,-0.2361685,-0.7409903,-0.0624984,-0.5388918,-0.3020128,-0.3020128,-0.3560249,-0.2251692
0.9974400,0.9974400,1.0043547,-0.2964748,-0.2318375,-0.7274062,-0.0613521,-0.5290125,-0.2964748,-0.2964748,-0.3494964,-0.2210402
1.0024400,1.0024400,1.0093547,-0.2910616,-0.2276042,-0.7141283,-0.0602316,-0.5193558,-0.2910616,-0.2910616,-0.3431151,-0.2170043
1.0074400,1.0074400,1.0143547,-0.2857698,-0.2234659,-0.7011482,-0.0591363,-0.5099157,-0.2857698,-0.2857698,-0.3368770,-0.2130590
1.0124400,1.0124400,1.0193547,-0.2805963,-0.2194200,-0.6884579,-0.0580654,-0.5006864,-0.2805963,-0.2805963,-0.3307782,-0.2092018
1.0174400,1.0174400,1.0243547,-0.2755378,-0.2154641,-0.6760495,-0.0570184,-0.4916621,-0.2755378,-0.2755378,-0.3248151,-0.2054304
1.0224400,1.0224400,1.0293547,-0.2705912,-0.2115958,-0.6639157,-0.0559946,-0.4828375,-0.2705912,-0.2705912,-0.3189839,-0.2017425
1.0274400,1.0274400,1.0343547,-0.2657536,-0.2078127,-0.6520490,-0.0549933,-0.4742072,-0.2657536,-0.2657536,-0.3132811,-0.1981357
1.0324400,1.0324400,1.0393547,-0.2610222,-0.2041126,-0.6404424,-0.0540140,-0.4657661,-0.2610222,-0.2610222,-0.3077035,-0.1946081
1.0374400,1.0374400,1.0443547,-0.2563940,-0.2004933,-0.6290891,-0.0530561,-0.4575092,-0.2563940,-0.2563940,-0.3022475,-0.1911575
1.0424400,1.0424400,1.0493547,-0.2518663,-0.1969526,-0.6179824,-0.0521190,-0.4494316,-0.2518663,-0.2518663,-0.2969102,-0.1877819
1.0474400,1.0474400,1.0543547,-0.2474367,-0.1934885,-0.6071159,-0.0512022,-0.4415288,-0.2474367,-0.2474367,-0.2916884,-0.1844793
1.0524400,1.0524400,1.0593547,-0.2431025,-0.1900991,-0.5964834,-0.0503052,-0.4337961,-0.2431025,-0.2431025,-0.2865790,-0.1812479
1.0574400,1.0574400,1.0643547,-0.2388612,-0.1867824,-0.5860788,-0.0494274,-0.4262292,-0.2388612,-0.2388612,-0.2815792,-0.1780858
1.0624400,1.0624400,1.0693547,-0.2347104,-0.1835365,-0.5758963,-0.0485683,-0.4188238,-0.2347104,-0.2347104,-0.2766861,-0.1749911
1.0674400,1.0674400,1.0743547,-0.2306480,-0.1803596,-0.5659301,-0.0477275,-0.4115757,-0.2306480,-0.2306480,-0.2718971,-0.1719623
1.0724400,1.0724400,1.0793547,-0.2266715,-0.1772500,-0.5561748,-0.0469046,-0.4044811,-0.2266715,-0.2266715,-0.2672095,-0.1689976
1.0774400,1.0774400,1.0843547,-0.2227788,-0.1742059,-0.5466251,-0.0460989,-0.3975359,-0.2227788,-0.2227788,-0.2626206,-0.1660953
1.0824400,1.0824400,1.0893547,-0.2189678,-0.1712257,-0.5372757,-0.0453102,-0.3907364,-0.2189678,-0.2189678,-0.2581280,-0.1632540
1.0874400,1.0874400,1.0943547,-0.2152364,-0.1683078,-0.5281216,-0.0445380,-0.3840789,-0.2152364,-0.2152364,-0.2537294,-0.1604721
1.0924400,1.0924400,1.0993547,-0.2115827,-0.1654506,-0.5191579,-0.0437818,-0.3775600,-0.2115827,-0.2115827,-0.2494222,-0.1577480
1.0974400,1.0974400,1.1043547,-0.2080047,-0.1626526,-0.5103799,-0.0430413,-0.3711761,-0.2080047,-0.2080047,-0.2452043,-0.1550804
1.1024400,1.1024400,1.1093547,-0.2045005,-0.1599123,-0.5017830,-0.0423161,-0.3649238,-0.2045005,-0.2045005,-0.2410735,-0.1524678
1.1074400,1.1074400,1.1143547,-0.2010684,-0.1572284,-0.4933626,-0.0416059,-0.3588001,-0.2010684,-0.2010684,-0.2370275,-0.1499089
1.1124400,1.1124400,1.1193547,-0.1977065,-0.1545994,-0.4851146,-0.0409101,-0.3528016,-0.1977065,-0.1977065,-0.2330643,-0.1474024
1.1174400,1.1174400,1.1243547,-0.1944130,-0.1520240,-0.4770346,-0.0402285,-0.3469253,-0.1944130,-0.1944130,-0.2291819,-0.1449469
1.1224400,1.1224400,1.1293547,-0.1911865,-0.1495009,-0.4691185,-0.0395608,-0.3411682,-0.1911865,-0.1911865,-0.2253783,-0.1425413
1.1274400,1.1274400,1.1343547,-0.1880251,-0.1470287,-0.4613624,-0.0389066,-0.3355275,-0.1880251,-0.1880251,-0.2216516,-0.1401844
1.1324400,1.1324400,1.1393547,-0.1849275,-0.1446064,-0.4537624,-0.0382655,-0.3300004,-0.1849275,-0.1849275,-0.2179999,-0.1378749
1.1374400,1.1374400,1.1443547,-0.1818919,-0.1422326,-0.4463148,-0.0376373,-0.3245840,-0.1818919,-0.1818919,-0.2144215,-0.1356117
1.1424400,1.1424400,1.1493547,-0.1789169,-0.1399062,-0.4390159,-0.0370217,-0.3192758,-0.1789169,-0.1789169,-0.2109145,-0.1333936
1.1474400,1.1474400,1.1543547,-0.1760012,-0.1376261,-0.4318622,-0.0364183,-0.3140732,-0.1760012,-0.1760012,-0.2074773,-0.1312198
1.1524400,1.1524400,1.1593547,-0.1731432,-0.1353912,-0.4248502,-0.0358269,-0.3089737,-0.1731432,-0.1731432,-0.2041081,-0.1290890
1.1574400,1.1574400,1.1643547,-0.1703416,-0.1332005,-0.4179766,-0.0352471,-0.3039748,-0.1703416,-0.1703416,-0.2008055,-0.1270002
1.1624400,1.1624400,1.1693547,-0.1675951,-0.1310528,-0.4112380,-0.0346787,-0.2990741,-0.1675951,-0.1675951,-0.1975679,-0.1249525
1.1674400,1.1674400,1.1743547,-0.1649024,-0.1289471,-0.4046314,-0.0341215,-0.2942694,-0.1649024,-0.1649024,-0.1943936,-0.1229450
1.1724400,1.1724400,1.1793547,-0.1622622,-0.1268826,-0.3981537,-0.0335752,-0.2895584,-0.1622622,-0.1622622,-0.1912812,-0.1209766
1.1774400,1.1774400,1.1843547,-0.1596734,-0.1248581,-0.3918018,-0.0330394,-0.2849390,-0.1596734,-0.1596734,-0.1882294,-0.1190464
1.1824400,1.1824400,1.1893547,-0.1571346,-0.1228729,-0.3855729,-0.0325141,-0.2804089,-0.1571346,-0.1571346,-0.1852366,-0.1171536
1.1874400,1.1874400,1.1943547,-0.1546449,-0.1209259,-0.3794641,-0.0319988,-0.2759663,-0.1546449,-0.1546449,-0.1823016,-0.1152973
1.1924400,1.1924400,1.1993547,-0.1522029,-0.1190164,-0.3734726,-0.0314935,-0.2716089,-0.1522029,-0.1522029,-0.1794229,-0.1134767
1.1974400,1.1974400,1.2043547,-0.1498077,-0.1171434,-0.3675959,-0.0309979,-0.2673350,-0.1498077,-0.1498077,-0.1765994,-0.1116910
1.2024400,1.2024400,1.2093547,-0.1474582,-0.1153061,-0.3618311,-0.0305117,-0.2631426,-0.1474582,-0.1474582,-0.1738297,-0.1099392
1.2074400,1.2074400,1.2143547,-0.1451533,-0.1135038,-0.3561759,-0.0300347,-0.2590298,-0.1451533,-0.1451533,-0.1711126,-0.1082208
1.2124400,1.2124400,1.2193547,-0.1428921,-0.1117356,-0.3506277,-0.0295668,-0.2549948,-0.1428921,-0.1428921,-0.1684469,-0.1065349
1.2174400,1.2174400,1.2243547,-0.1406735,-0.1100007,-0.3451842,-0.0291077,-0.2510360,-0.1406735,-0.1406735,-0.1658316,-0.1048808
1.2224400,1.2224400,1.2293547,-0.1384966,-0.1082984,-0.3398429,-0.0286572,-0.2471515,-0.1384966,-0.1384966,-0.1632653,-0.1032578
1.2274400,1.2274400,1.2343547,-0.1363605,-0.1066280,-0.3346016,-0.0282152,-0.2433397,-0.1363605,-0.1363605,-0.1607472,-0.1016652
1.2324400,1.2324400,1.2393547,-0.1342642,-0.1049888,-0.3294581,-0.0277814,-0.2395991,-0.1342642,-0.1342642,-0.1582760,-0.1001023
1.2374400,1.2374400,1.2443547,-0.1322068,-0.1033800,-0.3244101,-0.0273557,-0.2359279,-0.1322068,-0.1322068,-0.1558507,-0.0985684
1.2424400,1.2424400,1.2493547,-0.1301876,-0.1018010,-0.3194557,-0.0269379,-0.2323248,-0.1301876,-0.1301876,-0.1534704,-0.0970630
1.2474400,1.2474400,1.2543547,-0.1282057,-0.1002512,-0.3145927,-0.0265277,-0.2287881,-0.1282057,-0.1282057,-0.1511340,-0.0955853
1.2524400,1.2524400,1.2593547,-0.1262602,-0.0987299,-0.3098191,-0.0261252,-0.2253165,-0.1262602,-0.1262602,-0.1488405,-0.0941348
1.2574400,1.2574400,1.2643547,-0.1243503,-0.0972364,-0.3051330,-0.0257300,-0.2219085,-0.1243503,-0.1243503,-0.1465891,-0.0927109
1.2624400,1.2624400,1.2693547,-0.1224754,-0.0957703,-0.3005324,-0.0253420,-0.2185627,-0.1224754,-0.1224754,-0.1443789,-0.0913130
1.2674400,1.2674400,1.2743547,-0.1206345,-0.0943308,-0.2960156,-0.0249611,-0.2152779,-0.1206345,-0.1206345,-0.1422088,-0.0899405
1.2724400,1.2724400,1.2793547,-0.1188271,-0.0929174,-0.2915806,-0.0245871,-0.2120525,-0.1188271,-0.1188271,-0.1400781,-0.0885930
1.2774400,1.2774400,1.2843547,-0.1170523,-0.0915296,-0.2872259,-0.0242198,-0.2088855,-0.1170523,-0.1170523,-0.1379859,-0.0872697
1.2824400,1.2824400,1.2893547,-0.1153095,-0.0901668,-0.2829495,-0.0238592,-0.2057755,-0.1153095,-0.1153095,-0.1359314,-0.0859704
1.2874400,1.2874400,1.2943547,-0.1135979,-0.0888284,-0.2787499,-0.0235050,-0.2027213,-0.1135979,-0.1135979,-0.1339138,-0.0846943
1.2924400,1.2924400,1.2993547,-0.1119170,-0.0875140,-0.2746254,-0.0231572,-0.1997218,-0.1119170,-0.1119170,-0.1319322,-0.0834411
1.2974400,1.2974400,1.3043547,-0.1102660,-0.0862230,-0.2705745,-0.0228156,-0.1967757,-0.1102660,-0.1102660,-0.1299860,-0.0822102
1.3024400,1.3024400,1.3093547,-0.1086444,-0.0849549,-0.2665955,-0.0224800,-0.1938820,-0.1086444,-0.1086444,-0.1280744,-0.0810012
1.3074400,1.3074400,1.3143547,-0.1070515,-0.0837094,-0.2626870,-0.0221504,-0.1910395,-0.1070515,-0.1070515,-0.1261966,-0.0798136
1.3124400,1.3124400,1.3193547,-0.1054867,-0.0824858,-0.2588474,-0.0218266,-0.1882472,-0.1054867,-0.1054867,-0.1243520,-0.0786469
1.3174400,1.3174400,1.3243547,-0.1039495,-0.0812837,-0.2550754,-0.0215085,-0.1855040,-0.1039495,-0.1039495,-0.1225398,-0.0775008
1.3224400,1.3224400,1.3293547,-0.1024392,-0.0801027,-0.2513695,-0.0211960,-0.1828089,-0.1024392,-0.1024392,-0.1207594,-0.0763748
1.3274400,1.3274400,1.3343547,-0.1009553,-0.0789423,-0.2477284,-0.0208890,-0.1801609,-0.1009553,-0.1009553,-0.1190101,-0.0752684
1.3324400,1.3324400,1.3393547,-0.0994972,-0.0778022,-0.2441507,-0.0205873,-0.1775590,-0.0994972,-0.0994972,-0.1172913,-0.0741814
1.3374400,1.3374400,1.3443547,-0.0980645,-0.0766818,-0.2406352,-0.0202908,-0.1750023,-0.0980645,-0.0980645,-0.1156023,-0.0731132
1.3424400,1.3424400,1.3493547,-0.0966566,-0.0755809,-0.2371804,-0.0199995,-0.1724898,-0.0966566,-0.0966566,-0.1139426,-0.0720635
1.3474400,1.3474400,1.3543547,-0.0952729,-0.0744989,-0.2337853,-0.0197132,-0.1700207,-0.0952729,-0.0952729,-0.1123115,-0.0710319
1.3524400,1.3524400,1.3593547,-0.0939130,-0.0734356,-0.2304485,-0.0194318,-0.1675940,-0.0939130,-0.0939130,-0.1107084,-0.0700180
1.3574400,1.3574400,1.3643547,-0.0925765,-0.0723904,-0.2271690,-0.0191552,-0.1652089,-0.0925765,-0.0925765,-0.1091329,-0.0690215
1.3624400,1.3624400,1.3693547,-0.0912628,-0.0713632,-0.2239454,-0.0188834,-0.1628646,-0.0912628,-0.0912628,-0.1075842,-0.0680421
1.3674400,1.3674400,1.3743547,-0.0899715,-0.0703534,-0.2207768,-0.0186162,-0.1605602,-0.0899715,-0.0899715,-0.1060619,-0.0670793
1.3724400,1.3724400,1.3793547,-0.0887021,-0.0693608,-0.2176620,-0.0183535,-0.1582950,-0.0887021,-0.0887021,-0.1045655,-0.0661329
1.3774400,1.3774400,1.3843547,-0.0874541,-0.0683850,-0.2145999,-0.0180953,-0.1560680,-0.0874541,-0.0874541,-0.1030944,-0.0652025
1.3824400,1.3824400,1.3893547,-0.0862273,-0.0674256,-0.2115894,-0.0178414,-0.1538787,-0.0862273,-0.0862273,-0.1016481,-0.0642878
1.3874400,1.3874400,1.3943547,-0.0850211,-0.0664824,-0.2086296,-0.0175919,-0.1517262,-0.0850211,-0.0850211,-0.1002262,-0.0633885
1.3924400,1.3924400,1.3993547,-0.0838351,-0.0655550,-0.2057195,-0.0173465,-0.1496097,-0.0838351,-0.0838351,-0.0988281,-0.0625043
1.3974400,1.3974400,1.4043547,-0.0826689,-0.0646431,-0.2028580,-0.0171052,-0.1475287,-0.0826689,-0.0826689,-0.0974534,-0.0616348
1.4024400,1.4024400,1.4093547,-0.0815222,-0.0637464,-0.2000441,-0.0168679,-0.1454823,-0.0815222,-0.0815222,-0.0961016,-0.0607799
1.4074400,1.4074400,1.4143547,-0.0803945,-0.0628646,-0.1972771,-0.0166345,-0.1434700,-0.0803945,-0.0803945,-0.0947722,-0.0599391
1.4124400,1.4124400,1.4193547,-0.0792855,-0.0619974,-0.1945558,-0.0164051,-0.1414910,-0.0792855,-0.0792855,-0.0934649,-0.0591123
1.4174400,1.4174400,1.4243547,-0.0781949,-0.0611446,-0.1918796,-0.0161794,-0.1395446,-0.0781949,-0.0781949,-0.0921792,-0.0582991
1.4224400,1.4224400,1.4293547,-0.0771221,-0.0603058,-0.1892473,-0.0159574,-0.1376304,-0.0771221,-0.0771221,-0.0909146,-0.0574994
1.4274400,1.4274400,1.4343547,-0.0760670,-0.0594807,-0.1866583,-0.0157391,-0.1357475,-0.0760670,-0.0760670,-0.0896709,-0.0567127
1.4324400,1.4324400,1.4393547,-0.0750292,-0.0586692,-0.1841117,-0.0155244,-0.1338955,-0.0750292,-0.0750292,-0.0884474,-0.0559390
1.4374400,1.4374400,1.4443547,-0.0740083,-0.0578709,-0.1816067,-0.0153131,-0.1320737,-0.0740083,-0.0740083,-0.0872440,-0.0551778
1.4424400,1.4424400,1.4493547,-0.0730041,-0.0570856,-0.1791424,-0.0151053,-0.1302815,-0.0730041,-0.0730041,-0.0860601,-0.0544291
1.4474400,1.4474400,1.4543547,-0.0720161,-0.0563131,-0.1767181,-0.0149009,-0.1285184,-0.0720161,-0.0720161,-0.0848954,-0.0536925
1.4524400,1.4524400,1.4593547,-0.0710441,-0.0555530,-0.1743330,-0.0146998,-0.1267839,-0.0710441,-0.0710441,-0.0837496,-0.0529678
1.4574400,1.4574400,1.4643547,-0.0700878,-0.0548052,-0.1719864,-0.0145019,-0.1250773,-0.0700878,-0.0700878,-0.0826223,-0.0522548
1.4624400,1.4624400,1.4693547,-0.0691468,-0.0540694,-0.1696775,-0.0143072,-0.1233982,-0.0691468,-0.0691468,-0.0815130,-0.0515533
1.4674400,1.4674400,1.4743547,-0.0682210,-0.0533455,-0.1674057,-0.0141157,-0.1217460,-0.0682210,-0.0682210,-0.0804216,-0.0508630
1.4724400,1.4724400,1.4793547,-0.0673100,-0.0526331,-0.1651701,-0.0139271,-0.1201202,-0.0673100,-0.0673100,-0.0793477,-0.0501838
1.4774400,1.4774400,1.4843547,-0.0664135,-0.0519321,-0.1629703,-0.0137416,-0.1185203,-0.0664135,-0.0664135,-0.0782908,-0.0495154
1.4824400,1.4824400,1.4893547,-0.0655312,-0.0512422,-0.1608054,-0.0135591,-0.1169459,-0.0655312,-0.0655312,-0.0772508,-0.0488576
1.4874400,1.4874400,1.4943547,-0.0646630,-0.0505632,-0.1586748,-0.0133794,-0.1153965,-0.0646630,-0.0646630,-0.0762273,-0.0482103
1.4924400,1.4924400,1.4993547,-0.0638084,-0.0498950,-0.1565780,-0.0132026,-0.1138715,-0.0638084,-0.0638084,-0.0752199,-0.0475732
1.4974400,1.4974400,1.5043547,-0.0629674,-0.0492374,-0.1545142,-0.0130286,-0.1123706,-0.0629674,-0.0629674,-0.0742284,-0.0469461
1.5024400,1.5024400,1.5093547,-0.0621395,-0.0485900,-0.1524828,-0.0128573,-0.1108933,-0.0621395,-0.0621395,-0.0732526,-0.0463289
1.5074400,1.5074400,1.5143547,-0.0613247,-0.0479529,-0.1504833,-0.0126887,-0.1094391,-0.0613247,-0.0613247,-0.0722920,-0.0457214
1.5124400,1.5124400,1.5193547,-0.0605226,-0.0473256,-0.1485150,-0.0125227,-0.1080077,-0.0605226,-0.0605226,-0.0713464,-0.0451234
1.5174400,1.5174400,1.5243547,-0.0597330,-0.0467082,-0.1465775,-0.0123594,-0.1065986,-0.0597330,-0.0597330,-0.0704156,-0.0445347
1.5224400,1.5224400,1.5293547,-0.0589557,-0.0461004,-0.1446701,-0.0121985,-0.1052115,-0.0589557,-0.0589557,-0.0694993,-0.0439551
1.5274400,1.5274400,1.5343547,-0.0581904,-0.0455020,-0.1427922,-0.0120402,-0.1038458,-0.0581904,-0.0581904,-0.0685971,-0.0433846
1.5324400,1.5324400,1.5393547,-0.0574370,-0.0449128,-0.1409434,-0.0118843,-0.1025012,-0.0574370,-0.0574370,-0.0677090,-0.0428228
1.5374400,1.5374400,1.5443547,-0.0566951,-0.0443328,-0.1391231,-0.0117308,-0.1011774,-0.0566951,-0.0566951,-0.0668345,-0.0422698
1.5424400,1.5424400,1.5493547,-0.0559647,-0.0437616,-0.1373308,-0.0115797,-0.0998740,-0.0559647,-0.0559647,-0.0659734,-0.0417252
1.5474400,1.5474400,1.5543547,-0.0552455,-0.0431992,-0.1355660,-0.0114308,-0.0985905,-0.0552455,-0.0552455,-0.0651256,-0.0411890
1.5524400,1.5524400,1.5593547,-0.0545373,-0.0426455,-0.1338282,-0.0112843,-0.0973267,-0.0545373,-0.0545373,-0.0642908,-0.0406610
1.5574400,1.5574400,1.5643547,-0.0538400,-0.0421001,-0.1321169,-0.0111400,-0.0960822,-0.0538400,-0.0538400,-0.0634687,-0.0401411
1.5624400,1.5624400,1.5693547,-0.0531532,-0.0415631,-0.1304317,-0.0109979,-0.0948566,-0.0531532,-0.0531532,-0.0626591,-0.0396290
1.5674400,1.5674400,1.5743547,-0.0524768,-0.0410342,-0.1287720,-0.0108580,-0.0936496,-0.0524768,-0.0524768,-0.0618618,-0.0391248
1.5724400,1.5724400,1.5793547,-0.0518107,-0.0405134,-0.1271375,-0.0107201,-0.0924609,-0.0518107,-0.0518107,-0.0610765,-0.0386281
1.5774400,1.5774400,1.5843547,-0.0511547,-0.0400004,-0.1255276,-0.0105844,-0.0912901,-0.0511547,-0.0511547,-0.0603031,-0.0381390
1.5824400,1.5824400,1.5893547,-0.0505085,-0.0394951,-0.1239420,-0.0104507,-0.0901370,-0.0505085,-0.0505085,-0.0595414,-0.0376572
1.5874400,1.5874400,1.5943547,-0.0498720,-0.0389974,-0.1223802,-0.0103190,-0.0890011,-0.0498720,-0.0498720,-0.0587911,-0.0371827
1.5924400,1.5924400,1.5993547,-0.0492451,-0.0385072,-0.1208418,-0.0101893,-0.0878823,-0.0492451,-0.0492451,-0.0580520,-0.0367153
1.5974400,1.5974400,1.6043547,-0.0486275,-0.0380243,-0.1193264,-0.0100615,-0.0867802,-0.0486275,-0.0486275,-0.0573240,-0.0362549
1.6024400,1.6024400,1.6093547,-0.0480191,-0.0375485,-0.1178335,-0.0099356,-0.0856946,-0.0480191,-0.0480191,-0.0566069,-0.0358013
1.6074400,1.6074400,1.6143547,-0.0474198,-0.0370799,-0.1163629,-0.0098116,-0.0846250,-0.0474198,-0.0474198,-0.0559004,-0.0353544
1.6124400,1.6124400,1.6193547,-0.0468294,-0.0366182,-0.1149140,-0.0096894,-0.0835714,-0.0468294,-0.0468294,-0.0552043,-0.0349142
1.6174400,1.6174400,1.6243547,-0.0462477,-0.0361633,-0.1134866,-0.0095691,-0.0825333,-0.0462477,-0.0462477,-0.0545186,-0.0344805
1.6224400,1.6224400,1.6293547,-0.0456746,-0.0357152,-0.1120802,-0.0094505,-0.0815105,-0.0456746,-0.0456746,-0.0538430,-0.0340532
1.6274400,1.6274400,1.6343547,-0.0451099,-0.0352736,-0.1106946,-0.0093337,-0.0805027,-0.0451099,-0.0451099,-0.0531773,-0.0336322
1.6324400,1.6324400,1.6393547,-0.0445535,-0.0348386,-0.1093292,-0.0092185,-0.0795098,-0.0445535,-0.0445535,-0.0525214,-0.0332174
1.6374400,1.6374400,1.6443547,-0.0440052,-0.0344098,-0.1079839,-0.0091051,-0.0785314,-0.0440052,-0.0440052,-0.0518751,-0.0328086
1.6424400,1.6424400,1.6493547,-0.0434650,-0.0339874,-0.1066582,-0.0089933,-0.0775673,-0.0434650,-0.0434650,-0.0512382,-0.0324059
1.6474400,1.6474400,1.6543547,-0.0429326,-0.0335711,-0.1053518,-0.0088831,-0.0766172,-0.0429326,-0.0429326,-0.0506106,-0.0320089
1.6524400,1.6524400,1.6593547,-0.0424079,-0.0331609,-0.1040644,-0.0087746,-0.0756810,-0.0424079,-0.0424079,-0.0499921,-0.0316178
1.6574400,1.6574400,1.6643547,-0.0418909,-0.0327566,-0.1027956,-0.0086676,-0.0747583,-0.0418909,-0.0418909,-0.0493826,-0.0312323
1.6624400,1.6624400,1.6693547,-0.0413813,-0.0323581,-0.1015453,-0.0085622,-0.0738489,-0.0413813,-0.0413813,-0.0487820,-0.0308524
1.6674400,1.6674400,1.6743547,-0.0408791,-0.0319654,-0.1003129,-0.0084583,-0.0729527,-0.0408791,-0.0408791,-0.0481899,-0.0304780
1.6724400,1.6724400,1.6793547,-0.0403841,-0.0315783,-0.0990983,-0.0083558,-0.0720693,-0.0403841,-0.0403841,-0.0476064,-0.0301089
1.6774400,1.6774400,1.6843547,-0.0398963,-0.0311968,-0.0979011,-0.0082549,-0.0711987,-0.0398963,-0.0398963,-0.0470313,-0.0297452
1.6824400,1.6824400,1.6893547,-0.0394154,-0.0308208,-0.0967210,-0.0081554,-0.0703405,-0.0394154,-0.0394154,-0.0464644,-0.0293866
1.6874400,1.6874400,1.6943547,-0.0389413,-0.0304501,-0.0955578,-0.0080573,-0.0694945,-0.0389413,-0.0389413,-0.0459056,-0.0290332
1.6924400,1.6924400,1.6993547,-0.0384741,-0.0300848,-0.0944112,-0.0079606,-0.0686607,-0.0384741,-0.0384741,-0.0453548,-0.0286848
1.6974400,1.6974400,1.7043547,-0.0380135,-0.0297246,-0.0932809,-0.0078653,-0.0678386,-0.0380135,-0.0380135,-0.0448118,-0.0283414
1.7024400,1.7024400,1.7093547,-0.0375594,-0.0293695,-0.0921666,-0.0077714,-0.0670283,-0.0375594,-0.0375594,-0.0442764,-0.0280029
1.7074400,1.7074400,1.7143547,-0.0371117,-0.0290194,-0.0910681,-0.0076787,-0.0662294,-0.0371117,-0.0371117,-0.0437487,-0.0276691
1.7124400,1.7124400,1.7193547,-0.0366703,-0.0286743,-0.0899851,-0.0075874,-0.0654417,-0.0366703,-0.0366703,-0.0432284,-0.0273400
1.7174400,1.7174400,1.7243547,-0.0362352,-0.0283341,-0.0889173,-0.0074974,-0.0646652,-0.0362352,-0.0362352,-0.0427155,-0.0270156
1.7224400,1.7224400,1.7293547,-0.0358062,-0.0279986,-0.0878645,-0.0074086,-0.0638996,-0.0358062,-0.0358062,-0.0422097,-0.0266957
1.7274400,1.7274400,1.7343547,-0.0353832,-0.0276678,-0.0868265,-0.0073211,-0.0631447,-0.0353832,-0.0353832,-0.0417111,-0.0263804
1.7324400,1.7324400,1.7393547,-0.0349661,-0.0273417,-0.0858030,-0.0072348,-0.0624003,-0.0349661,-0.0349661,-0.0412194,-0.0260694
1.7374400,1.7374400,1.7443547,-0.0345548,-0.0270201,-0.0847938,-0.0071497,-0.0616664,-0.0345548,-0.0345548,-0.0407345,-0.0257628
1.7424400,1.7424400,1.7493547,-0.0341492,-0.0267030,-0.0837986,-0.0070658,-0.0609426,-0.0341492,-0.0341492,-0.0402565,-0.0254604
1.7474400,1.7474400,1.7543547,-0.0337493,-0.0263902,-0.0828172,-0.0069830,-0.0602289,-0.0337493,-0.0337493,-0.0397850,-0.0251622
1.7524400,1.7524400,1.7593547,-0.0333549,-0.0260819,-0.0818495,-0.0069014,-0.0595251,-0.0333549,-0.0333549,-0.0393201,-0.0248682
1.7574400,1.7574400,1.7643547,-0.0329660,-0.0257777,-0.0808951,-0.0068210,-0.0588310,-0.0329660,-0.0329660,-0.0388616,-0.0245782
1.7624400,1.7624400,1.7693547,-0.0325824,-0.0254778,-0.0799538,-0.0067416,-0.0581465,-0.0325824,-0.0325824,-0.0384095,-0.0242923
1.7674400,1.7674400,1.7743547,-0.0322041,-0.0251820,-0.0790256,-0.0066633,-0.0574714,-0.0322041,-0.0322041,-0.0379635,-0.0240102
1.7724400,1.7724400,1.7793547,-0.0318310,-0.0248902,-0.0781100,-0.0065861,-0.0568056,-0.0318310,-0.0318310,-0.0375237,-0.0237320
1.7774400,1.7774400,1.7843547,-0.0314631,-0.0246025,-0.0772070,-0.0065100,-0.0561489,-0.0314631,-0.0314631,-0.0370899,-0.0234577
1.7824400,1.7824400,1.7893547,-0.0311001,-0.0243187,-0.0763164,-0.0064349,-0.0555012,-0.0311001,-0.0311001,-0.0366620,-0.0231871
1.7874400,1.7874400,1.7943547,-0.0307421,-0.0240387,-0.0754378,-0.0063608,-0.0548623,-0.0307421,-0.0307421,-0.0362400,-0.0229202
1.7924400,1.7924400,1.7993547,-0.0303889,-0.0237626,-0.0745713,-0.0062877,-0.0542321,-0.0303889,-0.0303889,-0.0358237,-0.0226569
1.7974400,1.7974400,1.8043547,-0.0300406,-0.0234902,-0.0737165,-0.0062157,-0.0536104,-0.0300406,-0.0300406,-0.0354130,-0.0223971
1.8024400,1.8024400,1.8093547,-0.0296970,-0.0232215,-0.0728732,-0.0061446,-0.0529972,-0.0296970,-0.0296970,-0.0350079,-0.0221409
1.8074400,1.8074400,1.8143547,-0.0293580,-0.0229564,-0.0720414,-0.0060744,-0.0523922,-0.0293580,-0.0293580,-0.0346083,-0.0218882
1.8124400,1.8124400,1.8193547,-0.0290236,-0.0226949,-0.0712208,-0.0060052,-0.0517954,-0.0290236,-0.0290236,-0.0342141,-0.0216389
1.8174400,1.8174400,1.8243547,-0.0286936,-0.0224369,-0.0704112,-0.0059370,-0.0512066,-0.0286936,-0.0286936,-0.0338252,-0.0213929
1.8224400,1.8224400,1.8293547,-0.0283681,-0.0221824,-0.0696125,-0.0058696,-0.0506258,-0.0283681,-0.0283681,-0.0334415,-0.0211502
1.8274400,1.8274400,1.8343547,-0.0280470,-0.0219313,-0.0688244,-0.0058032,-0.0500527,-0.0280470,-0.0280470,-0.0330629,-0.0209108
1.8324400,1.8324400,1.8393547,-0.0277302,-0.0216836,-0.0680470,-0.0057376,-0.0494872,-0.0277302,-0.0277302,-0.0326894,-0.0206746
1.8374400,1.8374400,1.8443547,-0.0274176,-0.0214391,-0.0672798,-0.0056729,-0.0489294,-0.0274176,-0.0274176,-0.0323209,-0.0204415
1.8424400,1.8424400,1.8493547,-0.0271091,-0.0211979,-0.0665229,-0.0056091,-0.0483789,-0.0271091,-0.0271091,-0.0319573,-0.0202115
1.8474400,1.8474400,1.8543547,-0.0268047,-0.0209599,-0.0657761,-0.0055461,-0.0478357,-0.0268047,-0.0268047,-0.0315985,-0.0199846
1.8524400,1.8524400,1.8593547,-0.0265044,-0.0207251,-0.0650391,-0.0054840,-0.0472998,-0.0265044,-0.0265044,-0.0312444,-0.0197607
1.8574400,1.8574400,1.8643547,-0.0262081,-0.0204933,-0.0643119,-0.0054227,-0.0467709,-0.0262081,-0.0262081,-0.0308951,-0.0195397
1.8624400,1.8624400,1.8693547,-0.0259156,-0.0202647,-0.0635942,-0.0053622,-0.0462490,-0.0259156,-0.0259156,-0.0305503,-0.0193217
1.8674400,1.8674400,1.8743547,-0.0256270,-0.0200390,-0.0628860,-0.0053024,-0.0457339,-0.0256270,-0.0256270,-0.0302101,-0.0191065
1.8724400,1.8724400,1.8793547,-0.0253422,-0.0198163,-0.0621871,-0.0052435,-0.0452257,-0.0253422,-0.0253422,-0.0298744,-0.0188942
1.8774400,1.8774400,1.8843547,-0.0250611,-0.0195965,-0.0614974,-0.0051854,-0.0447241,-0.0250611,-0.0250611,-0.0295430,-0.0186846
1.8824400,1.8824400,1.8893547,-0.0247837,-0.0193796,-0.0608167,-0.0051280,-0.0442290,-0.0247837,-0.0247837,-0.0292160,-0.0184778
1.8874400,1.8874400,1.8943547,-0.0245099,-0.0191655,-0.0601449,-0.0050713,-0.0437404,-0.0245099,-0.0245099,-0.0288933,-0.0182737
1.8924400,1.8924400,1.8993547,-0.0242397,-0.0189542,-0.0594818,-0.0050154,-0.0432582,-0.0242397,-0.0242397,-0.0285747,-0.0180722
1.8974400,1.8974400,1.9043547,-0.0239730,-0.0187457,-0.0588273,-0.0049602,-0.0427823,-0.0239730,-0.0239730,-0.0282603,-0.0178734
1.9024400,1.9024400,1.9093547,-0.0237098,-0.0185398,-0.0581814,-0.0049058,-0.0423125,-0.0237098,-0.0237098,-0.0279500,-0.0176771
1.9074400,1.9074400,1.9143547,-0.0234499,-0.0183366,-0.0575438,-0.0048520,-0.0418488,-0.0234499,-0.0234499,-0.0276437,-0.0174834
1.9124400,1.9124400,1.9193547,-0.0231935,-0.0181361,-0.0569144,-0.0047989,-0.0413911,-0.0231935,-0.0231935,-0.0273414,-0.0172922
1.9174400,1.9174400,1.9243547,-0.0229403,-0.0179381,-0.0562931,-0.0047465,-0.0409392,-0.0229403,-0.0229403,-0.0270429,-0.0171034
1.9224400,1.9224400,1.9293547,-0.0226904,-0.0177427,-0.0556798,-0.0046948,-0.0404932,-0.0226904,-0.0226904,-0.0267483,-0.0169171
1.9274400,1.9274400,1.9343547,-0.0224437,-0.0175498,-0.0550744,-0.0046438,-0.0400530,-0.0224437,-0.0224437,-0.0264575,-0.0167332
1.9324400,1.9324400,1.9393547,-0.0222001,-0.0173593,-0.0544768,-0.0045934,-0.0396183,-0.0222001,-0.0222001,-0.0261703,-0.0165516
1.9374400,1.9374400,1.9443547,-0.0219597,-0.0171713,-0.0538868,-0.0045436,-0.0391892,-0.0219597,-0.0219597,-0.0258869,-0.0163723
1.9424400,1.9424400,1.9493547,-0.0217223,-0.0169857,-0.0533043,-0.0044945,-0.0387656,-0.0217223,-0.0217223,-0.0256071,-0.0161953
1.9474400,1.9474400,1.9543547,-0.0214879,-0.0168025,-0.0527292,-0.0044460,-0.0383474,-0.0214879,-0.0214879,-0.0253308,-0.0160206
1.9524400,1.9524400,1.9593547,-0.0212566,-0.0166215,-0.0521615,-0.0043982,-0.0379345,-0.0212566,-0.0212566,-0.0250581,-0.0158481
1.9574400,1.9574400,1.9643547,-0.0210281,-0.0164429,-0.0516009,-0.0043509,-0.0375268,-0.0210281,-0.0210281,-0.0247888,-0.0156778
1.9624400,1.9624400,1.9693547,-0.0208026,-0.0162665,-0.0510474,-0.0043042,-0.0371243,-0.0208026,-0.0208026,-0.0245229,-0.0155096
1.9674400,1.9674400,1.9743547,-0.0205799,-0.0160924,-0.0505009,-0.0042581,-0.0367269,-0.0205799,-0.0205799,-0.0242604,-0.0153436
1.9724400,1.9724400,1.9793547,-0.0203600,-0.0159205,-0.0499613,-0.0042126,-0.0363345,-0.0203600,-0.0203600,-0.0240011,-0.0151796
1.9774400,1.9774400,1.9843547,-0.0201429,-0.0157507,-0.0494285,-0.0041677,-0.0359470,-0.0201429,-0.0201429,-0.0237452,-0.0150178
1.9824400,1.9824400,1.9893547,-0.0199285,-0.0155830,-0.0489024,-0.0041234,-0.0355643,-0.0199285,-0.0199285,-0.0234924,-0.0148579
1.9874400,1.9874400,1.9943547,-0.0197167,-0.0154175,-0.0483829,-0.0040796,-0.0351865,-0.0197167,-0.0197167,-0.0232429,-0.0147001
1.9924400,1.9924400,1.9993547,-0.0195077,-0.0152540,-0.0478698,-0.0040363,-0.0348134,-0.0195077,-0.0195077,-0.0229964,-0.0145442
1.9974400,1.9974400,2.0043547,-0.0193012,-0.0150925,-0.0473632,-0.0039936,-0.0344449,-0.0193012,-0.0193012,-0.0227530,-0.0143903
