# r[nm],ssd(r)[nm]
-0.9658526,-0.9658526
-0.9608526,-0.9608526
-0.9558526,-0.9558526
-0.9508526,-0.9508526
-0.9458526,-0.9458526
-0.9408526,-0.9408526
-0.9358526,-0.9358526
-0.9308526,-0.9308526
-0.9258526,-0.9258526
-0.9208526,-0.9208526
-0.9158526,-0.9158526
-0.9108526,-0.9108526
-0.9058526,-0.9058526
-0.9008526,-0.9008526
-0.8958526,-0.8958526
-0.8908526,-0.8908526
-0.8858526,-0.8858526
-0.8808526,-0.8808526
-0.8758526,-0.8758526
-0.8708526,-0.8708526
-0.8658526,-0.8658526
-0.8608526,-0.8608526
-0.8558526,-0.8558526
-0.8508526,-0.8508526
-0.8458526,-0.8458526
-0.8408526,-0.8408526
-0.8358526,-0.8358526
-0.8308526,-0.8308526
-0.8258526,-0.8258526
-0.8208526,-0.8208526
-0.8158526,-0.8158526
-0.8108526,-0.8108526
-0.8058526,-0.8058526
-0.8008526,-0.8008526
-0.7958526,-0.7958526
-0.7908526,-0.7908526
-0.7858526,-0.7858526
-0.7808526,-0.7808526
-0.7758526,-0.7758526
-0.7708526,-0.7708526
-0.7658526,-0.7658526
-0.7608526,-0.7608526
-0.7558526,-0.7558526
-0.7508526,-0.7508526
-0.7458526,-0.7458526
-0.7408526,-0.7408526
-0.7358526,-0.7358526
-0.7308526,-0.7308526
-0.7258526,-0.7258526
-0.7208526,-0.7208526
-0.7158526,-0.7158526
-0.7108526,-0.7108526
-0.7058526,-0.7058526
-0.7008526,-0.7008526
-0.6958526,-0.6958526
-0.6908526,-0.6908526
-0.6858526,-0.6858526
-0.6808526,-0.6808526
-0.6758526,-0.6758526
-0.6708526,-0.6708526
-0.6658526,-0.6658526
-0.6608526,-0.6608526
-0.6558526,-0.6558526
-0.6508526,-0.6508526
-0.6458526,-0.6458526
-0.6408526,-0.6408526
-0.6358526,-0.6358526
-0.6308526,-0.6308526
-0.6258526,-0.6258526
-0.6208526,-0.6208526
-0.6158526,-0.6158526
-0.6108526,-0.6108526
-0.6058526,-0.6058526
-0.6008526,-0.6008526
-0.5958526,-0.5958526
-0.5908526,-0.5908526
-0.5858526,-0.5858526
-0.5808526,-0.5808526
-0.5758526,-0.5758526
-0.5708526,-0.5708526
-0.5658526,-0.5658526
-0.5608526,-0.5608526
-0.5558526,-0.5558526
-0.5508526,-0.5508526
-0.5458526,-0.5458526
-0.5408526,-0.5408526
-0.5358526,-0.5358526
-0.5308526,-0.5308526
-0.5258526,-0.5258526
-0.5208526,-0.5208526
-0.5158526,-0.5158526
-0.5108526,-0.5108526
-0.5058526,-0.5058526
-0.5008526,-0.5008526
-0.4958526,-0.4958526
-0.4908526,-0.4908526
-0.4858526,-0.4858526
-0.4808526,-0.4808526
-0.4758526,-0.4758526
-0.4708526,-0.4708526
-0.4658526,-0.4658526
-0.4608526,-0.4608526
-0.4558526,-0.4558526
-0.4508526,-0.4508526
-0.4458526,-0.4458526
-0.4408526,-0.4408526
-0.4358526,-0.4358526
-0.4308526,-0.4308526
-0.4258526,-0.4258526
-0.4208526,-0.4208526
-0.4158526,-0.4158526
-0.4108526,-0.4108526
-0.4058526,-0.4058526
-0.4008526,-0.4008526
-0.3958526,-0.3958526
-0.3908526,-0.3908526
-0.3858526,-0.3858526
-0.3808526,-0.3808526
-0.3758526,-0.3758526
-0.3708526,-0.3708526
-0.3658526,-0.3658526
-0.3608526,-0.3608526
-0.3558526,-0.3558526
-0.3508526,-0.3508526
-0.3458526,-0.3458526
-0.3408526,-0.3408526
-0.3358526,-0.3358526
-0.3308526,-0.3308526
-0.3258526,-0.3258526
-0.3208526,-0.3208526
-0.3158526,-0.3158526
-0.3108526,-0.3108526
-0.3058526,-0.3058526
-0.3008526,-0.3008526
-0.2958526,-0.2958526
-0.2908526,-0.2908526
-0.2858526,-0.2858526
-0.2808526,-0.2808526
-0.2758526,-0.2758526
-0.2708526,-0.2708526
-0.2658526,-0.2658526
-0.2608526,-0.2608526
-0.2558526,-0.2558526
-0.2508526,-0.2508526
-0.2458526,-0.2458526
-0.2408526,-0.2408526
-0.2358526,-0.2358526
-0.2308526,-0.2308526
-0.2258526,-0.2258526
-0.2208526,-0.2208526
-0.2158526,-0.2158526
-0.2108526,-0.2108526
-0.2058526,-0.2058526
-0.2008526,-0.2008526
-0.1958526,-0.1958526
-0.1908526,-0.1908526
-0.1858526,-0.1858526
-0.1808526,-0.1808526
-0.1758526,-0.1758526
-0.1708526,-0.1708526
-0.1658526,-0.1658526
-0.1608526,-0.1608526
-0.1558526,-0.1558526
-0.1508526,-0.1508526
-0.1458526,-0.1458526
-0.1408526,-0.1408526
-0.1358526,-0.1358526
-0.1308526,-0.1308526
-0.1258526,-0.1258526
-0.1208526,-0.1208526
-0.1158526,-0.1158526
-0.1108526,-0.1108526
-0.1058526,-0.1058526
-0.1008526,-0.1008526
-0.0958526,-0.0958526
-0.0908526,-0.0908526
-0.0858526,-0.0858526
-0.0808526,-0.0808526
-0.0758526,-0.0758526
-0.0708526,-0.0708526
-0.0658526,-0.0658526
-0.0608526,-0.0608526
-0.0558526,-0.0558526
-0.0508526,-0.0508526
-0.0458526,-0.0458526
-0.0408526,-0.0408526
-0.0358526,-0.0358526
-0.0308526,-0.0308526
-0.0258526,-0.0258526
-0.0208526,-0.0208526
-0.0158526,-0.0158526
-0.0108526,-0.0108526
-0.0058526,-0.0058526
-0.0008526,-0.0008526
0.0041474,0.0041474
0.0091474,0.0091474
0.0141474,0.0141474
0.0191474,0.0191474
0.0241474,0.0241474
0.0291474,0.0291474
0.0341474,0.0341474
0.0391474,0.0391474
0.0441474,0.0441474
0.0491474,0.0491474
0.0541474,0.0541474
0.0591474,0.0591474
0.0641474,0.0641474
0.0691474,0.0691474
0.0741474,0.0741474
0.0791474,0.0791474
0.0841474,0.0841474
0.0891474,0.0891474
0.0941474,0.0941474
0.0991474,0.0991474
0.1041474,0.1041474
0.1091474,0.1091474
0.1141474,0.1141474
0.1191474,0.1191474
0.1241474,0.1241474
0.1291474,0.1291474
0.1341474,0.1341474
0.1391474,0.1391474
0.1441474,0.1441474
0.1491474,0.1491474
0.1541474,0.1541474
0.1591474,0.1591474
0.1641474,0.1641474
0.1691474,0.1691474
0.1741474,0.1741474
0.1791474,0.1791474
0.1841474,0.1841474
0.1891474,0.1891474
0.1941474,0.1941474
0.1991474,0.1991474
0.2041474,0.2041474
0.2091474,0.2091474
0.2141474,0.2141474
0.2191474,0.2191474
0.2241474,0.2241474
0.2291474,0.2291474
0.2341474,0.2341474
0.2391474,0.2391474
0.2441474,0.2441474
0.2491474,0.2491474
0.2541474,0.2541474
0.2591474,0.2591474
0.2641474,0.2641474
0.2691474,0.2691474
0.2741474,0.2741474
0.2791474,0.2791474
0.2841474,0.2841474
0.2891474,0.2891474
0.2941474,0.2941474
0.2991474,0.2991474
0.3041474,0.3041474
0.3091474,0.3091474
0.3141474,0.3141474
0.3191474,0.3191474
0.3241474,0.3241474
0.3291474,0.3291474
0.3341474,0.3341474
0.3391474,0.3391474
0.3441474,0.3441474
0.3491474,0.3491474
0.3541474,0.3541474
0.3591474,0.3591474
0.3641474,0.3641474
0.3691474,0.3691474
0.3741474,0.3741474
0.3791474,0.3791474
0.3841474,0.3841474
0.3891474,0.3891474
0.3941474,0.3941474
0.3991474,0.3991474
0.4041474,0.4041474
0.4091474,0.4091474
0.4141474,0.4141474
0.4191474,0.4191474
0.4241474,0.4241474
0.4291474,0.4291474
0.4341474,0.4341474
0.4391474,0.4391474
0.4441474,0.4441474
0.4491474,0.4491474
0.4541474,0.4541474
0.4591474,0.4591474
0.4641474,0.4641474
0.4691474,0.4691474
0.4741474,0.4741474
0.4791474,0.4791474
0.4841474,0.4841474
0.4891474,0.4891474
0.4941474,0.4941474
0.4991474,0.4991474
0.5041474,0.5041474
0.5091474,0.5091474
0.5141474,0.5141474
0.5191474,0.5191474
0.5241474,0.5241474
0.5291474,0.5291474
0.5341474,0.5341474
0.5391474,0.5391474
0.5441474,0.5441474
0.5491474,0.5491474
0.5541474,0.5541474
0.5591474,0.5591474
0.5641474,0.5641474
0.5691474,0.5691474
0.5741474,0.5741474
0.5791474,0.5791474
0.5841474,0.5841474
0.5891474,0.5891474
0.5941474,0.5941474
0.5991474,0.5991474
0.6041474,0.6041474
0.6091474,0.6091474
0.6141474,0.6141474
0.6191474,0.6191474
0.6241474,0.6241474
0.6291474,0.6291474
0.6341474,0.6341474
0.6391474,0.6391474
0.6441474,0.6441474
0.6491474,0.6491474
0.6541474,0.6541474
0.6591474,0.6591474
0.6641474,0.6641474
0.6691474,0.6691474
0.6741474,0.6741474
0.6791474,0.6791474
0.6841474,0.6841474
0.6891474,0.6891474
0.6941474,0.6941474
0.6991474,0.6991474
0.7041474,0.7041474
0.7091474,0.7091474
0.7141474,0.7141474
0.7191474,0.7191474
0.7241474,0.7241474
0.7291474,0.7291474
0.7341474,0.7341474
0.7391474,0.7391474
0.7441474,0.7441474
0.7491474,0.7491474
0.7541474,0.7541474
0.7591474,0.7591474
0.7641474,0.7641474
0.7691474,0.7691474
0.7741474,0.7741474
0.7791474,0.7791474
0.7841474,0.7841474
0.7891474,0.7891474
0.7941474,0.7941474
0.7991474,0.7991474
0.8041474,0.8041474
0.8091474,0.8091474
0.8141474,0.8141474
0.8191474,0.8191474
0.8241474,0.8241474
0.8291474,0.8291474
0.8341474,0.8341474
0.8391474,0.8391474
0.8441474,0.8441474
0.8491474,0.8491474
0.8541474,0.8541474
0.8591474,0.8591474
0.8641474,0.8641474
0.8691474,0.8691474
0.8741474,0.8741474
0.8791474,0.8791474
0.8841474,0.8841474
0.8891474,0.8891474
0.8941474,0.8941474
0.8991474,0.8991474
0.9041474,0.9041474
0.9091474,0.9091474
0.9141474,0.9141474
0.9191474,0.9191474
0.9241474,0.9241474
0.9291474,0.9291474
0.9341474,0.9341474
0.9391474,0.9391474
0.9441474,0.9441474
0.9491474,0.9491474
0.9541474,0.9541474
0.9591474,0.9591474
0.9641474,0.9641474
0.9691474,0.9691474
0.9741474,0.9741474
0.9791474,0.9791474
0.9841474,0.9841474
0.9891474,0.9891474
0.9941474,0.9941474
0.9991474,0.9991474
1.0041474,1.0041474
1.0091474,1.0091474
1.0141474,1.0141474
1.0191474,1.0191474
1.0241474,1.0241474
1.0291474,1.0291474
1.0341474,1.0341474
1.0391474,1.0391474
1.0441474,1.0441474
1.0491474,1.0491474
1.0541474,1.0541474
1.0591474,1.0591474
1.0641474,1.0641474
1.0691474,1.0691474
1.0741474,1.0741474
1.0791474,1.0791474
1.0841474,1.0841474
1.0891474,1.0891474
1.0941474,1.0941474
1.0991474,1.0991474
1.1041474,1.1041474
1.1091474,1.1091474
1.1141474,1.1141474
1.1191474,1.1191474
1.1241474,1.1241474
1.1291474,1.1291474
1.1341474,1.1341474
1.1391474,1.1391474
1.1441474,1.1441474
1.1491474,1.1491474
1.1541474,1.1541474
1.1591474,1.1591474
1.1641474,1.1641474
1.1691474,1.1691474
1.1741474,1.1741474
1.1791474,1.1791474
1.1841474,1.1841474
1.1891474,1.1891474
1.1941474,1.1941474
1.1991474,1.1991474
1.2041474,1.2041474
1.2091474,1.2091474
1.2141474,1.2141474
1.2191474,1.2191474
1.2241474,1.2241474
1.2291474,1.2291474
1.2341474,1.2341474
1.2391474,1.2391474
1.2441474,1.2441474
1.2491474,1.2491474
1.2541474,1.2541474
1.2591474,1.2591474
1.2641474,1.2641474
1.2691474,1.2691474
1.2741474,1.2741474
1.2791474,1.2791474
1.2841474,1.2841474
1.2891474,1.2891474
1.2941474,1.2941474
1.2991474,1.2991474
1.3041474,1.3041474
1.3091474,1.3091474
1.3141474,1.3141474
1.3191474,1.3191474
1.3241474,1.3241474
1.3291474,1.3291474
1.3341474,1.3341474
1.3391474,1.3391474
1.3441474,1.3441474
1.3491474,1.3491474
1.3541474,1.3541474
1.3591474,1.3591474
1.3641474,1.3641474
1.3691474,1.3691474
1.3741474,1.3741474
1.3791474,1.3791474
1.3841474,1.3841474
1.3891474,1.3891474
1.3941474,1.3941474
1.3991474,1.3991474
1.4041474,1.4041474
1.4091474,1.4091474
1.4141474,1.4141474
1.4191474,1.4191474
1.4241474,1.4241474
1.4291474,1.4291474
1.4341474,1.4341474
1.4391474,1.4391474
1.4441474,1.4441474
1.4491474,1.4491474
1.4541474,1.4541474
1.4591474,1.4591474
1.4641474,1.4641474
1.4691474,1.4691474
1.4741474,1.4741474
1.4791474,1.4791474
1.4841474,1.4841474
1.4891474,1.4891474
1.4941474,1.4941474
1.4991474,1.4991474
1.5041474,1.5041474
1.5091474,1.5091474
1.5141474,1.5141474
1.5191474,1.5191474
1.5241474,1.5241474
1.5291474,1.5291474
1.5341474,1.5341474
1.5391474,1.5391474
1.5441474,1.5441474
1.5491474,1.5491474
1.5541474,1.5541474
1.5591474,1.5591474
1.5641474,1.5641474
1.5691474,1.5691474
1.5741474,1.5741474
1.5791474,1.5791474
1.5841474,1.5841474
1.5891474,1.5891474
1.5941474,1.5941474
1.5991474,1.5991474
1.6041474,1.6041474
1.6091474,1.6091474
1.6141474,1.6141474
1.6191474,1.6191474
1.6241474,1.6241474
1.6291474,1.6291474
1.6341474,1.6341474
1.6391474,1.6391474
1.6441474,1.6441474
1.6491474,1.6491474
1.6541474,1.6541474
1.6591474,1.6591474
1.6641474,1.6641474
1.6691474,1.6691474
1.6741474,1.6741474
1.6791474,1.6791474
1.6841474,1.6841474
1.6891474,1.6891474
1.6941474,1.6941474
1.6991474,1.6991474
1.7041474,1.7041474
1.7091474,1.7091474
1.7141474,1.7141474
1.7191474,1.7191474
1.7241474,1.7241474
1.7291474,1.7291474
1.7341474,1.7341474
1.7391474,1.7391474
1.7441474,1.7441474
1.7491474,1.7491474
1.7541474,1.7541474
1.7591474,1.7591474
1.7641474,1.7641474
1.7691474,1.7691474
1.7741474,1.7741474
1.7791474,1.7791474
1.7841474,1.7841474
1.7891474,1.7891474
1.7941474,1.7941474
1.7991474,1.7991474
1.8041474,1.8041474
1.8091474,1.8091474
1.8141474,1.8141474
1.8191474,1.8191474
1.8241474,1.8241474
1.8291474,1.8291474
1.8341474,1.8341474
1.8391474,1.8391474
1.8441474,1.8441474
1.8491474,1.8491474
1.8541474,1.8541474
1.8591474,1.8591474
1.8641474,1.8641474
1.8691474,1.8691474
1.8741474,1.8741474
1.8791474,1.8791474
1.8841474,1.8841474
1.8891474,1.8891474
1.8941474,1.8941474
1.8991474,1.8991474
1.9041474,1.9041474
1.9091474,1.9091474
1.9141474,1.9141474
1.9191474,1.9191474
1.9241474,1.9241474
1.9291474,1.9291474
1.9341474,1.9341474
1.9391474,1.9391474
1.9441474,1.9441474
1.9491474,1.9491474
1.9541474,1.9541474
1.9591474,1.9591474
1.9641474,1.9641474
1.9691474,1.9691474
1.9741474,1.9741474
1.9791474,1.9791474
1.9841474,1.9841474
1.9891474,1.9891474
1.9941474,1.9941474
1.9991474,1.9991474
