# r[nm],d[nm],daligned[nm],Ucarbring(d)[kj/mol]
-0.9218813,-0.9218813,-0.9143947,603117.9618542
-0.9118813,-0.9118813,-0.9043947,603445.6412175
-0.9018813,-0.9018813,-0.8943947,482018.1959180
-0.8918813,-0.8918813,-0.8843947,397738.8458066
-0.8818813,-0.8818813,-0.8743947,368905.3607029
-0.8718813,-0.8718813,-0.8643947,382044.5275206
-0.8618813,-0.8618813,-0.8543947,424912.1601053
-0.8518813,-0.8518813,-0.8443947,382926.3252353
-0.8418813,-0.8418813,-0.8343947,393612.7421621
-0.8318813,-0.8318813,-0.8243947,403601.8863807
-0.8218813,-0.8218813,-0.8143947,375148.7394429
-0.8118813,-0.8118813,-0.8043947,371653.1613103
-0.8018813,-0.8018813,-0.7943947,394336.9995521
-0.7918813,-0.7918813,-0.7843947,407694.6192875
-0.7818813,-0.7818813,-0.7743947,382250.6522339
-0.7718813,-0.7718813,-0.7643947,413953.3392751
-0.7618813,-0.7618813,-0.7543947,393156.0269885
-0.7518813,-0.7518813,-0.7443947,370954.0486601
-0.7418813,-0.7418813,-0.7343947,389113.8415926
-0.7318813,-0.7318813,-0.7243947,458618.5356055
-0.7218813,-0.7218813,-0.7143947,552844.6797769
-0.7118813,-0.7118813,-0.7043947,623414.4996298
-0.7018813,-0.7018813,-0.6943947,513484.5281233
-0.6918813,-0.6918813,-0.6843947,439885.9585906
-0.6818813,-0.6818813,-0.6743947,378890.5745925
-0.6718813,-0.6718813,-0.6643947,374040.6194299
-0.6618813,-0.6618813,-0.6543947,407484.2258025
-0.6518813,-0.6518813,-0.6443947,390823.4311831
-0.6418813,-0.6418813,-0.6343947,378580.7229143
-0.6318813,-0.6318813,-0.6243947,432341.6556648
-0.6218813,-0.6218813,-0.6143947,378749.2080756
-0.6118813,-0.6118813,-0.6043947,365199.3482465
-0.6018813,-0.6018813,-0.5943947,377240.3617180
-0.5918813,-0.5918813,-0.5843947,424915.5766714
-0.5818813,-0.5818813,-0.5743947,377901.2422815
-0.5718813,-0.5718813,-0.5643947,387215.7021055
-0.5618813,-0.5618813,-0.5543947,406467.1037076
-0.5518813,-0.5518813,-0.5443947,372305.2704841
-0.5418813,-0.5418813,-0.5343947,375274.0767568
-0.5318813,-0.5318813,-0.5243947,431262.7103695
-0.5218813,-0.5218813,-0.5143947,515132.4942987
-0.5118813,-0.5118813,-0.5043947,616575.4652741
-0.5018813,-0.5018813,-0.4943947,567931.0268496
-0.4918813,-0.4918813,-0.4843947,466783.5609235
-0.4818813,-0.4818813,-0.4743947,386644.2209173
-0.4718813,-0.4718813,-0.4643947,368639.5861567
-0.4618813,-0.4618813,-0.4543947,390008.3424894
-0.4518813,-0.4518813,-0.4443947,413510.9908043
-0.4418813,-0.4418813,-0.4343947,379863.4218934
-0.4318813,-0.4318813,-0.4243947,405938.2914074
-0.4218813,-0.4218813,-0.4143947,393118.2732823
-0.4118813,-0.4118813,-0.4043947,373606.4382475
-0.4018813,-0.4018813,-0.3943947,372559.8506363
-0.3918813,-0.3918813,-0.3843947,405545.1449714
-0.3818813,-0.3818813,-0.3743947,395547.1716186
-0.3718813,-0.3718813,-0.3643947,385456.5653359
-0.3618813,-0.3618813,-0.3543947,418737.9482437
-0.3518813,-0.3518813,-0.3443947,384945.2345518
-0.3418813,-0.3418813,-0.3343947,371359.8914458
-0.3318813,-0.3318813,-0.3243947,400330.8199877
-0.3218813,-0.3218813,-0.3143947,472586.2538971
-0.3118813,-0.3118813,-0.3043947,585637.2804124
-0.3018813,-0.3018813,-0.2943947,608621.8307235
-0.2918813,-0.2918813,-0.2843947,494518.9559050
-0.2818813,-0.2818813,-0.2743947,419788.3941412
-0.2718813,-0.2718813,-0.2643947,374001.9063087
-0.2618813,-0.2618813,-0.2543947,378477.0873052
-0.2518813,-0.2518813,-0.2443947,412238.2305790
-0.2418813,-0.2418813,-0.2343947,383613.4843922
-0.2318813,-0.2318813,-0.2243947,384109.7306856
-0.2218813,-0.2218813,-0.2143947,416085.5246318
-0.2118813,-0.2118813,-0.2043947,373158.7692520
-0.2018813,-0.2018813,-0.1943947,363220.1433453
-0.1918813,-0.1918813,-0.1843947,379622.9540947
-0.1818813,-0.1818813,-0.1743947,402096.7411154
-0.1718813,-0.1718813,-0.1643947,353174.2181814
-0.1618813,-0.1618813,-0.1543947,367252.4292438
-0.1518813,-0.1518813,-0.1443947,384624.0845667
-0.1418813,-0.1418813,-0.1343947,347992.7245185
-0.1318813,-0.1318813,-0.1243947,343303.7671600
-0.1218813,-0.1218813,-0.1143947,382476.2289859
-0.1118813,-0.1118813,-0.1043947,453221.9698926
-0.1018813,-0.1018813,-0.0943947,541563.5141954
-0.0918813,-0.0918813,-0.0843947,502554.9543618
-0.0818813,-0.0818813,-0.0743947,416452.3143274
-0.0718813,-0.0718813,-0.0643947,354767.9156621
-0.0618813,-0.0618813,-0.0543947,343477.5700732
-0.0518813,-0.0518813,-0.0443947,372807.9342923
-0.0418813,-0.0418813,-0.0343947,343536.0156803
-0.0318813,-0.0318813,-0.0243947,339436.2062763
-0.0218813,-0.0218813,-0.0143947,361791.7334860
-0.0118813,-0.0118813,-0.0043947,301179.5306879
-0.0018813,-0.0018813,0.0056053,267259.0279892
0.0081187,0.0081187,0.0156053,246352.1372725
0.0181187,0.0181187,0.0256053,259560.9710140
0.0281187,0.0281187,0.0356053,272030.5916575
0.0381187,0.0381187,0.0456053,225389.0369393
0.0481187,0.0481187,0.0556053,190348.1833975
0.0581187,0.0581187,0.0656053,171600.0146556
0.0681187,0.0681187,0.0756053,165366.3624234
0.0781187,0.0781187,0.0856053,133729.9613129
0.0881187,0.0881187,0.0956053,103275.4250348
0.0981187,0.0981187,0.1056053,74747.7557486
0.1081187,0.1081187,0.1156053,52909.0191040
0.1181187,0.1181187,0.1256053,37375.1066568
0.1281187,0.1281187,0.1356053,26286.8518762
0.1381187,0.1381187,0.1456053,18372.9459533
0.1481187,0.1481187,0.1556053,12742.7411341
0.1581187,0.1581187,0.1656053,8759.7239821
0.1681187,0.1681187,0.1756053,5962.4079011
0.1781187,0.1781187,0.1856053,4013.8202659
0.1881187,0.1881187,0.1956053,2667.9562422
0.1981187,0.1981187,0.2056053,1766.8183197
0.2081187,0.2081187,0.2156053,1138.1645797
0.2181187,0.2181187,0.2256053,706.5643847
0.2281187,0.2281187,0.2356053,422.9578542
0.2381187,0.2381187,0.2456053,239.8152943
0.2481187,0.2481187,0.2556053,122.5252077
0.2581187,0.2581187,0.2656053,48.2317438
0.2681187,0.2681187,0.2756053,1.7126167
0.2781187,0.2781187,0.2856053,-26.8404409
0.2881187,0.2881187,0.2956053,-45.5325263
0.2981187,0.2981187,0.3056053,-58.5849463
0.3081187,0.3081187,0.3156053,-65.7537075
0.3181187,0.3181187,0.3256053,-68.7087622
0.3281187,0.3281187,0.3356053,-68.9179691
0.3381187,0.3381187,0.3456053,-67.3735347
0.3481187,0.3481187,0.3556053,-64.6972755
0.3581187,0.3581187,0.3656053,-61.3785340
0.3681187,0.3681187,0.3756053,-58.1538349
0.3781187,0.3781187,0.3856053,-55.8002733
0.3881187,0.3881187,0.3956053,-53.9632517
0.3981187,0.3981187,0.4056053,-52.0034007
0.4081187,0.4081187,0.4156053,-49.7393914
0.4181187,0.4181187,0.4256053,-47.1923224
0.4281187,0.4281187,0.4356053,-44.4425441
0.4381187,0.4381187,0.4456053,-41.5875671
0.4481187,0.4481187,0.4556053,-38.7214889
0.4581187,0.4581187,0.4656053,-35.9239200
0.4681187,0.4681187,0.4756053,-33.2530699
0.4781187,0.4781187,0.4856053,-30.7447780
0.4881187,0.4881187,0.4956053,-28.4162922
0.4981187,0.4981187,0.5056053,-26.2715659
0.5081187,0.5081187,0.5156053,-24.3060195
0.5181187,0.5181187,0.5256053,-22.5101175
0.5281187,0.5281187,0.5356053,-20.8718113
0.5381187,0.5381187,0.5456053,-19.3781086
0.5481187,0.5481187,0.5556053,-18.0160286
0.5581187,0.5581187,0.5656053,-16.7731505
0.5681187,0.5681187,0.5756053,-15.6378999
0.5781187,0.5781187,0.5856053,-14.5996719
0.5881187,0.5881187,0.5956053,-13.6488563
0.5981187,0.5981187,0.6056053,-12.7768064
0.6081187,0.6081187,0.6156053,-11.9757767
0.6181187,0.6181187,0.6256053,-11.2388481
0.6281187,0.6281187,0.6356053,-10.5598478
0.6381187,0.6381187,0.6456053,-9.9332712
0.6481187,0.6481187,0.6556053,-9.3542090
0.6581187,0.6581187,0.6656053,-8.8182794
0.6681187,0.6681187,0.6756053,-8.3215675
0.6781187,0.6781187,0.6856053,-7.8605714
0.6881187,0.6881187,0.6956053,-7.4321538
0.6981187,0.6981187,0.7056053,-7.0335002
0.7081187,0.7081187,0.7156053,-6.6620812
0.7181187,0.7181187,0.7256053,-6.3156206
0.7281187,0.7281187,0.7356053,-5.9920658
0.7381187,0.7381187,0.7456053,-5.6895637
0.7481187,0.7481187,0.7556053,-5.4064380
0.7581187,0.7581187,0.7656053,-5.1411702
0.7681187,0.7681187,0.7756053,-4.8923824
0.7781187,0.7781187,0.7856053,-4.6588226
0.7881187,0.7881187,0.7956053,-4.4393513
0.7981187,0.7981187,0.8056053,-4.2329299
0.8081187,0.8081187,0.8156053,-4.0386104
0.8181187,0.8181187,0.8256053,-3.8555266
0.8281187,0.8281187,0.8356053,-3.6828854
0.8381187,0.8381187,0.8456053,-3.5199602
0.8481187,0.8481187,0.8556053,-3.3660841
0.8581187,0.8581187,0.8656053,-3.2206446
0.8681187,0.8681187,0.8756053,-3.0830782
0.8781187,0.8781187,0.8856053,-2.9528659
0.8881187,0.8881187,0.8956053,-2.8295294
0.8981187,0.8981187,0.9056053,-2.7126269
0.9081187,0.9081187,0.9156053,-2.6017505
0.9181187,0.9181187,0.9256053,-2.4965228
0.9281187,0.9281187,0.9356053,-2.3965943
0.9381187,0.9381187,0.9456053,-2.3016412
0.9481187,0.9481187,0.9556053,-2.2113629
0.9581187,0.9581187,0.9656053,-2.1254806
0.9681187,0.9681187,0.9756053,-2.0437348
0.9781187,0.9781187,0.9856053,-1.9658844
0.9881187,0.9881187,0.9956053,-1.8917046
0.9981187,0.9981187,1.0056053,-1.8209863
1.0081187,1.0081187,1.0156053,-1.7535342
1.0181187,1.0181187,1.0256053,-1.6891660
1.0281187,1.0281187,1.0356053,-1.6277116
1.0381187,1.0381187,1.0456053,-1.5690118
1.0481187,1.0481187,1.0556053,-1.5129178
1.0581187,1.0581187,1.0656053,-1.4592901
1.0681187,1.0681187,1.0756053,-1.4079982
1.0781187,1.0781187,1.0856053,-1.3589197
1.0881187,1.0881187,1.0956053,-1.3119395
1.0981187,1.0981187,1.1056053,-1.2669500
1.1081187,1.1081187,1.1156053,-1.2238497
1.1181187,1.1181187,1.1256053,-1.1825434
1.1281187,1.1281187,1.1356053,-1.1429415
1.1381187,1.1381187,1.1456053,-1.1049597
1.1481187,1.1481187,1.1556053,-1.0685185
1.1581187,1.1581187,1.1656053,-1.0335431
1.1681187,1.1681187,1.1756053,-0.9999629
1.1781187,1.1781187,1.1856053,-0.9677113
1.1881187,1.1881187,1.1956053,-0.9367255
1.1981187,1.1981187,1.2056053,-0.9069460
1.2081187,1.2081187,1.2156053,-0.8783169
1.2181187,1.2181187,1.2256053,-0.8507851
1.2281187,1.2281187,1.2356053,-0.8243004
1.2381187,1.2381187,1.2456053,-0.7988153
1.2481187,1.2481187,1.2556053,-0.7742848
1.2581187,1.2581187,1.2656053,-0.7506665
1.2681187,1.2681187,1.2756053,-0.7279199
1.2781187,1.2781187,1.2856053,-0.7060067
1.2881187,1.2881187,1.2956053,-0.6848907
1.2981187,1.2981187,1.3056053,-0.6645373
1.3081187,1.3081187,1.3156053,-0.6449140
1.3181187,1.3181187,1.3256053,-0.6259895
1.3281187,1.3281187,1.3356053,-0.6077345
1.3381187,1.3381187,1.3456053,-0.5901207
1.3481187,1.3481187,1.3556053,-0.5731215
1.3581187,1.3581187,1.3656053,-0.5567116
1.3681187,1.3681187,1.3756053,-0.5408667
1.3781187,1.3781187,1.3856053,-0.5255637
1.3881187,1.3881187,1.3956053,-0.5107809
1.3981187,1.3981187,1.4056053,-0.4964973
1.4081187,1.4081187,1.4156053,-0.4826930
1.4181187,1.4181187,1.4256053,-0.4693489
1.4281187,1.4281187,1.4356053,-0.4564470
1.4381187,1.4381187,1.4456053,-0.4439701
1.4481187,1.4481187,1.4556053,-0.4319015
1.4581187,1.4581187,1.4656053,-0.4202255
1.4681187,1.4681187,1.4756053,-0.4089272
1.4781187,1.4781187,1.4856053,-0.3979921
1.4881187,1.4881187,1.4956053,-0.3874064
1.4981187,1.4981187,1.5056053,-0.3771571
1.5081187,1.5081187,1.5156053,-0.3672315
1.5181187,1.5181187,1.5256053,-0.3576177
1.5281187,1.5281187,1.5356053,-0.3483042
1.5381187,1.5381187,1.5456053,-0.3392799
1.5481187,1.5481187,1.5556053,-0.3305343
1.5581187,1.5581187,1.5656053,-0.3220573
1.5681187,1.5681187,1.5756053,-0.3138392
1.5781187,1.5781187,1.5856053,-0.3058707
1.5881187,1.5881187,1.5956053,-0.2981430
1.5981187,1.5981187,1.6056053,-0.2906476
