# r[nm],d[nm],daligned[nm],Ucline(d)[kj/mol]
-0.9919568,-0.9919568,-0.7814615,1649561.3227577
-0.9819568,-0.9819568,-0.7714615,1604948.1343891
-0.9719568,-0.9719568,-0.7614615,1516231.2921117
-0.9619568,-0.9619568,-0.7514615,1389917.9887499
-0.9519568,-0.9519568,-0.7414615,1247637.2337752
-0.9419568,-0.9419568,-0.7314615,1054375.1547742
-0.9319568,-0.9319568,-0.7214615,718811.0257468
-0.9219568,-0.9219568,-0.7114615,575020.9060582
-0.9119568,-0.9119568,-0.7014615,574763.6626036
-0.9019568,-0.9019568,-0.6914615,734717.0064387
-0.8919568,-0.8919568,-0.6814615,1084873.0734708
-0.8819568,-0.8819568,-0.6714615,1314893.7650166
-0.8719568,-0.8719568,-0.6614615,1436324.8268448
-0.8619568,-0.8619568,-0.6514615,1536806.3880954
-0.8519568,-0.8519568,-0.6414615,1603326.0820633
-0.8419568,-0.8419568,-0.6314615,1638986.9208669
-0.8319568,-0.8319568,-0.6214615,1661533.5890552
-0.8219568,-0.8219568,-0.6114615,1692710.7723141
-0.8119568,-0.8119568,-0.6014615,1704545.4264310
-0.8019568,-0.8019568,-0.5914615,1668372.2618575
-0.7919568,-0.7919568,-0.5814615,1645445.9331125
-0.7819568,-0.7819568,-0.5714615,1615523.3604887
-0.7719568,-0.7719568,-0.5614615,1558407.1106362
-0.7619568,-0.7619568,-0.5514615,1466464.1464812
-0.7519568,-0.7519568,-0.5414615,1348715.6811712
-0.7419568,-0.7419568,-0.5314615,1220655.6576000
-0.7319568,-0.7319568,-0.5214615,808541.9280856
-0.7219568,-0.7219568,-0.5114615,601566.4693476
-0.7119568,-0.7119568,-0.5014615,541353.2963554
-0.7019568,-0.7019568,-0.4914615,545295.1355013
-0.6919568,-0.6919568,-0.4814615,697921.0497363
-0.6819568,-0.6819568,-0.4714615,1045967.8432879
-0.6719568,-0.6719568,-0.4614615,1351767.3049768
-0.6619568,-0.6619568,-0.4514615,1484994.9752134
-0.6519568,-0.6519568,-0.4414615,1585313.7274198
-0.6419568,-0.6419568,-0.4314615,1641472.9593804
-0.6319568,-0.6319568,-0.4214615,1659083.5609354
-0.6219568,-0.6219568,-0.4114615,1662027.9089651
-0.6119568,-0.6119568,-0.4014615,1665947.9946898
-0.6019568,-0.6019568,-0.3914615,1662065.1586143
-0.5919568,-0.5919568,-0.3814615,1659310.6542666
-0.5819568,-0.5819568,-0.3714615,1643077.8354015
-0.5719568,-0.5719568,-0.3614615,1589054.2264135
-0.5619568,-0.5619568,-0.3514615,1490715.0180679
-0.5519568,-0.5519568,-0.3414615,1358401.1151055
-0.5419568,-0.5419568,-0.3314615,1215899.6801287
-0.5319568,-0.5319568,-0.3214615,961466.8761272
-0.5219568,-0.5219568,-0.3114615,672262.4572670
-0.5119568,-0.5119568,-0.3014615,534237.7676306
-0.5019568,-0.5019568,-0.2914615,455664.6474250
-0.4919568,-0.4919568,-0.2814615,454721.4241541
-0.4819568,-0.4819568,-0.2714615,534516.3961709
-0.4719568,-0.4719568,-0.2614615,767923.0082468
-0.4619568,-0.4619568,-0.2514615,1209111.3010277
-0.4519568,-0.4519568,-0.2414615,1430446.2768647
-0.4419568,-0.4419568,-0.2314615,1412898.3126628
-0.4319568,-0.4319568,-0.2214615,1333839.1441679
-0.4219568,-0.4219568,-0.2114615,1213795.5151936
-0.4119568,-0.4119568,-0.2014615,1067537.9227085
-0.4019568,-0.4019568,-0.1914615,929810.9293234
-0.3919568,-0.3919568,-0.1814615,820026.6772998
-0.3819568,-0.3819568,-0.1714615,742124.2803677
-0.3719568,-0.3719568,-0.1614615,635929.8507200
-0.3619568,-0.3619568,-0.1514615,565622.2038849
-0.3519568,-0.3519568,-0.1414615,527156.7604941
-0.3419568,-0.3419568,-0.1314615,515599.7818924
-0.3319568,-0.3319568,-0.1214615,531755.3401008
-0.3219568,-0.3219568,-0.1114615,583483.2373057
-0.3119568,-0.3119568,-0.1014615,553468.1431201
-0.3019568,-0.3019568,-0.0914615,410299.1970573
-0.2919568,-0.2919568,-0.0814615,353883.6649965
-0.2819568,-0.2819568,-0.0714615,339855.3028977
-0.2719568,-0.2719568,-0.0614615,349195.1750117
-0.2619568,-0.2619568,-0.0514615,406392.3231918
-0.2519568,-0.2519568,-0.0414615,541206.4819394
-0.2419568,-0.2419568,-0.0314615,585553.7987909
-0.2319568,-0.2319568,-0.0214615,523494.9058600
-0.2219568,-0.2219568,-0.0114615,492769.3254359
-0.2119568,-0.2119568,-0.0014615,469745.5905194
-0.2019568,-0.2019568,0.0085385,458859.9081173
-0.1919568,-0.1919568,0.0185385,456614.8017911
-0.1819568,-0.1819568,0.0285385,458996.7449098
-0.1719568,-0.1719568,0.0385385,461995.6567949
-0.1619568,-0.1619568,0.0485385,414128.8511086
-0.1519568,-0.1519568,0.0585385,380077.0512511
-0.1419568,-0.1419568,0.0685385,366380.6556655
-0.1319568,-0.1319568,0.0785385,352576.1855875
-0.1219568,-0.1219568,0.0885385,329979.0994460
-0.1119568,-0.1119568,0.0985385,320936.5719666
-0.1019568,-0.1019568,0.1085385,274879.2218984
-0.0919568,-0.0919568,0.1185385,162011.7844459
-0.0819568,-0.0819568,0.1285385,95580.5863338
-0.0719568,-0.0719568,0.1385385,56574.2258324
-0.0619568,-0.0619568,0.1485385,33634.5961178
-0.0519568,-0.0519568,0.1585385,20086.4279340
-0.0419568,-0.0419568,0.1685385,12037.8073547
-0.0319568,-0.0319568,0.1785385,7224.4331840
-0.0219568,-0.0219568,0.1885385,4326.3901802
-0.0119568,-0.0119568,0.1985385,2570.6374448
-0.0019568,-0.0019568,0.2085385,1520.3834656
0.0080432,0.0080432,0.2185385,867.0641358
0.0180432,0.0180432,0.2285385,467.4676909
0.0280432,0.0280432,0.2385385,223.6732632
0.0380432,0.0380432,0.2485385,76.0627293
0.0480432,0.0480432,0.2585385,-11.9366885
0.0580432,0.0580432,0.2685385,-62.9127084
0.0680432,0.0680432,0.2785385,-90.8969380
0.0780432,0.0780432,0.2885385,-104.6486859
0.0880432,0.0880432,0.2985385,-109.6614953
0.0980432,0.0980432,0.3085385,-109.3998431
0.1080432,0.1080432,0.3185385,-106.0611162
0.1180432,0.1180432,0.3285385,-101.0401334
0.1280432,0.1280432,0.3385385,-95.2115841
0.1380432,0.1380432,0.3485385,-89.1109326
0.1480432,0.1480432,0.3585385,-83.0522948
0.1580432,0.1580432,0.3685385,-77.1961558
0.1680432,0.1680432,0.3785385,-71.6090402
0.1780432,0.1780432,0.3885385,-66.4292669
0.1880432,0.1880432,0.3985385,-63.8353497
0.1980432,0.1980432,0.4085385,-65.3977579
0.2080432,0.2080432,0.4185385,-66.1261471
0.2180432,0.2180432,0.4285385,-65.9532515
0.2280432,0.2280432,0.4385385,-65.2853659
0.2380432,0.2380432,0.4485385,-63.8841705
0.2480432,0.2480432,0.4585385,-61.7109522
0.2580432,0.2580432,0.4685385,-59.0284570
0.2680432,0.2680432,0.4785385,-56.3267207
0.2780432,0.2780432,0.4885385,-55.3168821
0.2880432,0.2880432,0.4985385,-56.2554379
0.2980432,0.2980432,0.5085385,-55.8899705
0.3080432,0.3080432,0.5185385,-53.9409432
0.3180432,0.3180432,0.5285385,-50.9919073
0.3280432,0.3280432,0.5385385,-47.5400446
0.3380432,0.3380432,0.5485385,-43.9197652
0.3480432,0.3480432,0.5585385,-40.3376396
0.3580432,0.3580432,0.5685385,-36.9128482
0.3680432,0.3680432,0.5785385,-33.7078393
0.3780432,0.3780432,0.5885385,-30.7572030
0.3880432,0.3880432,0.5985385,-28.8628186
0.3980432,0.3980432,0.6085385,-31.5893086
0.4080432,0.4080432,0.6185385,-34.4923736
0.4180432,0.4180432,0.6285385,-35.9990729
0.4280432,0.4280432,0.6385385,-37.3053750
0.4380432,0.4380432,0.6485385,-38.8055500
0.4480432,0.4480432,0.6585385,-39.3981530
0.4580432,0.4580432,0.6685385,-39.1369476
0.4680432,0.4680432,0.6785385,-38.4425801
0.4780432,0.4780432,0.6885385,-37.5299433
0.4880432,0.4880432,0.6985385,-36.6375654
0.4980432,0.4980432,0.7085385,-35.9243157
0.5080432,0.5080432,0.7185385,-35.1590331
0.5180432,0.5180432,0.7285385,-34.0701343
0.5280432,0.5280432,0.7385385,-32.6572897
0.5380432,0.5380432,0.7485385,-31.0511438
0.5480432,0.5480432,0.7585385,-29.3700578
0.5580432,0.5580432,0.7685385,-27.6821495
0.5680432,0.5680432,0.7785385,-26.0264116
0.5780432,0.5780432,0.7885385,-24.4432406
0.5880432,0.5880432,0.7985385,-22.9692143
0.5980432,0.5980432,0.8085385,-21.6351957
0.6080432,0.6080432,0.8185385,-20.4697593
0.6180432,0.6180432,0.8285385,-19.4743076
0.6280432,0.6280432,0.8385385,-18.6212655
0.6380432,0.6380432,0.8485385,-17.8851992
0.6480432,0.6480432,0.8585385,-17.2364463
0.6580432,0.6580432,0.8685385,-16.6179222
0.6680432,0.6680432,0.8785385,-16.5675519
0.6780432,0.6780432,0.8885385,-19.4249487
0.6880432,0.6880432,0.8985385,-22.5449888
0.6980432,0.6980432,0.9085385,-24.3724522
0.7080432,0.7080432,0.9185385,-25.2508850
0.7180432,0.7180432,0.9285385,-25.4537752
0.7280432,0.7280432,0.9385385,-25.1195104
0.7380432,0.7380432,0.9485385,-24.3800458
0.7480432,0.7480432,0.9585385,-23.3815088
0.7580432,0.7580432,0.9685385,-22.2755967
0.7680432,0.7680432,0.9785385,-21.2053348
0.7780432,0.7780432,0.9885385,-20.2571304
0.7880432,0.7880432,0.9985385,-19.4237727
0.7980432,0.7980432,1.0085385,-18.6407995
0.8080432,0.8080432,1.0185385,-17.8527566
0.8180432,0.8180432,1.0285385,-17.0379447
0.8280432,0.8280432,1.0385385,-16.1956315
0.8380432,0.8380432,1.0485385,-15.3346474
0.8480432,0.8480432,1.0585385,-14.4773752
0.8580432,0.8580432,1.0685385,-13.6563303
0.8680432,0.8680432,1.0785385,-12.9019467
0.8780432,0.8780432,1.0885385,-12.2419811
0.8880432,0.8880432,1.0985385,-11.6905474
0.8980432,0.8980432,1.1085385,-11.2344339
0.9080432,0.9080432,1.1185385,-10.8554417
0.9180432,0.9180432,1.1285385,-10.5431337
0.9280432,0.9280432,1.1385385,-10.2588714
0.9380432,0.9380432,1.1485385,-9.9298872
0.9480432,0.9480432,1.1585385,-9.4943610
0.9580432,0.9580432,1.1685385,-8.9298325
0.9680432,0.9680432,1.1785385,-8.2611924
0.9780432,0.9780432,1.1885385,-7.5407066
0.9880432,0.9880432,1.1985385,-6.8206343
0.9980432,0.9980432,1.2085385,-6.1391293
1.0080432,1.0080432,1.2185385,-5.5181083
1.0180432,1.0180432,1.2285385,-4.9663870
1.0280432,1.0280432,1.2385385,-4.4839804
1.0380432,1.0380432,1.2485385,-4.0658660
1.0480432,1.0480432,1.2585385,-3.7047181
1.0580432,1.0580432,1.2685385,-3.3926435
1.0680432,1.0680432,1.2785385,-3.1221436
1.0780432,1.0780432,1.2885385,-2.8865574
1.0880432,1.0880432,1.2985385,-2.6801934
1.0980432,1.0980432,1.3085385,-2.4982988
1.1080432,1.1080432,1.3185385,-2.3369549
1.1180432,1.1180432,1.3285385,-2.1929509
1.1280432,1.1280432,1.3385385,-2.0636610
1.1380432,1.1380432,1.3485385,-1.9469348
1.1480432,1.1480432,1.3585385,-1.8410060
1.1580432,1.1580432,1.3685385,-1.7444172
1.1680432,1.1680432,1.3785385,-1.6559593
1.1780432,1.1780432,1.3885385,-1.5746232
1.1880432,1.1880432,1.3985385,-1.4995621
1.1980432,1.1980432,1.4085385,-1.4300604
1.2080432,1.2080432,1.4185385,-1.3655099
1.2180432,1.2180432,1.4285385,-1.3053908
1.2280432,1.2280432,1.4385385,-1.2492558
1.2380432,1.2380432,1.4485385,-1.1967181
1.2480432,1.2480432,1.4585385,-1.1474414
1.2580432,1.2580432,1.4685385,-1.1011318
1.2680432,1.2680432,1.4785385,-1.0575311
1.2780432,1.2780432,1.4885385,-1.0164115
1.2880432,1.2880432,1.4985385,-0.9775712
1.2980432,1.2980432,1.5085385,-0.9408304
1.3080432,1.3080432,1.5185385,-0.9060288
1.3180432,1.3180432,1.5285385,-0.8730224
1.3280432,1.3280432,1.5385385,-0.8416817
1.3380432,1.3380432,1.5485385,-0.8118898
1.3480432,1.3480432,1.5585385,-0.7835408
1.3580432,1.3580432,1.5685385,-0.7565387
1.3680432,1.3680432,1.5785385,-0.7307959
1.3780432,1.3780432,1.5885385,-0.7062323
1.3880432,1.3880432,1.5985385,-0.6827749
1.3980432,1.3980432,1.6085385,-0.6603565
1.4080432,1.4080432,1.6185385,-0.6389153
1.4180432,1.4180432,1.6285385,-0.6183944
1.4280432,1.4280432,1.6385385,-0.5987414
1.4380432,1.4380432,1.6485385,-0.5799075
1.4480432,1.4480432,1.6585385,-0.5618479
1.4580432,1.4580432,1.6685385,-0.5445206
1.4680432,1.4680432,1.6785385,-0.5278870
1.4780432,1.4780432,1.6885385,-0.5119106
1.4880432,1.4880432,1.6985385,-0.4965580
1.4980432,1.4980432,1.7085385,-0.4817974
1.5080432,1.5080432,1.7185385,-0.4675995
1.5180432,1.5180432,1.7285385,-0.4539368
1.5280432,1.5280432,1.7385385,-0.4407833
1.5380432,1.5380432,1.7485385,-0.4281148
1.5480432,1.5480432,1.7585385,-0.4159085
1.5580432,1.5580432,1.7685385,-0.4041431
1.5680432,1.5680432,1.7785385,-0.3927982
1.5780432,1.5780432,1.7885385,-0.3818551
1.5880432,1.5880432,1.7985385,-0.3712956
1.5980432,1.5980432,1.8085385,-0.3611029
