# r[nm],d[nm],daligned[nm],UC(d)[kJ/mol],UK(d)[kJ/mol],UCl(d)[kJ/mol],UC2A(d)[kJ/mol],UC4A(d)[kJ/mol],UCPlus(d)[kJ/mol],UCMinus(d)[kJ/mol],UCMoreLJ(d)[kJ/mol],UCLessLJ(d)[kJ/mol]
-1.5140909,-1.5140909,-1.4501266,34209.7205414,20583.5943091,158542.8310995,1278.8784569,110659.8089419,34209.7205414,34209.7205414,40327.7460034,25505.5060543
-1.5090909,-1.5090909,-1.4451266,30163.8671891,18132.2853652,139997.8012694,1114.1810474,97708.9788569,30163.8671891,30163.8671891,35558.3370818,22489.0669973
-1.5040909,-1.5040909,-1.4401266,26720.5831736,16046.6342064,124207.8571282,972.7812835,86682.3797138,26720.5831736,26720.5831736,31499.2602756,19921.8814163
-1.4990909,-1.4990909,-1.4351266,23751.4881216,14249.0370304,110582.3682057,853.3317832,77167.6199678,23751.4881216,23751.4881216,27999.1758194,17708.2336394
-1.4940909,-1.4940909,-1.4301266,20679.5428775,12393.8448014,96428.3473994,732.1599751,67285.6642043,20679.5428775,20679.5428775,24377.8475660,15417.9045522
-1.4890909,-1.4890909,-1.4251266,17586.0412045,10521.1558165,82227.5925713,606.2600872,57369.3427334,17586.0412045,17586.0412045,20731.1077577,13111.5037865
-1.4840909,-1.4840909,-1.4201266,14988.6415902,8949.5443003,70297.9747991,502.4482844,49039.1433529,14988.6415902,14988.6415902,17669.1923062,11174.9784206
-1.4790909,-1.4790909,-1.4151266,12864.9746475,7664.7638014,60540.5828080,417.8965907,42225.8865743,12864.9746475,12864.9746475,15165.7313101,9591.6506644
-1.4740909,-1.4740909,-1.4101266,11152.6755600,6629.1974405,52669.0993929,349.9688586,36729.6342050,11152.6755600,11152.6755600,13147.2067039,8315.0236107
-1.4690909,-1.4690909,-1.4051266,9794.3288448,5807.9649675,46421.4765235,296.2855391,32367.3487254,9794.3288448,9794.3288448,11545.9348885,7302.2903928
-1.4640909,-1.4640909,-1.4001266,8740.2284652,5170.8746797,41570.7919495,254.7722772,28980.5295957,8740.2284652,8740.2284652,10303.3204592,6516.3920227
-1.4590909,-1.4590909,-1.3951266,7948.9197668,4692.7503905,37927.7499849,223.6952908,26436.9591092,7948.9197668,7948.9197668,9370.4950606,5926.4214390
-1.4540909,-1.4540909,-1.3901266,7387.4196732,4353.5632443,35341.7101416,201.6834838,24631.4200908,7387.4196732,7387.4196732,8708.5769626,5507.7876761
-1.4490909,-1.4490909,-1.3851266,7031.2489587,4138.4497249,33700.8537581,187.7332422,23485.8116380,7031.2489587,7031.2489587,8288.7091039,5242.2399262
-1.4440909,-1.4440909,-1.3801266,6864.3773900,4037.6771179,32931.9482589,181.1989813,22948.9839697,6864.3773900,6864.3773900,8091.9944236,5117.8266384
-1.4390909,-1.4390909,-1.3751266,6879.1523945,4046.5993741,33000.0313048,181.7775563,22996.5174832,6879.1523945,6879.1523945,8109.4117723,5128.8423369
-1.4340909,-1.4340909,-1.3701266,7076.2552960,4165.6301353,33908.2157230,189.4957861,23630.5863448,7076.2552960,7076.2552960,8341.7643206,5275.7949915
-1.4290909,-1.4290909,-1.3651266,7464.7054635,4400.2452900,35697.7080264,204.7117687,24879.9714384,7464.7054635,7464.7054635,8799.6844510,5565.4091112
-1.4240909,-1.4240909,-1.3601266,8061.9105802,4761.0139664,38448.0323409,228.1286788,26800.2169608,8061.9105802,8061.9105802,9503.6930158,6010.6632226
-1.4190909,-1.4190909,-1.3551266,8893.7389589,5263.6433353,42277.3499282,260.8098950,29473.8539563,8893.7389589,8893.7389589,10484.2845858,6630.8437857
-1.4140909,-1.4140909,-1.3501266,9994.5657341,5929.0079467,47342.6545855,304.1866690,33010.5373178,9994.5657341,9994.5657341,11781.9819034,7451.5796332
-1.4090909,-1.4090909,-1.3451266,11407.2175841,6783.1178078,53839.5002847,360.0504343,37546.8562164,11407.2175841,11407.2175841,13447.2707189,8504.8007569
-1.4040909,-1.4040909,-1.3401266,13182.7099464,7856.9607484,62000.7775030,430.5282178,43245.4801962,13182.7099464,13182.7099464,15540.2900095,9828.5423859
-1.3990909,-1.3990909,-1.3351266,15379.6373627,9186.1343568,72093.9028382,518.0452909,50293.1970847,15379.6373627,15379.6373627,18130.1132945,11466.4904495
-1.3940909,-1.3940909,-1.3301266,18053.6182131,10804.1718590,84375.8101710,625.2740670,58869.3689389,18053.6182131,18053.6182131,21282.3056787,13460.1119609
-1.3890909,-1.3890909,-1.3251266,21241.7605494,12734.2496430,99008.2056332,755.0590922,69087.2017554,21241.7605494,21241.7605494,25040.6115732,15837.0733150
-1.3840909,-1.3840909,-1.3201266,24202.3122795,14521.9909996,112651.1414825,871.4395059,78612.2601498,24202.3122795,24202.3122795,28530.6248300,18044.3515061
-1.3790909,-1.3790909,-1.3151266,27244.0628350,16363.6736624,126608.8780334,994.3632239,88359.0695105,27244.0628350,27244.0628350,32116.3584128,20312.1685470
-1.3740909,-1.3740909,-1.3101266,30783.9986586,18507.9707668,142840.8014795,1139.5759975,99694.3575190,30783.9986586,30783.9986586,36289.3721208,22951.4141518
-1.3690909,-1.3690909,-1.3051266,33533.4472870,20174.0156740,155441.0166452,1252.3775856,108493.7378023,33533.4472870,33533.4472870,39530.5288499,25001.3016554
-1.3640909,-1.3640909,-1.3001266,29538.1419206,17753.4202882,137126.6263798,1088.7529958,95704.0089528,29538.1419206,29538.1419206,34820.7078554,22022.5493125
-1.3590909,-1.3590909,-1.2951266,26146.4666447,15699.1134629,121572.3281363,949.3805310,84842.0023925,26146.4666447,26146.4666447,30822.4694340,19493.8413045
-1.3540909,-1.3540909,-1.2901266,23217.5714483,13925.9413743,108130.2724524,831.9148138,75455.3700323,23217.5714483,23217.5714483,27369.7741275,17310.1650575
-1.3490909,-1.3490909,-1.2851266,20043.9348753,12008.9939121,93511.8492327,706.3578615,65249.0438015,20043.9348753,20043.9348753,23628.5681897,14944.0186656
-1.3440909,-1.3440909,-1.2801266,17061.9141280,10204.0310363,79821.4787074,585.3014453,55689.1619490,17061.9141280,17061.9141280,20113.2464223,12720.7339669
-1.3390909,-1.3390909,-1.2751266,14586.3221242,8705.9563450,68451.8003938,485.7266430,47749.9450922,14586.3221242,14586.3221242,17194.9225085,10875.0238634
-1.3340909,-1.3340909,-1.2701266,12557.2803540,7478.2847839,59130.8373318,404.8130176,41241.3765675,12557.2803540,12557.2803540,14803.0093376,9362.2451463
-1.3290909,-1.3290909,-1.2651266,10924.1320287,6490.6462045,51622.4997124,339.9651265,35998.7139013,10924.1320287,10924.1320287,12877.7907212,8144.6299820
-1.3240909,-1.3240909,-1.2601266,9634.0875116,5710.7539943,45688.4721946,288.8786021,31855.4089464,9634.0875116,9634.0875116,11357.0361872,7182.8203641
-1.3190909,-1.3190909,-1.2551266,8638.9055975,5109.3073364,41108.5061211,249.5757519,28657.6229914,8638.9055975,8638.9055975,10183.8771311,6440.8494291
-1.3140909,-1.3140909,-1.2501266,7898.6854203,4662.0745214,37700.3908453,220.4194483,26278.0873672,7898.6854203,7898.6854203,9311.2768637,5888.9685627
-1.3090909,-1.3090909,-1.2451266,7382.0407119,4349.9969172,35320.7719691,200.1179550,24616.6742100,7382.0407119,7382.0407119,8702.2360343,5503.7773210
-1.3040909,-1.3040909,-1.2401266,7066.1090757,4159.1930746,33865.2121543,187.7268616,23600.4383192,7066.1090757,7066.1090757,8329.8035625,5268.2303439
-1.2990909,-1.2990909,-1.2351266,6936.4904779,4080.9202263,33267.9241140,182.6497748,23183.4301958,6936.4904779,6936.4904779,8177.0041299,5171.5914974
-1.2940909,-1.2940909,-1.2301266,6987.1797350,4111.5325490,33501.4712252,184.6378019,23346.4866317,6987.1797350,6987.1797350,8236.7585930,5209.3835382
-1.2890909,-1.2890909,-1.2251266,7220.5318918,4252.4598275,34576.6131852,193.7885667,24097.1227789,7220.5318918,7220.5318918,8511.8431701,5383.3623008
-1.2840909,-1.2840909,-1.2201266,7647.2762410,4510.2160906,36542.3685538,210.5466877,25469.5758838,7647.2762410,7647.2762410,9014.9059678,5701.5271501
-1.2790909,-1.2790909,-1.2151266,8286.5728398,4896.4344862,39486.2661587,235.7047334,27524.9811087,8286.5728398,8286.5728398,9768.5336049,6178.1631183
-1.2740909,-1.2740909,-1.2101266,9166.0829878,5427.9110533,43534.6551923,270.4030268,30351.5885185,9166.0829878,9166.0829878,10805.3342948,6833.8934502
-1.2690909,-1.2690909,-1.2051266,10322.0005911,6126.6251348,48852.8319173,316.1283279,34064.8521328,10322.0005911,10322.0005911,12167.9748182,7695.7029874
-1.2640909,-1.2640909,-1.2001266,11798.9634956,7019.6872512,55644.6139544,374.7106542,38807.1332744,11798.9634956,11798.9634956,13909.0760002,8796.8720618
-1.2590909,-1.2590909,-1.1951266,13649.7324994,8139.1461790,64150.8501037,448.3145769,44746.6605384,13649.7324994,13649.7324994,16090.8343167,10176.7371786
-1.2540909,-1.2540909,-1.1901266,15920.8128387,9513.4888939,74580.9534422,539.4148093,52029.8015284,15920.8128387,15920.8128387,18768.0719446,11869.9709270
-1.2490909,-1.2490909,-1.1851266,18676.2476535,11181.0744897,87233.8439370,650.7435463,60865.1268578,18676.2476535,18676.2476535,22016.2854226,13924.3215104
-1.2440909,-1.2440909,-1.1801266,21978.4516144,13180.3379462,102388.1239024,784.2950055,71447.4464903,21978.4516144,21978.4516144,25909.0515862,16386.3230054
-1.2390909,-1.2390909,-1.1751266,24801.9011701,14885.2688386,115399.5109134,895.5659635,80531.5695110,24801.9011701,24801.9011701,29237.4434799,18491.3828714
-1.2340909,-1.2340909,-1.1701266,27985.2702641,16812.8572026,130005.1570967,1025.1537332,90730.8843019,27985.2702641,27985.2702641,32990.1224912,20864.7854720
-1.2290909,-1.2290909,-1.1651266,31713.3140416,19071.2735327,147097.5226132,1177.8969208,102667.1174274,31713.3140416,31713.3140416,37384.8851542,23644.2774302
-1.2240909,-1.2240909,-1.1601266,32513.8441543,19556.1899116,150768.2564350,1210.5734295,105230.5118621,32513.8441543,32513.8441543,38328.5811139,24241.1231605
-1.2190909,-1.2190909,-1.1551266,28711.2197383,17252.5094722,133334.9668210,1054.8314205,93056.1650300,28711.2197383,28711.2197383,33845.8999001,21406.0266285
-1.2140909,-1.2140909,-1.1501266,25469.7843694,15289.6765706,118463.9264761,922.4273024,82671.4880582,25469.7843694,25469.7843694,30024.7701108,18989.3319546
-1.2090909,-1.2090909,-1.1451266,22701.5302270,13613.6325434,105760.6398809,811.2359785,73800.6902929,22701.5302270,22701.5302270,26761.4447121,16925.4237534
-1.2040909,-1.2040909,-1.1401266,19362.9246812,11597.0131864,90382.6615754,678.8024644,63064.0452442,19362.9246812,19362.9246812,22825.7669478,14436.2825790
-1.1990909,-1.1990909,-1.1351266,16473.8774284,9848.6123388,77115.6595711,562.0086592,53799.9138077,16473.8774284,16473.8774284,19420.0459435,12282.3154893
-1.1940909,-1.1940909,-1.1301266,14069.8015765,8393.9317877,66073.0189358,466.1302346,46089.1078059,14069.8015765,14069.8015765,16586.0280446,10489.9251913
-1.1890909,-1.1890909,-1.1251266,12114.0613063,7210.9307397,57084.9223117,388.4009667,39813.0990484,12114.0613063,12114.0613063,14280.5255261,9031.7973693
-1.1840909,-1.1840909,-1.1201266,10544.8842808,6262.0783020,49869.4830006,326.2728981,34774.9913869,10544.8842808,10544.8842808,12430.7187601,7861.8768470
-1.1790909,-1.1790909,-1.1151266,9307.6169558,5514.1747889,44177.2263408,277.4740131,30800.5307349,9307.6169558,9307.6169558,10972.1800280,6939.4159572
-1.1740909,-1.1740909,-1.1101266,8355.5291521,4938.8380865,39794.7910768,240.0506688,27740.6894534,8355.5291521,8355.5291521,9849.8219816,6229.5744018
-1.1690909,-1.1690909,-1.1051266,7650.1991483,4512.7354423,36546.7130246,212.3977257,25472.9113482,7650.1991483,7650.1991483,9018.3516043,5703.7063620
-1.1640909,-1.1640909,-1.1001266,7161.6334951,4217.6544238,34295.9940555,193.2738085,23901.5083578,7161.6334951,7161.6334951,8442.4114546,5339.4498282
-1.1590909,-1.1590909,-1.0951266,6868.2421789,4040.4863666,32944.0064367,181.7994100,22957.5931447,6868.2421789,6868.2421789,8096.5503868,5120.7080825
-1.1540909,-1.1540909,-1.0901266,6756.7579597,3973.1763011,32430.1376349,177.4440060,22598.8305614,6756.7579597,6756.7579597,7965.1284633,5037.5895600
-1.1490909,-1.1490909,-1.0851266,6822.1603393,4012.6760990,32731.4513338,180.0097650,22809.2006065,6822.1603393,6822.1603393,8042.2273262,5086.3511623
-1.1440909,-1.1440909,-1.0801266,7067.6397704,4160.9224795,33862.5271134,189.6219765,23598.8863411,7067.6397704,7067.6397704,8331.6080048,5269.3715734
-1.1390909,-1.1390909,-1.0751266,7504.6154596,4424.8479896,35875.5397098,206.7350693,25004.3293177,7504.6154596,7504.6154596,8846.7319031,5595.1645325
-1.1340909,-1.1340909,-1.0701266,8152.7989135,4816.4201873,38860.5420414,232.1481900,27088.4275048,8152.7989135,8152.7989135,9610.8357097,6078.4262121
-1.1290909,-1.1290909,-1.0651266,9040.2734732,5352.6909459,42945.8162817,267.0193235,29940.7809062,9040.2734732,9040.2734732,10657.0251571,6740.0945156
-1.1240909,-1.1240909,-1.0601266,10203.5358749,6055.8230834,48298.0468317,312.8703705,33677.8129394,10203.5358749,10203.5358749,12028.3240140,7607.3800637
-1.1190909,-1.1190909,-1.0551266,11687.4182475,6953.0447298,55121.9430963,371.5759583,38442.5076586,11687.4182475,11687.4182475,13777.5821334,8713.7080383
-1.1140909,-1.1140909,-1.0501266,13544.7777536,8076.4628706,63658.7977159,445.3364104,44403.4035416,13544.7777536,13544.7777536,15967.1095897,10098.4867906
-1.1090909,-1.1090909,-1.0451266,15835.8075368,9462.6471098,74183.3130657,536.6387023,51752.3777936,15835.8075368,15835.8075368,18667.8643964,11806.5941088
-1.1040909,-1.1040909,-1.0401266,18605.0972640,11138.4556647,86901.7848311,648.2033328,60633.4323931,18605.0972640,18605.0972640,21932.4105827,13871.2744038
-1.0990909,-1.0990909,-1.0351266,21913.4695852,13141.4280978,102084.6813733,781.4844515,71235.7248608,21913.4695852,21913.4695852,25832.4482487,16337.8748008
-1.0940909,-1.0940909,-1.0301266,24654.7012156,14796.3678015,114721.3442349,889.8460480,80058.0898732,24654.7012156,24654.7012156,29063.9184618,18381.6360137
-1.0890909,-1.0890909,-1.0251266,27784.8985950,16691.7187670,129083.5281250,1017.1970600,90087.3752609,27784.8985950,27784.8985950,32753.9165927,20715.3957448
-1.0840909,-1.0840909,-1.0201266,31452.5836522,18913.5211409,145899.7552937,1167.4372465,101830.7509252,31452.5836522,31452.5836522,37077.5260541,23449.8864671
-1.0790909,-1.0790909,-1.0151266,31753.4963753,19096.0342561,147276.6870540,1179.9494946,102792.4032188,31753.4963753,31753.4963753,37432.2536483,23674.2358964
-1.0740909,-1.0740909,-1.0101266,27995.0909370,16819.2137465,130045.2564536,1026.0452211,90759.0512127,27995.0909370,27995.0909370,33001.6994814,20872.1074035
-1.0690909,-1.0690909,-1.0051266,24796.3397843,14882.2997341,115369.1751713,895.5205054,80510.5460253,24796.3397843,24796.3397843,29230.8875025,18487.2365072
-1.0640909,-1.0640909,-1.0001266,22071.5807187,13234.7408268,102810.4940347,785.6900696,71742.5566941,22071.5807187,22071.5807187,26018.8357879,16455.7566312
-1.0590909,-1.0590909,-0.9951266,18745.5302802,11223.4304913,87546.8319679,654.0069213,61083.8531652,18745.5302802,18745.5302802,22097.9584713,13975.9760818
-1.0540909,-1.0540909,-0.9901266,15971.1204832,9544.3588667,74806.8377699,541.8349497,52187.7036520,15971.1204832,15971.1204832,18827.3765481,11907.4784515
-1.0490909,-1.0490909,-0.9851266,13682.4867406,8159.3984672,64296.0617338,449.9882378,44848.2323736,13682.4867406,13682.4867406,16129.4462872,10201.1575330
-1.0440909,-1.0440909,-0.9801266,11814.5874067,7029.5820261,55711.0456929,375.7203481,38853.6981997,11814.5874067,11814.5874067,13927.4940728,8808.5206737
-1.0390909,-1.0390909,-0.9751266,10322.0891803,6127.1329634,48847.7442557,316.5382903,34061.4821609,10322.0891803,10322.0891803,12168.0792506,7695.7690363
-1.0340909,-1.0340909,-0.9701266,9151.6842874,5419.6706497,43462.8068831,270.2553891,30301.6084035,9151.6842874,9151.6842874,10788.3605480,6823.1583101
-1.0290909,-1.0290909,-0.9651266,8258.0949843,4879.6964021,39349.4884137,235.0158774,27429.6709860,8258.0949843,8258.0949843,9734.9628038,6156.9310794
-1.0240909,-1.0240909,-0.9601266,7604.3959481,4484.7872303,36339.1459674,209.3034579,25327.8785955,7604.3959481,7604.3959481,8964.3570146,5669.5571850
-1.0190909,-1.0190909,-0.9551266,7162.0999983,4217.6461397,34301.6516422,191.9441683,23905.3420945,7162.0999983,7162.0999983,8442.9613868,5339.7976358
-1.0140909,-1.0140909,-0.9501266,6911.1208820,4066.0781219,33145.2396056,182.1073933,23097.9671489,6911.1208820,6911.1208820,8147.0974658,5152.6768623
-1.0090909,-1.0090909,-0.9451266,6839.6954759,4022.9418871,32816.1631817,179.3058975,22868.2143008,6839.6954759,6839.6954759,8062.8984256,5099.4247135
-1.0040909,-1.0040909,-0.9401266,6944.3200364,4086.1105396,33298.4111030,183.3946995,23204.9005325,6944.3200364,6944.3200364,8186.2339173,5177.4289275
-0.9990909,-0.9990909,-0.9351266,7229.7308910,4258.4596664,34613.6215717,194.5703400,24123.1391657,7229.7308910,7229.7308910,8522.6873074,5390.2207354
-0.9940909,-0.9940909,-0.9301266,7708.9381261,4547.8880393,36821.2331572,213.3721216,25664.4453576,7708.9381261,7708.9381261,9087.5953906,5747.4999777
-0.9890909,-0.9890909,-0.9251266,8403.2997649,4967.3633299,40018.8154665,240.6833131,27896.9673341,8403.2997649,8403.2997649,9906.1358336,6265.1904090
-0.9840909,-0.9840909,-0.9201266,9342.6018572,5534.9718246,44342.4218554,277.7311444,30915.7331829,9342.6018572,9342.6018572,11013.4215873,6965.4994095
-0.9790909,-0.9790909,-0.9151266,10565.0852575,6273.9361472,49966.6940517,326.0857400,34842.7245207,10565.0852575,10565.0852575,12454.5324553,7876.9379503
-0.9740909,-0.9740909,-0.9101266,12117.3316571,7212.5478469,57104.3199290,387.6567843,39826.4984925,12117.3316571,12117.3316571,14284.3807425,9034.2356223
-0.9690909,-0.9690909,-0.9051266,14053.8896884,8383.9424068,66004.3009863,464.6831668,46040.9784964,14053.8896884,14053.8896884,16567.2704935,10478.0618743
-0.9640909,-0.9640909,-0.9001266,16418.9360663,9815.1986579,76865.3448005,559.7041056,53625.0570765,16418.9360663,16418.9360663,19355.2789339,12241.3532358
-0.9590909,-0.9590909,-0.8951266,19279.2782576,11546.3549974,89998.9884107,675.5005411,62796.1177080,19279.2782576,19279.2782576,22727.1612979,14373.9188903
-0.9540909,-0.9540909,-0.8901266,22595.9372305,13549.8610062,105274.1480088,807.0435880,73461.0338218,22595.9372305,22595.9372305,26636.9675905,16846.6975092
-0.9490909,-0.9490909,-0.8851266,25400.7198060,15248.0423596,118144.8049696,919.6796081,82448.7160370,25400.7198060,25400.7198060,29943.3541236,18937.8399631
-0.9440909,-0.9440909,-0.8801266,28678.5932106,17232.9510413,133182.8832930,1053.7265810,92950.0426079,28678.5932106,28678.5932106,33807.4384833,21381.7014927
-0.9390909,-0.9390909,-0.8751266,32529.5352996,19565.9204226,150837.4761614,1211.4290500,105278.9411738,32529.5352996,32529.5352996,38347.0784447,24252.8218997
-0.9340909,-0.9340909,-0.8701266,31707.9180822,19067.8230514,147074.9806017,1177.5003487,102651.3023353,31707.9180822,31707.9180822,37378.5241879,23640.2544019
-0.9290909,-0.9290909,-0.8651266,28027.0191415,16837.9839597,130198.5557436,1026.6550320,90865.8755566,28027.0191415,28027.0191415,33039.3376878,20895.9118954
-0.9240909,-0.9240909,-0.8601266,24878.7131463,14931.6373354,115753.6572104,898.6526144,80778.8171457,24878.7131463,24878.7131463,29327.9924179,18548.6510481
-0.9190909,-0.9190909,-0.8551266,22083.1766484,13243.8068629,102867.9365656,788.6017178,71782.5285176,22083.1766484,22083.1766484,26032.5055199,16464.4021287
-0.9140909,-0.9140909,-0.8501266,18755.0323614,11228.8254164,87594.7683341,653.8775928,61117.1833601,18755.0323614,18755.0323614,22109.1598934,13983.0604832
-0.9090909,-0.9090909,-0.8451266,15967.5134011,9541.9489417,74793.0191455,541.5767746,52177.9630526,15967.5134011,15967.5134011,18823.1243798,11904.7891442
-0.9040909,-0.9040909,-0.8401266,13661.7104731,8146.7930195,64201.0408015,449.6483818,44781.8679298,13661.7104731,13661.7104731,16104.9544169,10185.6675141
-0.8990909,-0.8990909,-0.8351266,11792.1845580,7015.9858760,55608.6317189,375.3708535,38782.1687723,11792.1845580,11792.1845580,13901.0847255,8791.8179359
-0.8940909,-0.8940909,-0.8301266,10298.6922207,6112.9265546,48740.8696694,316.2553229,33986.8344859,10298.6922207,10298.6922207,12140.4980068,7678.3251261
-0.8890909,-0.8890909,-0.8251266,9128.3560675,5405.4950009,43356.3790900,270.1004699,30227.2683578,9128.3560675,9128.3560675,10760.8603371,6805.7656497
-0.8840909,-0.8840909,-0.8201266,8236.3804478,4866.4844912,39250.6261925,235.0328025,27360.6086943,8236.3804478,8236.3804478,9709.3648656,6140.7415218
-0.8790909,-0.8790909,-0.8151266,7586.3823991,4473.8005995,36257.4546322,209.5345659,25270.8006257,7586.3823991,7586.3823991,8943.1219441,5656.1269472
-0.8740909,-0.8740909,-0.8101266,7150.4852060,4210.5162889,34249.5336357,192.4556785,23868.9084108,7150.4852060,7150.4852060,8429.2694190,5331.1380750
-0.8690909,-0.8690909,-0.8051266,6909.2883196,4064.8522699,33138.2372573,183.0090493,23093.0305460,6909.2883196,6909.2883196,8144.9371701,5151.3105713
-0.8640909,-0.8640909,-0.8001266,6851.7959251,4030.1326371,32873.3300643,180.7564962,22908.0798287,6851.7959251,6851.7959251,8077.1629047,5108.4463622
-0.8590909,-0.8590909,-0.7951266,6975.3584443,4104.7487778,33442.7068439,185.5936349,23305.6013212,6975.3584443,6975.3584443,8222.8231969,5200.5700198
-0.8540909,-0.8540909,-0.7901266,7285.6565175,4292.1495070,34872.3211211,197.7448652,24303.7223671,7285.6565175,7285.6565175,8588.6146059,5431.9168200
-0.8490909,-0.8490909,-0.7851266,7796.7344486,4600.8616726,37226.3343322,217.7733532,25947.2569039,7796.7344486,7796.7344486,9191.0931024,5812.9576780
-0.8440909,-0.8440909,-0.7801266,8531.0680810,5044.5320949,40607.4170836,246.5968749,28307.9161731,8531.0680810,8531.0680810,10056.7540824,6360.4497537
-0.8390909,-0.8390909,-0.7751266,9519.6288843,5641.9676154,45157.0281621,285.4994414,31484.5040577,9519.6288843,9519.6288843,11222.1079160,7097.4842326
-0.8340909,-0.8340909,-0.7701266,10801.8801990,6417.1343238,51055.3791454,336.1305076,35602.8929731,10801.8801990,10801.8801990,12733.6755206,8053.4835261
-0.8290909,-0.8290909,-0.7651266,12425.6122791,7399.0592195,58520.6588525,400.4866890,40815.4829131,12425.6122791,12425.6122791,14647.7939018,9264.0782853
-0.8240909,-0.8240909,-0.7601266,14446.4902879,8621.5578108,67806.9438238,480.8792254,47299.7428324,14446.4902879,14446.4902879,17030.0833141,10770.7704030
-0.8190909,-0.8190909,-0.7551266,16927.1556732,10122.6906409,79200.0673508,579.8888304,55255.3262006,16927.1556732,16927.1556732,19954.3879268,12620.2630327
-0.8140909,-0.8140909,-0.7501266,19896.3601994,11919.7262980,92833.6529027,700.3049739,64775.4872382,19896.3601994,19896.3601994,23454.6014354,14833.9924295
-0.8090909,-0.8090909,-0.7451266,23125.5503201,13870.1322118,107709.1421854,828.2077924,75161.2535348,23125.5503201,23125.5503201,27261.2960510,17241.5574978
-0.8040909,-0.8040909,-0.7401266,25980.6008946,15598.8484090,120809.2651132,942.6859812,84309.2137530,25980.6008946,25980.6008946,30626.9404518,19370.1779180
-0.7990909,-0.7990909,-0.7351266,29296.8985140,17607.1351245,136022.2895660,1078.7045460,94932.7523719,29296.8985140,29296.8985140,34536.3207668,21842.6871251
-0.7940909,-0.7940909,-0.7301266,33198.0678785,19970.6373530,153905.8874210,1238.4806392,107421.6161536,33198.0678785,33198.0678785,39135.1705896,24751.2551364
-0.7890909,-0.7890909,-0.7251266,31062.4608719,18676.9155761,144114.4146667,1151.2148407,100583.8715148,31062.4608719,31062.4608719,36617.6341829,23159.0253090
-0.7840909,-0.7840909,-0.7201266,27433.0726199,16478.3711970,127473.0678871,1002.4406355,88962.6447279,27433.0726199,27433.0726199,32339.1704815,20453.0872724
-0.7790909,-0.7790909,-0.7151266,24324.7431169,14596.3243816,113210.4571465,876.4208544,79002.9178366,24324.7431169,24324.7431169,28674.9510517,18135.6314234
-0.7740909,-0.7740909,-0.7101266,21397.0115643,12828.2646573,99720.4214250,761.4624389,69584.5544985,21397.0115643,21397.0115643,25223.6274937,15952.8227463
-0.7690909,-0.7690909,-0.7051266,18191.7654798,10887.8040110,85009.8693754,631.0348525,59312.1333522,18191.7654798,18191.7654798,21445.1590371,13563.1094684
-0.7640909,-0.7640909,-0.7001266,15517.9965074,9269.7340619,72730.8786079,523.2150642,50737.9334752,15517.9965074,15517.9965074,18293.2164230,11569.6459254
-0.7590909,-0.7590909,-0.6951266,13319.1958130,7939.1971832,62631.9281826,435.1622668,43686.0566912,13319.1958130,13319.1958130,15701.1848450,9930.3012147
-0.7540909,-0.7540909,-0.6901266,11533.5127563,6859.1694553,54424.0659276,364.1814642,37954.8960785,11533.5127563,11533.5127563,13596.1523685,8598.9617798
-0.7490909,-0.7490909,-0.6851266,10112.4746392,5999.9731731,47888.8445167,307.8459257,33391.7755418,10112.4746392,10112.4746392,11920.9774959,7539.4881645
-0.7440909,-0.7440909,-0.6801266,9004.6133446,5330.3456167,42791.3060182,264.0447364,29832.5814908,9004.6133446,9004.6133446,10614.9876139,6713.5076389
-0.7390909,-0.7390909,-0.6751266,8166.6579410,4824.0070569,38933.8668685,231.0036748,27139.3071745,8166.6579410,8166.6579410,9627.1732691,6088.7589919
-0.7340909,-0.7340909,-0.6701266,7563.8085542,4459.8251065,36157.5923755,207.2925172,25200.9420864,7563.8085542,7563.8085542,8916.5110198,5639.2967209
-0.7290909,-0.7290909,-0.6651266,7169.7985669,4221.8508274,34342.5009091,191.8277803,23933.6837586,7169.7985669,7169.7985669,8452.0367582,5345.5374047
-0.7240909,-0.7240909,-0.6601266,6966.8520895,4099.2915998,33407.3854522,183.8738483,23280.8125938,6966.8520895,6966.8520895,8212.7955757,5194.2279953
-0.7190909,-0.7190909,-0.6551266,6945.6128112,4086.4670099,33309.4996299,183.0429662,23212.4722003,6945.6128112,6945.6128112,8187.7578903,5178.3927727
-0.7140909,-0.7140909,-0.6501266,7105.0930894,4182.7774489,34044.3310558,189.2941978,23725.5108863,7105.0930894,7105.0930894,8375.7594305,5297.2953868
-0.7090909,-0.7090909,-0.6451266,7452.6680386,4392.7004726,35645.5749626,202.9332194,24843.4632207,7452.6680386,7452.6680386,8785.4942675,5556.4344512
-0.7040909,-0.7040909,-0.6401266,8004.1171967,4725.8164858,38185.3198592,224.6133764,26616.6798634,8004.1171967,8004.1171967,9435.5639328,5967.5746072
-0.6990909,-0.6990909,-0.6351266,8783.6943579,5196.8519579,41774.3566861,255.3359919,29122.5438267,8783.6943579,8783.6943579,10354.5597401,6548.7985894
-0.6940909,-0.6940909,-0.6301266,9824.1826630,5825.7140904,46562.4157332,296.4494990,32465.6364451,9824.1826630,9824.1826630,11581.1277278,7324.5482987
-0.6890909,-0.6890909,-0.6251266,11166.8656036,6637.4747923,52738.0150607,349.6472099,36777.6321433,11166.8656036,11166.8656036,13163.9344780,8325.6031840
-0.6840909,-0.6840909,-0.6201266,12861.3145854,7662.2435729,60527.4673397,416.9616153,42216.6055135,12861.3145854,12861.3145854,15161.4166869,9588.9218571
-0.6790909,-0.6790909,-0.6151266,14958.6361607,8931.2908237,70161.3304453,500.7479151,48943.6887368,14958.6361607,14958.6361607,17633.8207416,11152.6074789
-0.6740909,-0.6740909,-0.6101266,17515.7667210,10478.7928505,81904.4604171,603.6436707,57143.7136306,17515.7667210,17515.7667210,20648.2654697,13059.1097232
-0.6690909,-0.6690909,-0.6051266,20586.0366646,12337.2705405,95998.7806677,728.4975298,66985.7104067,20586.0366646,20586.0366646,24267.6188139,15348.1897682
-0.6640909,-0.6640909,-0.6001266,23660.4879560,14194.1676019,110162.0328920,849.7837576,76874.1880087,23660.4879560,23660.4879560,27891.9012932,17640.3872718
-0.6590909,-0.6590909,-0.5951266,26662.0376999,16011.4256924,123936.3185860,970.7282665,86492.8581208,26662.0376999,26662.0376999,31430.2445995,19878.2320701
-0.6540909,-0.6540909,-0.5901266,30150.2877327,18124.3326195,139932.2327897,1113.8980411,97663.3001451,30150.2877327,30150.2877327,35542.3290916,22478.9426554
-0.6490909,-0.6490909,-0.5851266,34210.2078280,20583.9703009,158544.0878335,1278.9756272,110660.7191102,34210.2078280,34210.2078280,40328.3204358,25505.8693572
-0.6440909,-0.6440909,-0.5801266,30164.3696993,18132.6739770,139999.0867002,1114.2809243,97709.9104338,30164.3696993,30164.3696993,35558.9294603,22489.4416504
-0.6390909,-0.6390909,-0.5751266,26721.1014270,16047.0357402,124209.1737938,972.8849245,86683.3344666,26721.1014270,26721.1014270,31499.8712128,19922.2678069
-0.6340909,-0.6340909,-0.5701266,23752.0215798,14249.4509670,110583.7159706,853.4391862,77168.5977240,23752.0215798,23752.0215798,27999.8046806,17708.6313661
-0.6290909,-0.6290909,-0.5651266,20680.0919886,12394.2713175,96429.7294647,732.2707557,67286.6671612,20680.0919886,20680.0919886,24378.4948794,15418.3139491
-0.6240909,-0.6240909,-0.5601266,17586.6074118,10521.5961057,82229.0170549,606.3746267,57370.3768422,17586.6074118,17586.6074118,20731.7752248,13111.9259298
-0.6190909,-0.6190909,-0.5551266,14989.2182468,8949.9931048,70299.4153968,502.5666015,49040.1894414,14989.2182468,14989.2182468,17669.8720914,11175.4083545
-0.6140909,-0.6140909,-0.5501266,12865.5691696,7665.2268765,60542.0636089,418.0187406,42226.9621270,12865.5691696,12865.5691696,15166.4321559,9592.0939182
-0.6090909,-0.6090909,-0.5451266,11153.2883803,6629.6750837,52670.6219522,350.0949166,36730.7403221,11153.2883803,11153.2883803,13147.9291203,8315.4805069
-0.6040909,-0.6040909,-0.5401266,9794.9604021,5808.4574873,46423.0423365,296.4155878,32368.4864684,9794.9604021,9794.9604021,11546.6793928,7302.7612586
-0.5990909,-0.5990909,-0.5351266,8740.8792082,5171.3823976,41572.4024728,254.9064000,28981.7000017,8740.8792082,8740.8792082,10304.0875802,6516.8771927
-0.5940909,-0.5940909,-0.5301266,7949.5901577,4693.2736429,37929.4066545,223.8335719,26438.1632038,7949.5901577,7949.5901577,9371.2853434,5926.9212577
-0.5890909,-0.5890909,-0.5251266,7388.1101903,4354.1023841,35343.4143878,201.8260136,24632.6588982,7388.1101903,7388.1101903,8709.3909709,5508.3025002
-0.5840909,-0.5840909,-0.5201266,7031.9600990,4139.0051228,33702.6070183,187.8801226,23487.0861902,7031.9600990,7031.9600990,8289.5474237,5242.7701262
-0.5790909,-0.5790909,-0.5151266,6865.1096717,4038.2491637,32933.7519889,181.3503271,22950.2953137,6865.1096717,6865.1096717,8092.8576657,5118.3726006
-0.5740909,-0.5740909,-0.5101266,6879.9063583,4047.1884777,33001.8869878,181.9334926,22997.8666881,6879.9063583,6879.9063583,8110.3005741,5129.4044645
-0.5690909,-0.5690909,-0.5051266,7077.0315074,4166.2367281,33910.1248786,189.6564462,23631.9745075,7077.0315074,7077.0315074,8342.6793488,5276.3737061
-0.5640909,-0.5640909,-0.5001266,7465.5045142,4400.8698255,35699.6722176,204.8772904,24881.3996886,7465.5045142,7465.5045142,8800.6264031,5566.0048540
-0.5590909,-0.5590909,-0.4951266,8062.7330899,4761.6569214,38450.0531806,228.2992021,26801.6864658,8062.7330899,8062.7330899,9504.6626221,6011.2764555
-0.5540909,-0.5540909,-0.4901266,8894.5855765,5264.3052109,42279.4290857,260.9855643,29475.3659254,8894.5855765,8894.5855765,10485.2826115,6631.4749926
-0.5490909,-0.5490909,-0.4851266,9995.4371393,5929.6892692,47344.7937918,304.3676396,33012.0930058,9995.4371393,9995.4371393,11783.0091497,7452.2293207
-0.5440909,-0.5440909,-0.4801266,11408.1144889,6783.8191297,53841.7013379,360.2368780,37548.4569280,11408.1144889,11408.1144889,13448.3280251,8505.4694561
-0.5390909,-0.5390909,-0.4751266,13183.6330967,7857.6826497,62003.0422734,430.7203234,43247.1272888,13183.6330967,13183.6330967,15541.3782549,9829.2306527
-0.5340909,-0.5340909,-0.4701266,15380.5875398,9186.8774459,72096.2332727,518.2432563,50294.8919726,15380.5875398,15380.5875398,18131.2334001,11467.1988665
-0.5290909,-0.5290909,-0.4651266,18054.6052698,10804.9438392,84378.2304630,625.4780808,58871.1292158,18054.6052698,18054.6052698,21283.4692594,13460.8478740
-0.5240909,-0.5240909,-0.4601266,21242.7764280,12735.0442118,99010.6960294,755.2693137,69089.0130543,21242.7764280,21242.7764280,25041.8091302,15837.8307165
-0.5190909,-0.5190909,-0.4551266,24203.3588106,14522.8095901,112653.7064555,871.6563458,78614.1257248,24203.3588106,24203.3588106,28531.8585215,18045.1317611
-0.5140909,-0.5140909,-0.4501266,27245.1412253,16364.5172155,126611.5205773,994.5865598,88360.9915369,27245.1412253,27245.1412253,32117.6296612,20312.9725551
-0.5090909,-0.5090909,-0.4451266,30785.1086889,18508.8391118,142843.5210466,1139.8059954,99696.3355991,30785.1086889,30785.1086889,36290.6806676,22952.2417495
-0.5040909,-0.5040909,-0.4401266,33534.5903265,20174.9098884,155443.8165143,1252.6144734,108495.7743257,33534.5903265,33534.5903265,39531.8763092,25002.1538635
-0.4990909,-0.4990909,-0.4351266,29539.3184676,17754.3407515,137129.5078944,1088.9967953,95706.1048891,29539.3184676,29539.3184676,34822.0948147,22023.4265025
-0.4940909,-0.4940909,-0.4301266,26147.6778111,15700.0610471,121575.2939964,949.6312990,84844.1597070,26147.6778111,26147.6778111,30823.8972041,19494.7443056
-0.4890909,-0.4890909,-0.4251266,23218.8149945,13926.9143305,108133.3171308,832.1727631,75457.5847072,23218.8149945,23218.8149945,27371.2400681,17311.0921997
-0.4840909,-0.4840909,-0.4201266,20045.2138561,12009.9946313,93514.9801997,706.6232440,65251.3212712,20045.2138561,20045.2138561,23630.0759019,14944.9722265
-0.4790909,-0.4790909,-0.4151266,17063.2364103,10205.0656746,79824.7152126,585.5746990,55691.5162164,17063.2364103,17063.2364103,20114.8051800,12721.7198119
-0.4740909,-0.4740909,-0.4101266,14587.6839734,8707.0219860,68455.1332238,486.0079854,47752.3694597,14587.6839734,14587.6839734,17196.5279092,10876.0392080
-0.4690909,-0.4690909,-0.4051266,12558.6727529,7479.3743830,59134.2442830,405.1026965,41243.8548924,12558.6727529,12558.6727529,14804.6507514,9363.2832675
-0.4640909,-0.4640909,-0.4001266,10925.5667425,6491.7689652,51626.0096103,340.2634236,36001.2671498,10925.5667425,10925.5667425,12879.4820175,8145.6996517
-0.4590909,-0.4590909,-0.3951266,9635.5660558,5711.9111076,45692.0886882,289.1858359,31858.0397765,9635.5660558,9635.5660558,11358.7791525,7183.9227122
-0.4540909,-0.4540909,-0.3901266,8640.4295573,5110.5000482,41112.2330217,249.8922766,28660.3341798,8640.4295573,8640.4295573,10185.6736341,6441.9856374
-0.4490909,-0.4490909,-0.3851266,7900.2564537,4663.3041352,37704.2321347,220.7456470,26280.8818151,7900.2564537,7900.2564537,9313.1288588,5890.1398673
-0.4440909,-0.4440909,-0.3801266,7383.6605533,4351.2647973,35324.7318072,200.4542332,24619.5549487,7383.6605533,7383.6605533,8704.1455661,5504.9850149
-0.4390909,-0.4390909,-0.3751266,7067.7795398,4160.5006489,33869.2948882,188.0736436,23603.4085166,7067.7795398,7067.7795398,8331.7727704,5269.4757803
-0.4340909,-0.4340909,-0.3701266,6938.2134640,4082.2689895,33272.1342863,183.0075029,23186.4931630,6938.2134640,6938.2134640,8179.0352527,5172.8760923
-0.4290909,-0.4290909,-0.3651266,6988.9572311,4112.9240665,33505.8135841,185.0069378,23349.6458298,6988.9572311,6988.9572311,8238.8539744,5210.7087737
-0.4240909,-0.4240909,-0.3601266,7222.3659793,4253.8957387,34581.0926938,194.1695942,24100.3818264,7222.3659793,7222.3659793,8514.0052636,5384.7297288
-0.4190909,-0.4190909,-0.3551266,7649.1690993,4511.6981130,36546.9904008,210.9401146,25472.9385640,7649.1690993,7649.1690993,9017.1373426,5702.9383954
-0.4140909,-0.4140909,-0.3501266,8288.5267516,4897.9644192,39491.0357690,236.1110922,27528.4513780,8288.5267516,8288.5267516,9770.8369519,6179.6198829
-0.4090909,-0.4090909,-0.3451266,9168.1003444,5429.4907829,43539.5782384,270.8228724,30355.1705144,9168.1003444,9168.1003444,10807.7124330,6835.3975169
-0.4040909,-0.4040909,-0.3401266,10324.0838981,6128.2566382,48857.9143314,316.5622311,34068.5501829,10324.0838981,10324.0838981,12170.4307013,7697.2562243
-0.3990909,-0.3990909,-0.3351266,11801.1153788,7021.3726015,55649.8619405,375.1591925,38810.9519054,11801.1153788,11801.1153788,13911.6127236,8798.4764266
-0.3940909,-0.3940909,-0.3301266,13651.9557113,8140.8875505,64156.2701504,448.7783283,44750.6044858,13651.9557113,13651.9557113,16093.4551252,10178.3947235
-0.3890909,-0.3890909,-0.3251266,15923.1217112,9515.2975090,74586.5805294,539.8943536,52033.8962431,15923.1217112,15923.1217112,18770.7937332,11871.6923372
-0.3840909,-0.3840909,-0.3201266,18678.6275021,11182.9389013,87239.6416010,651.2394698,60869.3458483,18678.6275021,18678.6275021,22019.0908805,13926.0958377
-0.3790909,-0.3790909,-0.3151266,21980.9118383,13182.2655334,102394.1148529,784.8080662,71451.8062942,21980.9118383,21980.9118383,25911.9517936,16388.1572577
-0.3740909,-0.3740909,-0.3101266,24804.4484521,14887.2649085,115405.7105632,896.0973402,80536.0813988,24804.4484521,24804.4484521,29240.4463147,18493.2820309
-0.3690909,-0.3690909,-0.3051266,27987.9096106,16814.9256710,130011.5777177,1025.7039876,90735.5571991,27987.9096106,27987.9096106,32993.2338552,20866.7532714
-0.3640909,-0.3640909,-0.3001266,31716.0445074,19073.4136989,147104.1614244,1178.4666341,102671.9493402,31716.0445074,31716.0445074,37388.1039333,23646.3131649
-0.3590909,-0.3590909,-0.2951266,32516.6996446,19558.4293104,150775.1842622,1211.1704324,105235.5550685,32516.6996446,32516.6996446,38331.9472766,24243.2521087
-0.3540909,-0.3540909,-0.2901266,28714.1774903,17254.8295291,133342.1371850,1055.4502183,93061.3851447,28714.1774903,28714.1774903,33849.3866130,21408.2318193
-0.3490909,-0.3490909,-0.2851266,25472.8483538,15292.0804830,118471.3480012,923.0688929,82676.8914226,25472.8483538,25472.8483538,30028.3820546,18991.6163485
-0.3440909,-0.3440909,-0.2801266,22704.7059252,13616.1246812,105768.3250040,811.9014780,73806.2860150,22704.7059252,22704.7059252,26765.1883484,16927.7914369
-0.3390909,-0.3390909,-0.2751266,19366.2194513,11599.5995428,90390.6254565,679.4930636,63069.8445292,19366.2194513,19366.2194513,22829.6509507,14438.7390381
-0.3340909,-0.3340909,-0.2701266,16477.2795163,9851.2837297,77123.8732794,562.7252729,53805.8956212,16477.2795163,16477.2795163,19424.0564566,12284.8519605
-0.3290909,-0.3290909,-0.2651266,14073.3316105,8396.7044823,66081.5314127,466.8741678,46095.3078450,14073.3316105,14073.3316105,16590.1893856,10492.5570544
-0.3240909,-0.3240909,-0.2601266,12117.7252529,7213.8095617,57093.7462856,389.1736496,39819.5266888,12117.7252529,12117.7252529,14284.8447285,9034.5290728
-0.3190909,-0.3190909,-0.2551266,10548.6884246,6265.0683456,49878.6317150,327.0758592,34781.6563955,10548.6884246,10548.6884246,12435.2032324,7864.7130763
-0.3140909,-0.3140909,-0.2501266,9311.5679148,5517.2814344,44186.7135527,278.3088660,30807.4432709,9311.5679148,9311.5679148,10976.8375719,6942.3616466
-0.3090909,-0.3090909,-0.2451266,8359.6338939,4942.0670164,39804.6310484,240.9191136,27747.8600655,8359.6338939,8359.6338939,9854.6608104,6232.6347459
-0.3040909,-0.3040909,-0.2401266,7654.4650050,4516.0926579,36556.9205078,213.3015611,25480.3509663,7654.4650050,7654.4650050,9023.3803617,5706.8868274
-0.2990909,-0.2990909,-0.2351266,7166.0681787,4221.1462622,34306.5842657,194.2149491,23909.2282781,7166.0681787,7166.0681787,8447.6392318,5342.7561648
-0.2940909,-0.2940909,-0.2301266,6872.8537958,4044.1195179,32954.9950145,182.7799001,22965.6050063,6872.8537958,6872.8537958,8101.9867397,5124.1463340
-0.2890909,-0.2890909,-0.2251266,6761.5550234,3976.9578259,32441.5405921,178.4660274,22607.1463125,6761.5550234,6761.5550234,7970.7834281,5041.1660737
-0.2840909,-0.2840909,-0.2201266,6827.1517819,4016.6134453,32743.2849807,181.0756426,22817.8324578,6827.1517819,6827.1517819,8048.1114324,5090.0725978
-0.2790909,-0.2790909,-0.2151266,7072.8349513,4165.0234995,33874.8079629,190.7341876,23607.8467031,7072.8349513,7072.8349513,8337.7322857,5273.2449087
-0.2740909,-0.2740909,-0.2101266,7510.0241711,4429.1209553,35888.2843517,207.8962541,25013.6307182,7510.0241711,7510.0241711,8853.1079021,5599.1970684
-0.2690909,-0.2690909,-0.2051266,8158.4313814,4820.8738046,38873.7669828,233.3611648,27098.0824827,8158.4313814,8158.4313814,9617.4754815,6082.6255724
-0.2640909,-0.2640909,-0.2001266,9046.1403519,5357.3343665,42959.5377433,268.2871013,29950.8018756,9046.1403519,9046.1403519,10663.9412614,6744.4686441
-0.2590909,-0.2590909,-0.1951266,10209.6482350,6060.6659135,48312.2804915,314.1961857,33688.2120168,10209.6482350,10209.6482350,12035.5295012,7611.9372140
-0.2540909,-0.2540909,-0.1901266,11693.7875531,6958.0970346,55136.7037693,372.9632877,38453.2964466,11693.7875531,11693.7875531,13785.0905181,8718.4567578
-0.2490909,-0.2490909,-0.1851266,13551.4158280,8081.7351734,63674.0989546,446.7889875,44414.5928582,13551.4158280,13551.4158280,15974.9348095,10103.4358942
-0.2440909,-0.2440909,-0.1801266,15842.7265123,9468.1503835,74199.1666650,538.1605195,51763.9773350,15842.7265123,15842.7265123,18676.0207532,11811.7526417
-0.2390909,-0.2390909,-0.1751266,18612.3292579,11144.2166364,86918.2500934,649.7986259,60645.4865009,18612.3292579,18612.3292579,21940.9359377,13876.6663118
-0.2340909,-0.2340909,-0.1701266,21921.0076655,13147.4434581,102101.7157486,783.1546731,71248.2041793,21921.0076655,21921.0076655,25841.3344302,16343.4949155
-0.2290909,-0.2290909,-0.1651266,24662.5374911,14802.6295392,114738.9506263,891.5936607,80070.9951284,24662.5374911,24662.5374911,29073.1561673,18387.4784517
-0.2240909,-0.2240909,-0.1601266,27793.0621305,16698.2553958,129101.7078581,1019.0307979,90100.7117714,27793.0621305,27793.0621305,32763.5400850,20721.4821758
-0.2190909,-0.2190909,-0.1551266,31461.0893007,18920.3476628,145918.5038357,1169.3626942,101844.5179442,31461.0893007,31461.0893007,37087.5528427,23456.2279649
-0.2140909,-0.2140909,-0.1501266,31761.9960784,19102.8042227,147296.0488988,1181.8246596,102806.5772007,31761.9960784,31761.9960784,37442.2734283,23680.5729616
-0.2090909,-0.2090909,-0.1451266,28003.9416350,16826.2744232,130065.2830324,1028.0079380,90773.7208530,28003.9416350,28003.9416350,33012.1330277,20878.7061576
-0.2040909,-0.2040909,-0.1401266,24805.5465391,14889.6565783,115389.8607681,897.5751075,80525.7082952,24805.5465391,24805.5465391,29241.7407823,18494.1007240
-0.1990909,-0.1990909,-0.1351266,22081.1447450,13242.4142797,102831.9567399,787.8384317,71758.2903139,22081.1447450,22081.1447450,26030.1102333,16462.8872165
-0.1940909,-0.1940909,-0.1301266,18755.4881214,11231.4045820,87568.9985380,656.2450235,61100.1150039,18755.4881214,18755.4881214,22109.6971610,13983.4002810
-0.1890909,-0.1890909,-0.1251266,15981.4953093,9552.6832793,74829.7341020,544.1810285,52204.5144694,15981.4953093,15981.4953093,18839.6067957,11915.2135393
-0.1840909,-0.1840909,-0.1201266,13693.2833856,8168.0819065,64319.6401124,452.4483727,44865.5611750,13693.2833856,13693.2833856,16142.1737912,10209.2071133
-0.1790909,-0.1790909,-0.1151266,11825.8194522,7038.6383177,55735.3006744,378.3009699,38871.5434384,11825.8194522,11825.8194522,13940.7348439,8816.8948727
-0.1740909,-0.1740909,-0.1101266,10333.7686170,6136.5761743,48872.6485188,319.2462307,34079.8274975,10333.7686170,10333.7686170,12181.8474238,7704.4767936
-0.1690909,-0.1690909,-0.1051266,9163.8217693,5429.5145237,43488.3210931,273.0979187,30320.4293055,9163.8217693,9163.8217693,10802.6686826,6832.2075690
-0.1640909,-0.1640909,-0.1001266,8270.6993811,4889.9541263,39375.5587150,238.0007218,27448.9329912,8270.6993811,8270.6993811,9749.8213558,6166.3284528
-0.1590909,-0.1590909,-0.0951266,7617.4738032,4495.4711471,36365.7010106,212.4388006,25347.5352528,7617.4738032,7617.4738032,8979.7736977,5679.3075515
-0.1540909,-0.1540909,-0.0901266,7175.6548765,4228.7673948,34328.5990656,195.2386511,23925.3325238,7175.6548765,7175.6548765,8458.9404031,5349.9036531
-0.1490909,-0.1490909,-0.0851266,6925.1525843,4077.6462359,33172.4618725,185.5701205,23118.2131533,6925.1525843,6925.1525843,8163.6385809,5163.1383820
-0.1440909,-0.1440909,-0.0801266,6854.1990996,4034.9642362,32843.5126618,182.9464399,22888.6169520,6854.1990996,6854.1990996,8079.9958600,5110.2380805
-0.1390909,-0.1390909,-0.0751266,6959.2848508,4098.5917280,33325.7042657,187.2230974,23225.3361371,6959.2848508,6959.2848508,8203.8750211,5188.5861412
-0.1340909,-0.1340909,-0.0701266,7245.1389952,4271.4007714,34640.6321373,198.5971000,24143.4545059,7245.1389952,7245.1389952,8540.8509785,5401.7084496
-0.1290909,-0.1290909,-0.0651266,7724.7628520,4561.2857049,36847.6840267,217.6082048,25684.4520804,7724.7628520,7724.7628520,9106.2501915,5759.2983097
-0.1240909,-0.1240909,-0.0601266,8419.5037788,4981.2086832,40044.3692231,245.1401077,27916.4353445,8419.5037788,8419.5037788,9925.2377538,6277.2715242
-0.1190909,-0.1190909,-0.0551266,9359.1349088,5549.2491819,44366.6695967,282.4204194,30934.3828733,9359.1349088,9359.1349088,11032.9113901,6977.8258431
-0.1140909,-0.1140909,-0.0501266,10581.8815160,6288.6214745,49989.1422750,331.0195761,34860.2176425,10581.8815160,10581.8815160,12474.3325366,7889.4606212
-0.1090909,-0.1090909,-0.0451266,12134.3065643,7227.6069325,57124.3751514,392.8474884,39842.4274469,12134.3065643,12134.3065643,14304.3914217,9046.8914870
-0.1040909,-0.1040909,-0.0401266,14070.9362494,8399.3286976,66021.2517322,470.1431940,46054.8537901,14070.9362494,14070.9362494,16587.3656411,10490.7711616
-0.0990909,-0.0990909,-0.0351266,16435.8963159,9830.8252247,76878.3608045,565.4460196,53636.3024346,16435.8963159,16435.8963159,19375.2723342,12253.9981724
-0.0940909,-0.0940909,-0.0301266,19295.9213282,11562.1166712,90006.5915761,681.5370173,62803.7148928,19295.9213282,19295.9213282,22746.7807954,14386.3273500
-0.0890909,-0.0890909,-0.0251266,22608.5620079,13563.7756822,105256.2243398,813.4648968,73451.0412078,22608.5620079,22608.5620079,26651.8501679,16856.1100777
-0.0840909,-0.0840909,-0.0201266,25411.7087074,15261.3692067,118114.5041233,926.4197176,82430.2423730,25411.7087074,25411.7087074,29956.3082670,18946.0328828
-0.0790909,-0.0790909,-0.0151266,28686.9494141,17245.1423152,133134.9561481,1060.7882873,92919.4448427,28686.9494141,28686.9494141,33817.2891003,21387.9315699
-0.0740909,-0.0740909,-0.0101266,32534.9350237,19576.7901357,150770.3153846,1218.8135134,105235.1009378,32534.9350237,32534.9350237,38353.4438491,24256.8477349
-0.0690909,-0.0690909,-0.0051266,31643.5606801,19040.7005201,146636.3924423,1186.0590800,102349.7988728,31643.5606801,31643.5606801,37302.6571851,23592.2718963
-0.0640909,-0.0640909,-0.0001266,27940.8316572,16798.6407338,129647.7385166,1035.2675357,90486.4026813,27940.8316572,27940.8316572,32937.7365370,20831.6536855
-0.0590909,-0.0590909,0.0048734,24764.0499056,14876.1808430,115058.5290637,907.1800786,80299.0246090,24764.0499056,24764.0499056,29192.8229405,18463.1623644
-0.0540909,-0.0540909,0.0098734,21913.3626539,13156.6927397,101898.7569261,796.6107571,71112.0614239,21913.3626539,21913.3626539,25832.3221939,16337.7950768
-0.0490909,-0.0490909,0.0148734,18536.4566127,11113.5725309,86385.0818845,661.1163823,60279.3256138,18536.4566127,18536.4566127,21851.4943195,13820.0984656
-0.0440909,-0.0440909,0.0198734,15686.1901868,9390.2480062,73276.7307127,547.7648279,51126.6236497,15686.1901868,15686.1901868,18491.4896587,11695.0449302
-0.0390909,-0.0390909,0.0248734,13303.7401543,7950.3503165,62312.8922323,454.3015577,43471.5256582,13303.7401543,13303.7401543,15682.9651149,9918.7780456
-0.0340909,-0.0340909,0.0298734,11338.5297288,6763.4305528,53259.3824255,377.8645967,37150.5688053,11338.5297288,11338.5297288,13366.2988098,8453.5896251
-0.0290909,-0.0290909,0.0348734,9725.6798013,5790.0924061,45819.8693618,315.7871953,31956.7760032,9725.6798013,9725.6798013,11465.0087324,7251.1081976
-0.0240909,-0.0240909,0.0398734,8406.5735602,4994.7517976,39726.5077291,265.6420450,27703.0709123,8406.5735602,8406.5735602,9909.9951105,6267.6312300
-0.0190909,-0.0190909,0.0448734,7329.3238911,4345.9184929,34742.1003044,225.2685689,24223.7867596,7329.3238911,7329.3238911,8640.0914004,5464.4736034
-0.0140909,-0.0140909,0.0498734,6448.8076829,3816.2148427,30660.2799371,192.7877355,21374.7926023,6448.8076829,6448.8076829,7602.1047277,4807.9931902
-0.0090909,-0.0090909,0.0548734,5726.4086128,3382.2176994,27304.3576712,166.6000153,19032.6880159,5726.4086128,5726.4086128,6750.5126728,4269.3990840
-0.0040909,-0.0040909,0.0598734,5129.5774625,3024.1897773,24525.3344909,145.3632568,17093.4137034,5129.5774625,5129.5774625,6046.9449542,3824.4237882
0.0009091,0.0009091,0.0648734,4631.2898220,2725.7489726,22199.4411459,127.9678334,15470.5325926,4631.2898220,4631.2898220,5459.5441487,3452.9188992
0.0059091,0.0059091,0.0698734,4209.4569303,2473.5094989,20225.4606519,113.5209333,14093.3592512,4209.4569303,4209.4569303,4962.2711678,3138.4158515
0.0109091,0.0109091,0.0748734,3846.3268361,2256.7174036,18522.0034175,101.3189161,12905.0563172,3846.3268361,3846.3268361,4534.1993222,2867.6794447
0.0159091,0.0159091,0.0798734,3527.8996258,2066.8948699,17024.8437188,90.7986183,11860.7738764,3527.8996258,3527.8996258,4158.8249709,2630.2718596
0.0209091,0.0209091,0.0848734,3243.3713412,1897.5021517,15684.3846059,81.4938519,10925.8786317,3243.3713412,3243.3713412,3823.4119886,2418.1380634
0.0259091,0.0259091,0.0898734,2984.6153548,1758.8622158,14463.2916540,72.9975884,10074.3010794,2984.6153548,2984.6153548,3518.3803913,2225.2191423
0.0309091,0.0309091,0.0948734,2743.2300526,1614.6462863,13323.0989786,64.8956209,9279.1772699,2743.2300526,2743.2300526,3233.8260307,2045.2511628
0.0359091,0.0359091,0.0998734,2505.8443669,1472.5985764,12204.1792117,56.5880841,8498.8113791,2505.8443669,2505.8443669,2953.9865732,1868.2651498
0.0409091,0.0409091,0.1048734,2209.8013808,1298.3236942,10807.9277140,47.6193001,7525.0541239,2209.8013808,2209.8013808,2604.9996140,1663.1583994
0.0459091,0.0459091,0.1098734,1916.9422507,1123.7790383,9428.0920659,38.5706765,6562.7001148,1916.9422507,1916.9422507,2259.7659076,1444.6854468
0.0509091,0.0509091,0.1148734,1665.2525154,964.0057001,8175.4821002,29.7530429,5689.1212242,1665.2525154,1665.2525154,1946.6937312,1244.8728082
0.0559091,0.0559091,0.1198734,1392.3486935,802.4153298,6875.9419658,21.0333757,4782.9862869,1392.3486935,1392.3486935,1638.7168777,1041.6865508
0.0609091,0.0609091,0.1248734,1129.9783143,646.8495427,5630.9964473,12.9022044,3915.0044473,1129.9783143,1129.9783143,1329.4551554,846.0050237
0.0659091,0.0659091,0.1298734,909.1268460,515.0182851,4585.9818590,6.1209016,3186.4140605,909.1268460,909.1268460,1069.4455876,680.6917583
0.0709091,0.0709091,0.1348734,710.3841398,397.4613124,3644.1418008,0.9568044,2530.0343875,710.3841398,710.3841398,835.5001515,532.2624733
0.0759091,0.0759091,0.1398734,555.3244079,306.1342140,2904.2464921,-2.7759899,2014.2816095,555.3244079,555.3244079,652.6188655,416.7969174
0.0809091,0.0809091,0.1448734,437.6601599,237.0788410,2338.9480018,-5.3926519,1634.1798755,437.6601599,437.6601599,513.8898253,329.1085294
0.0859091,0.0859091,0.1498734,347.4360650,184.4172304,1901.1772101,-7.1820252,1329.4086248,347.4360650,347.4360650,407.5293848,261.8460759
0.0909091,0.0909091,0.1548734,277.4815451,143.8546475,1572.6974585,-8.3718911,1090.8818845,277.4815451,277.4815451,325.0742806,209.6799578
0.0959091,0.0959091,0.1598734,222.6396314,112.2953327,1301.1595167,-9.1329282,901.9179082,222.6396314,222.6396314,260.4410319,168.7718867
0.1009091,0.1009091,0.1648734,179.1799380,87.4998057,1083.3747410,-9.5905886,750.4331387,179.1799380,179.1799380,209.2297663,136.3440357
0.1059091,0.1059091,0.1698734,144.3853972,67.8379896,906.7091483,-9.8362259,627.6102704,144.3853972,144.3853972,168.2360242,110.3726690
0.1109091,0.1109091,0.1748734,116.2621825,52.1148763,761.8704917,-9.9356566,526.9653480,116.2621825,116.2621825,135.1084426,89.3724996
0.1159091,0.1159091,0.1798734,93.3353466,39.4474849,641.9674407,-9.9354007,443.6907057,93.3353466,93.3353466,108.1076806,72.2446182
0.1209091,0.1209091,0.1848734,74.5041748,29.1777408,541.8432652,-9.8674257,374.1897140,74.5041748,74.5041748,85.9358054,58.1688178
0.1259091,0.1259091,0.1898734,58.9393274,20.8105335,457.6016216,-9.7530939,315.7456661,58.9393274,58.9393274,67.6149676,46.5270172
0.1309091,0.1309091,0.1948734,46.0093810,13.9694749,386.2674849,-9.6065555,266.2849884,46.0093810,46.0093810,52.4007454,36.8485644
0.1359091,0.1359091,0.1998734,35.2281505,8.3651317,325.5436234,-9.4374306,224.2071179,35.2281505,35.2281505,39.7199994,28.7709966
0.1409091,0.1409091,0.2048734,26.2167619,3.7720676,273.6349199,-9.2526298,188.2617257,26.2167619,26.2167619,29.1261345,22.0117477
0.1459091,0.1459091,0.2098734,18.6762260,0.0121387,229.1210701,-9.0574530,157.4597212,18.6762260,18.6762260,20.2667685,16.3476193
0.1509091,0.1509091,0.2148734,12.3674884,-3.0576871,190.8639080,-8.8563173,131.0084693,12.3674884,12.3674884,12.8602591,11.5997634
0.1559091,0.1559091,0.2198734,7.0967929,-5.5541035,157.9396155,-8.6533543,108.2644473,7.0967929,7.0967929,6.6785503,7.6226255
0.1609091,0.1609091,0.2248734,2.7048199,-7.5735738,129.5888867,-8.4527708,88.6985174,2.7048199,2.7048199,1.5345081,4.2958439
0.1659091,0.1659091,0.2298734,-0.9414238,-9.1964048,105.1801169,-8.2587925,71.8703538,-0.9414238,-0.9414238,-2.7275594,1.5184842
0.1709091,0.1709091,0.2348734,-3.9545685,-10.4895069,84.1820845,-8.0754480,57.4095173,-3.9545685,-3.9545685,-6.2390477,-0.7948509
0.1759091,0.1759091,0.2398734,-6.4310330,-11.5086239,66.1435763,-7.9065446,45.0013529,-6.4310330,-6.4310330,-9.1123316,-2.7165578
0.1809091,0.1809091,0.2448734,-8.4536829,-12.3005489,50.6780891,-7.7553186,34.3763746,-8.4536829,-8.4536829,-11.4444008,-4.3078791
0.1859091,0.1859091,0.2498734,-10.0935152,-12.9052083,37.4522315,-7.6231262,25.3021538,-10.0935152,-10.0935152,-13.3191196,-5.6206774
0.1909091,0.1909091,0.2548734,-11.4110671,-13.3569832,26.1768087,-7.5082309,17.5769762,-11.4110671,-11.4110671,-14.8086337,-6.6993109
0.1959091,0.1959091,0.2598734,-12.4580624,-13.6848907,16.5998347,-7.4060836,11.0247289,-12.4580624,-12.4580624,-15.9746444,-7.5821882
0.2009091,0.2009091,0.2648734,-13.2791734,-13.9121521,8.5009012,-7.3106643,5.4906920,-13.2791734,-13.2791734,-16.8700279,-8.3024335
0.2059091,0.2059091,0.2698734,-13.9132176,-14.0561652,1.6864798,-7.2160535,0.8381518,-13.9132176,-13.9132176,-17.5405671,-8.8876963
0.2109091,0.2109091,0.2748734,-14.3933268,-14.1294075,-4.0140878,-7.1179758,-3.0540828,-14.3933268,-14.3933268,-18.0260249,-9.3598644
0.2159091,0.2159091,0.2798734,-14.7465204,-14.1410559,-8.7519277,-7.0143632,-6.2932453,-14.7465204,-14.7465204,-18.3601564,-9.7354354
0.2209091,0.2209091,0.2848734,-14.9936402,-14.0987792,-12.6611500,-6.9036239,-8.9735563,-14.9936402,-14.9936402,-18.5702403,-10.0267096
0.2259091,0.2259091,0.2898734,-15.1502179,-14.0100870,-15.8604716,-6.7817567,-11.1771292,-15.1502179,-15.1502179,-18.6771409,-10.2434538
0.2309091,0.2309091,0.2948734,-15.2281398,-13.8828459,-18.4542198,-6.6421087,-12.9752897,-15.2281398,-15.2281398,-18.6963983,-10.3944453
0.2359091,0.2359091,0.2998734,-15.2374968,-13.7252163,-20.5333092,-6.4786455,-14.4301675,-15.2374968,-15.2374968,-18.6400915,-10.4883605
0.2409091,0.2409091,0.3048734,-15.1879014,-13.5455391,-22.1766643,-6.2891620,-15.5958896,-15.1879014,-15.1879014,-18.5187349,-10.5339828
0.2459091,0.2459091,0.3098734,-15.0889923,-13.3521645,-23.4529238,-6.0758576,-16.5189307,-15.0889923,-15.0889923,-18.3424825,-10.5401666
0.2509091,0.2509091,0.3148734,-14.9504893,-13.1527301,-24.4217207,-5.8439059,-17.2379679,-14.9504893,-14.9504893,-18.1215237,-10.5157992
0.2559091,0.2559091,0.3198734,-14.7821805,-12.9528312,-25.1340874,-5.5996221,-17.7840875,-14.7821805,-14.7821805,-17.8661377,-10.4694836
0.2609091,0.2609091,0.3248734,-14.5936490,-12.7549344,-25.6323885,-5.3491243,-18.1819029,-14.5936490,-14.5936490,-17.5866444,-10.4086553
0.2659091,0.2659091,0.3298734,-14.3933579,-12.5584023,-25.9506806,-5.0976353,-18.4514085,-14.3933579,-14.3933579,-17.2928885,-10.3384832
0.2709091,0.2709091,0.3348734,-14.1873533,-12.3603010,-26.1160521,-4.8492562,-18.6098388,-14.1873533,-14.1873533,-16.9930044,-10.2613056
0.2759091,0.2759091,0.3398734,-13.9784612,-12.1560241,-26.1506649,-4.6070037,-18.6729287,-13.9784612,-13.9784612,-16.6920708,-10.1767847
0.2809091,0.2809091,0.3448734,-13.7663760,-11.9397836,-26.0736935,-4.3729653,-18.6555649,-13.7663760,-13.7663760,-16.3915952,-10.0823026
0.2859091,0.2859091,0.3498734,-13.5481783,-11.7057341,-25.9026130,-4.1484845,-18.5721117,-13.5481783,-13.5481783,-16.0898895,-9.9734938
0.2909091,0.2909091,0.3548734,-13.3190230,-11.4495871,-25.6539021,-3.9343360,-18.4364356,-13.3190230,-13.3190230,-15.7827557,-9.8453194
0.2959091,0.2959091,0.3598734,-13.0733388,-11.1697500,-25.3433922,-3.7308737,-18.2614014,-13.0733388,-13.0733388,-15.4644588,-9.6935907
0.3009091,0.3009091,0.3648734,-12.8064744,-10.8674381,-24.9861756,-3.5381494,-18.0578666,-12.8064744,-12.8064744,-15.1292686,-9.5161977
0.3059091,0.3059091,0.3698734,-12.5160314,-10.5459967,-24.5958649,-3.3560036,-17.8336313,-12.5160314,-12.5160314,-14.7731505,-9.3134953
0.3109091,0.3109091,0.3748734,-12.2022910,-10.2099573,-24.1834013,-3.1841341,-17.5928034,-12.2022910,-12.2022910,-14.3947763,-9.0879231
0.3159091,0.3159091,0.3798734,-11.8678035,-9.8642087,-23.7559750,-3.0221463,-17.3358444,-11.8678035,-11.8678035,-13.9955359,-8.8432625
0.3209091,0.3209091,0.3848734,-11.5165776,-9.5134248,-23.3165568,-2.8695897,-17.0604713,-11.5165776,-11.5165776,-13.5788509,-8.5838922
0.3259091,0.3259091,0.3898734,-11.1532658,-9.1617443,-22.8643541,-2.7259844,-16.7632885,-11.1532658,-11.1532658,-13.1492750,-8.3142193
0.3309091,0.3309091,0.3948734,-10.7825426,-8.8126368,-22.3962554,-2.5908396,-16.4415311,-10.7825426,-10.7825426,-12.7117103,-8.0383205
0.3359091,0.3359091,0.3998734,-10.4087137,-8.4688888,-21.9088002,-2.4636663,-16.0942176,-10.4087137,-10.4087137,-12.2708613,-7.7597575
0.3409091,0.3409091,0.4048734,-10.0355163,-8.1326535,-21.3998495,-2.3439863,-15.7224561,-10.0355163,-10.0355163,-11.8309217,-7.4815143
0.3459091,0.3459091,0.4098734,-9.6660528,-7.8055320,-20.8693977,-2.2313381,-15.3291058,-9.6660528,-9.6660528,-11.3954362,-7.2060075
0.3509091,0.3509091,0.4148734,-9.3028054,-7.4886610,-20.3195279,-2.1252799,-14.9181563,-9.3028054,-9.3028054,-10.9672768,-6.9351370
0.3559091,0.3559091,0.4198734,-8.9476923,-7.1827981,-19.7538628,-2.0253925,-14.4941061,-8.9476923,-8.9476923,-10.5486835,-6.6703523
0.3609091,0.3609091,0.4248734,-8.6021433,-6.8883977,-19.1768793,-1.9312796,-14.0614768,-8.6021433,-8.6021433,-10.1413368,-6.4127236
0.3659091,0.3659091,0.4298734,-8.2671774,-6.6056759,-18.5933098,-1.8425686,-13.6244926,-8.2671774,-8.2671774,-9.7464414,-6.1630075
0.3709091,0.3709091,0.4348734,-7.9434768,-6.3346649,-18.0077153,-1.7589096,-13.1869041,-7.9434768,-7.9434768,-9.3648073,-5.9217072
0.3759091,0.3759091,0.4398734,-7.6314521,-6.0752569,-17.4242257,-1.6799756,-12.7519148,-7.6314521,-7.6314521,-8.9969250,-5.6891230
0.3809091,0.3809091,0.4448734,-7.3312988,-5.8272397,-16.8464127,-1.6054607,-12.3221768,-7.3312988,-7.3312988,-8.6430306,-5.4653958
0.3859091,0.3859091,0.4498734,-7.0430444,-5.5903252,-16.2772535,-1.5350797,-11.8998244,-7.0430444,-7.0430444,-8.3031607,-5.2505419
0.3909091,0.3909091,0.4548734,-6.7665868,-5.3641714,-15.7191503,-1.4685669,-11.4865286,-6.7665868,-6.7665868,-7.9771983,-5.0444824
0.3959091,0.3959091,0.4598734,-6.5017260,-5.1484002,-15.1739797,-1.4056745,-11.0835577,-6.5017260,-6.5017260,-7.6649100,-4.8470663
0.4009091,0.4009091,0.4648734,-6.2481897,-4.9426109,-14.6431562,-1.3461721,-10.6918387,-6.2481897,-6.2481897,-7.3659758,-4.6580892
0.4059091,0.4059091,0.4698734,-6.0056532,-4.7463902,-14.1276985,-1.2898452,-10.3120136,-6.0056532,-6.0056532,-7.0800137,-4.4773085
0.4109091,0.4109091,0.4748734,-5.7737554,-4.5593209,-13.6282935,-1.2364940,-9.9444907,-5.7737554,-5.7737554,-6.8065984,-4.3044547
0.4159091,0.4159091,0.4798734,-5.5521116,-4.3809875,-13.1453540,-1.1859329,-9.5894880,-5.5521116,-5.5521116,-6.5452763,-4.1392412
0.4209091,0.4209091,0.4848734,-5.3403235,-4.2109808,-12.6790702,-1.1379890,-9.2470711,-5.3403235,-5.3403235,-6.2955775,-3.9813711
0.4259091,0.4259091,0.4898734,-5.1379866,-4.0489011,-12.2294530,-1.0925012,-8.9171849,-5.1379866,-5.1379866,-6.0570248,-3.8305432
0.4309091,0.4309091,0.4948734,-4.9446960,-3.8943606,-11.7963719,-1.0493199,-8.5996793,-4.9446960,-4.9446960,-5.8291405,-3.6864561
0.4359091,0.4359091,0.4998734,-4.7600513,-3.7469851,-11.3795853,-1.0083056,-8.2943316,-4.7600513,-4.7600513,-5.6114520,-3.5488116
0.4409091,0.4409091,0.5048734,-4.5836595,-3.6064152,-10.9787667,-0.9693281,-8.0008636,-4.5836595,-4.5836595,-5.4034958,-3.4173173
0.4459091,0.4459091,0.5098734,-4.4151377,-3.4723062,-10.5935258,-0.9322665,-7.7189565,-4.4151377,-4.4151377,-5.2048200,-3.2916880
0.4509091,0.4509091,0.5148734,-4.2541150,-3.3443293,-10.2234253,-0.8970079,-7.4482623,-4.2541150,-4.2541150,-5.0149868,-3.1716474
0.4559091,0.4559091,0.5198734,-4.1002332,-3.2221710,-9.8679955,-0.8634468,-7.1884136,-4.1002332,-4.1002332,-4.8335738,-3.0569290
0.4609091,0.4609091,0.5248734,-3.9531482,-3.1055331,-9.5267451,-0.8314850,-6.9390308,-3.9531482,-3.9531482,-4.6601747,-2.9472762
0.4659091,0.4659091,0.5298734,-3.8125297,-2.9941324,-9.1991703,-0.8010307,-6.6997284,-3.8125297,-3.8125297,-4.4944003,-2.8424434
0.4709091,0.4709091,0.5348734,-3.6780621,-2.8877002,-8.8847620,-0.7719983,-6.4701198,-3.6780621,-3.6780621,-4.3358781,-2.7421952
0.4759091,0.4759091,0.5398734,-3.5494441,-2.7859820,-8.5830117,-0.7443075,-6.2498208,-3.5494441,-3.5494441,-4.1842527,-2.6463073
0.4809091,0.4809091,0.5448734,-3.4263884,-2.6887366,-8.2934157,-0.7178837,-6.0384525,-3.4263884,-3.4263884,-4.0391854,-2.5545656
0.4859091,0.4859091,0.5498734,-3.3086218,-2.5957358,-8.0154784,-0.6926566,-5.8356439,-3.3086218,-3.3086218,-3.9003537,-2.4667666
0.4909091,0.4909091,0.5548734,-3.1958843,-2.5067639,-7.7487153,-0.6685606,-5.6410330,-3.1958843,-3.1958843,-3.7674512,-2.3827165
0.4959091,0.4959091,0.5598734,-3.0879291,-2.4216169,-7.4926544,-0.6455345,-5.4542687,-3.0879291,-3.0879291,-3.6401868,-2.3022315
0.5009091,0.5009091,0.5648734,-2.9845219,-2.3401018,-7.2468382,-0.6235205,-5.2750107,-2.9845219,-2.9845219,-3.5182842,-2.2251369
0.5059091,0.5059091,0.5698734,-2.8854406,-2.2620364,-7.0108242,-0.6024648,-5.1029312,-2.8854406,-2.8854406,-3.4014814,-2.1512672
0.5109091,0.5109091,0.5748734,-2.7904742,-2.1872484,-6.7841857,-0.5823168,-4.9377143,-2.7904742,-2.7904742,-3.2895299,-2.0804651
0.5159091,0.5159091,0.5798734,-2.6994232,-2.1155752,-6.5665121,-0.5630289,-4.7790565,-2.6994232,-2.6994232,-3.1821942,-2.0125820
0.5209091,0.5209091,0.5848734,-2.6120982,-2.0468628,-6.3574091,-0.5445565,-4.6266667,-2.6120982,-2.6120982,-3.0792510,-1.9474766
0.5259091,0.5259091,0.5898734,-2.5283199,-1.9809661,-6.1564986,-0.5268577,-4.4802662,-2.5283199,-2.5283199,-2.9804890,-1.8850154
0.5309091,0.5309091,0.5948734,-2.4479185,-1.9177476,-5.9634183,-0.5098932,-4.3395883,-2.4479185,-2.4479185,-2.8857080,-1.8250718
0.5359091,0.5359091,0.5998734,-2.3707330,-1.8570775,-5.7778219,-0.4936259,-4.2043781,-2.3707330,-2.3707330,-2.7947182,-1.7675257
0.5409091,0.5409091,0.6048734,-2.2966111,-1.7988332,-5.5993780,-0.4780209,-4.0743920,-2.2966111,-2.2966111,-2.7073398,-1.7122636
0.5459091,0.5459091,0.6098734,-2.2254084,-1.7428985,-5.4277705,-0.4630454,-3.9493978,-2.2254084,-2.2254084,-2.6234029,-1.6591779
0.5509091,0.5509091,0.6148734,-2.1569881,-1.6891639,-5.2626975,-0.4486684,-3.8291738,-2.1569881,-2.1569881,-2.5427460,-1.6081665
0.5559091,0.5559091,0.6198734,-2.0912207,-1.6375253,-5.1038709,-0.4348609,-3.7135087,-2.0912207,-2.0912207,-2.4652165,-1.5591330
0.5609091,0.5609091,0.6248734,-2.0279833,-1.5878848,-4.9510163,-0.4215953,-3.6022014,-2.0279833,-2.0279833,-2.3906695,-1.5119858
0.5659091,0.5659091,0.6298734,-1.9671597,-1.5401493,-4.8038717,-0.4088457,-3.4950598,-1.9671597,-1.9671597,-2.3189680,-1.4666382
0.5709091,0.5709091,0.6348734,-1.9086395,-1.4942308,-4.6621878,-0.3965877,-3.3919013,-1.9086395,-1.9086395,-2.2499819,-1.4230079
0.5759091,0.5759091,0.6398734,-1.8523182,-1.4500461,-4.5257270,-0.3847982,-3.2925520,-1.8523182,-1.8523182,-2.1835880,-1.3810170
0.5809091,0.5809091,0.6448734,-1.7980966,-1.4075161,-4.3942628,-0.3734552,-3.1968461,-1.7980966,-1.7980966,-2.1196694,-1.3405915
0.5859091,0.5859091,0.6498734,-1.7458807,-1.3665661,-4.2675795,-0.3625382,-3.1046259,-1.7458807,-1.7458807,-2.0581152,-1.3016614
0.5909091,0.5909091,0.6548734,-1.6955813,-1.3271252,-4.1454719,-0.3520277,-3.0157411,-1.6955813,-1.6955813,-1.9988202,-1.2641601
0.5959091,0.5959091,0.6598734,-1.6471138,-1.2891262,-4.0277442,-0.3419052,-2.9300488,-1.6471138,-1.6471138,-1.9416846,-1.2280246
0.6009091,0.6009091,0.6648734,-1.6003976,-1.2525054,-3.9142101,-0.3321532,-2.8474127,-1.6003976,-1.6003976,-1.8866137,-1.1931949
0.6059091,0.6059091,0.6698734,-1.5553566,-1.2172023,-3.8046922,-0.3227551,-2.7677033,-1.5553566,-1.5553566,-1.8335175,-1.1596140
0.6109091,0.6109091,0.6748734,-1.5119183,-1.1831594,-3.6990214,-0.3136954,-2.6907969,-1.5119183,-1.5119183,-1.7823106,-1.1272281
0.6159091,0.6159091,0.6798734,-1.4700137,-1.1503223,-3.5970366,-0.3049590,-2.6165761,-1.4700137,-1.4700137,-1.7329118,-1.0959856
0.6209091,0.6209091,0.6848734,-1.4295775,-1.1186393,-3.4985844,-0.2965320,-2.5449287,-1.4295775,-1.4295775,-1.6852440,-1.0658380
0.6259091,0.6259091,0.6898734,-1.3905475,-1.0880611,-3.4035186,-0.2884010,-2.4757481,-1.3905475,-1.3905475,-1.6392339,-1.0367387
0.6309091,0.6309091,0.6948734,-1.3528645,-1.0585411,-3.3116999,-0.2805532,-2.4089325,-1.3528645,-1.3528645,-1.5948117,-1.0086437
0.6359091,0.6359091,0.6998734,-1.3164723,-1.0300347,-3.2229953,-0.2729766,-2.3443850,-1.3164723,-1.3164723,-1.5519110,-0.9815111
0.6409091,0.6409091,0.7048734,-1.2813173,-1.0024998,-3.1372783,-0.2656598,-2.2820132,-1.2813173,-1.2813173,-1.5104689,-0.9553009
0.6459091,0.6459091,0.7098734,-1.2473486,-0.9758962,-3.0544282,-0.2585919,-2.2217290,-1.2473486,-1.2473486,-1.4704252,-0.9299751
0.6509091,0.6509091,0.7148734,-1.2145177,-0.9501857,-2.9743297,-0.2517626,-2.1634485,-1.2145177,-1.2145177,-1.4317228,-0.9054976
0.6559091,0.6559091,0.7198734,-1.1827784,-0.9253317,-2.8968730,-0.2451620,-2.1070916,-1.1827784,-1.1827784,-1.3943072,-0.8818340
0.6609091,0.6609091,0.7248734,-1.1520867,-0.9012997,-2.8219533,-0.2387808,-2.0525817,-1.1520867,-1.1520867,-1.3581266,-0.8589514
0.6659091,0.6659091,0.7298734,-1.1224006,-0.8780566,-2.7494706,-0.2326100,-1.9998461,-1.1224006,-1.1224006,-1.3231314,-0.8368186
0.6709091,0.6709091,0.7348734,-1.0936802,-0.8555709,-2.6793293,-0.2266413,-1.9488151,-1.0936802,-1.0936802,-1.2892746,-0.8154058
0.6759091,0.6759091,0.7398734,-1.0658873,-0.8338126,-2.6114384,-0.2208665,-1.8994222,-1.0658873,-1.0658873,-1.2565113,-0.7946845
0.6809091,0.6809091,0.7448734,-1.0389856,-0.8127532,-2.5457107,-0.2152779,-1.8516040,-1.0389856,-1.0389856,-1.2247985,-0.7746276
0.6859091,0.6859091,0.7498734,-1.0129405,-0.7923653,-2.4820631,-0.2098683,-1.8052999,-1.0129405,-1.0129405,-1.1940954,-0.7552094
0.6909091,0.6909091,0.7548734,-0.9877187,-0.7726230,-2.4204161,-0.2046306,-1.7604519,-0.9877187,-0.9877187,-1.1643630,-0.7364050
0.6959091,0.6959091,0.7598734,-0.9632887,-0.7535012,-2.3606938,-0.1995581,-1.7170049,-0.9632887,-0.9632887,-1.1355639,-0.7181909
0.7009091,0.7009091,0.7648734,-0.9396203,-0.7349764,-2.3028236,-0.1946445,-1.6749058,-0.9396203,-0.9396203,-1.1076626,-0.7005447
0.7059091,0.7059091,0.7698734,-0.9166847,-0.7170258,-2.2467360,-0.1898837,-1.6341041,-0.9166847,-0.9166847,-1.0806252,-0.6834447
0.7109091,0.7109091,0.7748734,-0.8944542,-0.6996279,-2.1923648,-0.1852700,-1.5945515,-0.8944542,-0.8944542,-1.0544191,-0.6668706
0.7159091,0.7159091,0.7798734,-0.8729027,-0.6827618,-2.1396463,-0.1807977,-1.5562017,-0.8729027,-0.8729027,-1.0290132,-0.6508025
0.7209091,0.7209091,0.7848734,-0.8520048,-0.6664079,-2.0885199,-0.1764616,-1.5190104,-0.8520048,-0.8520048,-1.0043779,-0.6352219
0.7259091,0.7259091,0.7898734,-0.8317364,-0.6505472,-2.0389272,-0.1722567,-1.4829353,-0.8317364,-0.8317364,-0.9804848,-0.6201106
0.7309091,0.7309091,0.7948734,-0.8120746,-0.6351617,-1.9908128,-0.1681781,-1.4479358,-0.8120746,-0.8120746,-0.9573067,-0.6054515
0.7359091,0.7359091,0.7998734,-0.7929973,-0.6202339,-1.9441231,-0.1642211,-1.4139731,-0.7929973,-0.7929973,-0.9348176,-0.5912282
0.7409091,0.7409091,0.8048734,-0.7744834,-0.6057474,-1.8988072,-0.1603814,-1.3810099,-0.7744834,-0.7744834,-0.9129926,-0.5774249
0.7459091,0.7459091,0.8098734,-0.7565127,-0.5916863,-1.8548161,-0.1566546,-1.3490108,-0.7565127,-0.7565127,-0.8918079,-0.5640266
0.7509091,0.7509091,0.8148734,-0.7390657,-0.5780354,-1.8121029,-0.1530369,-1.3179415,-0.7390657,-0.7390657,-0.8712407,-0.5510188
0.7559091,0.7559091,0.8198734,-0.7221240,-0.5647801,-1.7706227,-0.1495242,-1.2877693,-0.7221240,-0.7221240,-0.8512691,-0.5383877
0.7609091,0.7609091,0.8248734,-0.7056697,-0.5519066,-1.7303323,-0.1461129,-1.2584627,-0.7056697,-0.7056697,-0.8318722,-0.5261201
0.7659091,0.7659091,0.8298734,-0.6896859,-0.5394013,-1.6911904,-0.1427994,-1.2299918,-0.6896859,-0.6896859,-0.8130298,-0.5142032
0.7709091,0.7709091,0.8348734,-0.6741562,-0.5272516,-1.6531574,-0.1395802,-1.2023277,-0.6741562,-0.6741562,-0.7947227,-0.5026248
0.7759091,0.7759091,0.8398734,-0.6590648,-0.5154452,-1.6161951,-0.1364522,-1.1754425,-0.6590648,-0.6590648,-0.7769325,-0.4913733
0.7809091,0.7809091,0.8448734,-0.6443969,-0.5039702,-1.5802671,-0.1334121,-1.1493099,-0.6443969,-0.6443969,-0.7596413,-0.4804375
0.7859091,0.7859091,0.8498734,-0.6301380,-0.4928153,-1.5453383,-0.1304570,-1.1239042,-0.6301380,-0.6301380,-0.7428323,-0.4698065
0.7909091,0.7909091,0.8548734,-0.6162741,-0.4819698,-1.5113751,-0.1275840,-1.0992009,-0.6162741,-0.6162741,-0.7264891,-0.4594702
0.7959091,0.7959091,0.8598734,-0.6027921,-0.4714231,-1.4783451,-0.1247902,-1.0751766,-0.6027921,-0.6027921,-0.7105959,-0.4494185
0.8009091,0.8009091,0.8648734,-0.5896792,-0.4611653,-1.4462172,-0.1220731,-1.0518085,-0.5896792,-0.5896792,-0.6951378,-0.4396420
0.8059091,0.8059091,0.8698734,-0.5769230,-0.4511867,-1.4149616,-0.1194301,-1.0290750,-0.5769230,-0.5769230,-0.6801003,-0.4301315
0.8109091,0.8109091,0.8748734,-0.5645118,-0.4414782,-1.3845496,-0.1168587,-1.0069552,-0.5645118,-0.5645118,-0.6654695,-0.4208782
0.8159091,0.8159091,0.8798734,-0.5524343,-0.4320308,-1.3549536,-0.1143565,-0.9854291,-0.5524343,-0.5524343,-0.6512321,-0.4118737
0.8209091,0.8209091,0.8848734,-0.5406796,-0.4228361,-1.3261472,-0.1119213,-0.9644772,-0.5406796,-0.5406796,-0.6373752,-0.4031099
0.8259091,0.8259091,0.8898734,-0.5292373,-0.4138858,-1.2981047,-0.1095510,-0.9440812,-0.5292373,-0.5292373,-0.6238865,-0.3945789
0.8309091,0.8309091,0.8948734,-0.5180972,-0.4051720,-1.2708018,-0.1072434,-0.9242230,-0.5180972,-0.5180972,-0.6107541,-0.3862733
0.8359091,0.8359091,0.8998734,-0.5072497,-0.3966872,-1.2442146,-0.1049964,-0.9048856,-0.5072497,-0.5072497,-0.5979666,-0.3781858
0.8409091,0.8409091,0.9048734,-0.4966854,-0.3884240,-1.2183206,-0.1028082,-0.8860524,-0.4966854,-0.4966854,-0.5855130,-0.3703095
0.8459091,0.8459091,0.9098734,-0.4863954,-0.3803754,-1.1930978,-0.1006770,-0.8677075,-0.4863954,-0.4863954,-0.5733827,-0.3626376
0.8509091,0.8509091,0.9148734,-0.4763711,-0.3725348,-1.1685253,-0.0986008,-0.8498355,-0.4763711,-0.4763711,-0.5615657,-0.3551639
0.8559091,0.8559091,0.9198734,-0.4666041,-0.3648954,-1.1445826,-0.0965780,-0.8324217,-0.4666041,-0.4666041,-0.5500519,-0.3478820
0.8609091,0.8609091,0.9248734,-0.4570865,-0.3574512,-1.1212503,-0.0946069,-0.8154519,-0.4570865,-0.4570865,-0.5388322,-0.3407860
0.8659091,0.8659091,0.9298734,-0.4478105,-0.3501960,-1.0985095,-0.0926859,-0.7989123,-0.4478105,-0.4478105,-0.5278972,-0.3338702
0.8709091,0.8709091,0.9348734,-0.4387686,-0.3431241,-1.0763421,-0.0908135,-0.7827899,-0.4387686,-0.4387686,-0.5172383,-0.3271290
0.8759091,0.8759091,0.9398734,-0.4299538,-0.3362298,-1.0547306,-0.0889881,-0.7670718,-0.4299538,-0.4299538,-0.5068471,-0.3205570
0.8809091,0.8809091,0.9448734,-0.4213592,-0.3295077,-1.0336581,-0.0872083,-0.7517457,-0.4213592,-0.4213592,-0.4967153,-0.3141491
0.8859091,0.8859091,0.9498734,-0.4129780,-0.3229526,-1.0131084,-0.0854729,-0.7368000,-0.4129780,-0.4129780,-0.4868352,-0.3079004
0.8909091,0.8909091,0.9548734,-0.4048038,-0.3165595,-0.9930658,-0.0837803,-0.7222230,-0.4048038,-0.4048038,-0.4771992,-0.3018061
0.8959091,0.8959091,0.9598734,-0.3968305,-0.3103236,-0.9735152,-0.0821294,-0.7080040,-0.3968305,-0.3968305,-0.4678000,-0.2958615
0.9009091,0.9009091,0.9648734,-0.3890522,-0.3042401,-0.9544420,-0.0805188,-0.6941321,-0.3890522,-0.3890522,-0.4586305,-0.2900623
0.9059091,0.9059091,0.9698734,-0.3814629,-0.2983046,-0.9358320,-0.0789475,-0.6805972,-0.3814629,-0.3814629,-0.4496840,-0.2844040
0.9109091,0.9109091,0.9748734,-0.3740572,-0.2925127,-0.9176717,-0.0774142,-0.6673894,-0.3740572,-0.3740572,-0.4409538,-0.2788826
0.9159091,0.9159091,0.9798734,-0.3668297,-0.2868602,-0.8999480,-0.0759178,-0.6544992,-0.3668297,-0.3668297,-0.4324338,-0.2734941
0.9209091,0.9209091,0.9848734,-0.3597752,-0.2813430,-0.8826482,-0.0744573,-0.6419172,-0.3597752,-0.3597752,-0.4241177,-0.2682345
0.9259091,0.9259091,0.9898734,-0.3528888,-0.2759573,-0.8657600,-0.0730316,-0.6296347,-0.3528888,-0.3528888,-0.4159996,-0.2631003
0.9309091,0.9309091,0.9948734,-0.3461655,-0.2706992,-0.8492717,-0.0716397,-0.6176429,-0.3461655,-0.3461655,-0.4080739,-0.2580876
0.9359091,0.9359091,0.9998734,-0.3396007,-0.2655650,-0.8331717,-0.0702806,-0.6059337,-0.3396007,-0.3396007,-0.4003351,-0.2531932
0.9409091,0.9409091,1.0048734,-0.3331899,-0.2605514,-0.8174491,-0.0689535,-0.5944989,-0.3331899,-0.3331899,-0.3927778,-0.2484135
0.9459091,0.9459091,1.0098734,-0.3269287,-0.2556548,-0.8020932,-0.0676573,-0.5833308,-0.3269287,-0.3269287,-0.3853968,-0.2437454
0.9509091,0.9509091,1.0148734,-0.3208129,-0.2508719,-0.7870937,-0.0663913,-0.5724220,-0.3208129,-0.3208129,-0.3781873,-0.2391858
0.9559091,0.9559091,1.0198734,-0.3148385,-0.2461996,-0.7724405,-0.0651545,-0.5617650,-0.3148385,-0.3148385,-0.3711444,-0.2347315
0.9609091,0.9609091,1.0248734,-0.3090015,-0.2416347,-0.7581241,-0.0639462,-0.5513530,-0.3090015,-0.3090015,-0.3642635,-0.2303796
0.9659091,0.9659091,1.0298734,-0.3032980,-0.2371744,-0.7441351,-0.0627656,-0.5411791,-0.3032980,-0.3032980,-0.3575401,-0.2261273
0.9709091,0.9709091,1.0348734,-0.2977245,-0.2328156,-0.7304645,-0.0616119,-0.5312368,-0.2977245,-0.2977245,-0.3509697,-0.2219719
0.9759091,0.9759091,1.0398734,-0.2922773,-0.2285557,-0.7171035,-0.0604843,-0.5215197,-0.2922773,-0.2922773,-0.3445483,-0.2179107
0.9809091,0.9809091,1.0448734,-0.2869529,-0.2243918,-0.7040438,-0.0593822,-0.5120217,-0.2869529,-0.2869529,-0.3382718,-0.2139411
0.9859091,0.9859091,1.0498734,-0.2817481,-0.2203215,-0.6912771,-0.0583049,-0.5027368,-0.2817481,-0.2817481,-0.3321361,-0.2100606
0.9909091,0.9909091,1.0548734,-0.2766596,-0.2163421,-0.6787955,-0.0572516,-0.4936593,-0.2766596,-0.2766596,-0.3261376,-0.2062668
0.9959091,0.9959091,1.0598734,-0.2716843,-0.2124513,-0.6665913,-0.0562218,-0.4847835,-0.2716843,-0.2716843,-0.3202725,-0.2025574
1.0009091,1.0009091,1.0648734,-0.2668191,-0.2086466,-0.6546572,-0.0552148,-0.4761042,-0.2668191,-0.2668191,-0.3145372,-0.1989301
1.0059091,1.0059091,1.0698734,-0.2620612,-0.2049257,-0.6429859,-0.0542300,-0.4676160,-0.2620612,-0.2620612,-0.3089283,-0.1953827
1.0109091,1.0109091,1.0748734,-0.2574075,-0.2012865,-0.6315705,-0.0532668,-0.4593139,-0.2574075,-0.2574075,-0.3034424,-0.1919132
1.0159091,1.0159091,1.0798734,-0.2528555,-0.1977267,-0.6204042,-0.0523246,-0.4511930,-0.2528555,-0.2528555,-0.2980764,-0.1885194
1.0209091,1.0209091,1.0848734,-0.2484025,-0.1942443,-0.6094805,-0.0514029,-0.4432486,-0.2484025,-0.2484025,-0.2928269,-0.1851993
1.0259091,1.0259091,1.0898734,-0.2440458,-0.1908373,-0.5987931,-0.0505012,-0.4354759,-0.2440458,-0.2440458,-0.2876910,-0.1819511
1.0309091,1.0309091,1.0948734,-0.2397829,-0.1875037,-0.5883358,-0.0496189,-0.4278706,-0.2397829,-0.2397829,-0.2826658,-0.1787729
1.0359091,1.0359091,1.0998734,-0.2356114,-0.1842416,-0.5781026,-0.0487556,-0.4204284,-0.2356114,-0.2356114,-0.2777483,-0.1756629
1.0409091,1.0409091,1.1048734,-0.2315291,-0.1810491,-0.5680878,-0.0479106,-0.4131450,-0.2315291,-0.2315291,-0.2729358,-0.1726192
1.0459091,1.0459091,1.1098734,-0.2275334,-0.1779245,-0.5582858,-0.0470837,-0.4060163,-0.2275334,-0.2275334,-0.2682256,-0.1696402
1.0509091,1.0509091,1.1148734,-0.2236224,-0.1748660,-0.5486912,-0.0462742,-0.3990385,-0.2236224,-0.2236224,-0.2636151,-0.1667243
1.0559091,1.0559091,1.1198734,-0.2197938,-0.1718720,-0.5392986,-0.0454818,-0.3922076,-0.2197938,-0.2197938,-0.2591018,-0.1638698
1.0609091,1.0609091,1.1248734,-0.2160454,-0.1689408,-0.5301031,-0.0447061,-0.3855200,-0.2160454,-0.2160454,-0.2546831,-0.1610752
1.0659091,1.0659091,1.1298734,-0.2123754,-0.1660709,-0.5210995,-0.0439465,-0.3789721,-0.2123754,-0.2123754,-0.2503567,-0.1583390
1.0709091,1.0709091,1.1348734,-0.2087818,-0.1632606,-0.5122832,-0.0432028,-0.3725603,-0.2087818,-0.2087818,-0.2461204,-0.1556597
1.0759091,1.0759091,1.1398734,-0.2052625,-0.1605086,-0.5036495,-0.0424745,-0.3662813,-0.2052625,-0.2052625,-0.2419718,-0.1530359
1.0809091,1.0809091,1.1448734,-0.2018159,-0.1578133,-0.4951937,-0.0417612,-0.3601317,-0.2018159,-0.2018159,-0.2379087,-0.1504662
1.0859091,1.0859091,1.1498734,-0.1984400,-0.1551734,-0.4869116,-0.0410625,-0.3541084,-0.1984400,-0.1984400,-0.2339291,-0.1479493
1.0909091,1.0909091,1.1548734,-0.1951332,-0.1525875,-0.4787988,-0.0403782,-0.3482083,-0.1951332,-0.1951332,-0.2300309,-0.1454839
1.0959091,1.0959091,1.1598734,-0.1918938,-0.1500543,-0.4708513,-0.0397077,-0.3424284,-0.1918938,-0.1918938,-0.2262121,-0.1430687
1.1009091,1.1009091,1.1648734,-0.1887201,-0.1475725,-0.4630649,-0.0390509,-0.3367656,-0.1887201,-0.1887201,-0.2224708,-0.1407024
1.1059091,1.1059091,1.1698734,-0.1856104,-0.1451408,-0.4554357,-0.0384074,-0.3312173,-0.1856104,-0.1856104,-0.2188051,-0.1383840
1.1109091,1.1109091,1.1748734,-0.1825634,-0.1427580,-0.4479600,-0.0377768,-0.3257805,-0.1825634,-0.1825634,-0.2152131,-0.1361123
1.1159091,1.1159091,1.1798734,-0.1795774,-0.1404230,-0.4406341,-0.0371589,-0.3204526,-0.1795774,-0.1795774,-0.2116931,-0.1338860
1.1209091,1.1209091,1.1848734,-0.1766510,-0.1381346,-0.4334543,-0.0365533,-0.3152311,-0.1766510,-0.1766510,-0.2082433,-0.1317042
1.1259091,1.1259091,1.1898734,-0.1737828,-0.1358917,-0.4264173,-0.0359597,-0.3101133,-0.1737828,-0.1737828,-0.2048621,-0.1295658
1.1309091,1.1309091,1.1948734,-0.1709713,-0.1336932,-0.4195195,-0.0353779,-0.3050969,-0.1709713,-0.1709713,-0.2015479,-0.1274697
1.1359091,1.1359091,1.1998734,-0.1682153,-0.1315380,-0.4127577,-0.0348076,-0.3001793,-0.1682153,-0.1682153,-0.1982990,-0.1254149
1.1409091,1.1409091,1.2048734,-0.1655135,-0.1294252,-0.4061287,-0.0342484,-0.2953583,-0.1655135,-0.1655135,-0.1951140,-0.1234005
1.1459091,1.1459091,1.2098734,-0.1628645,-0.1273538,-0.3996294,-0.0337002,-0.2906316,-0.1628645,-0.1628645,-0.1919912,-0.1214255
1.1509091,1.1509091,1.2148734,-0.1602671,-0.1253227,-0.3932568,-0.0331627,-0.2859971,-0.1602671,-0.1602671,-0.1889293,-0.1194890
1.1559091,1.1559091,1.2198734,-0.1577202,-0.1233310,-0.3870078,-0.0326357,-0.2814525,-0.1577202,-0.1577202,-0.1859269,-0.1175902
1.1609091,1.1609091,1.2248734,-0.1552225,-0.1213779,-0.3808797,-0.0321188,-0.2769957,-0.1552225,-0.1552225,-0.1829825,-0.1157280
1.1659091,1.1659091,1.2298734,-0.1527730,-0.1194624,-0.3748696,-0.0316119,-0.2726248,-0.1527730,-0.1527730,-0.1800949,-0.1139017
1.1709091,1.1709091,1.2348734,-0.1503704,-0.1175836,-0.3689748,-0.0311147,-0.2683378,-0.1503704,-0.1503704,-0.1772627,-0.1121104
1.1759091,1.1759091,1.2398734,-0.1480138,-0.1157408,-0.3631927,-0.0306271,-0.2641328,-0.1480138,-0.1480138,-0.1744846,-0.1103535
1.1809091,1.1809091,1.2448734,-0.1457021,-0.1139331,-0.3575208,-0.0301487,-0.2600078,-0.1457021,-0.1457021,-0.1717595,-0.1086299
1.1859091,1.1859091,1.2498734,-0.1434343,-0.1121597,-0.3519564,-0.0296794,-0.2559611,-0.1434343,-0.1434343,-0.1690861,-0.1069391
1.1909091,1.1909091,1.2548734,-0.1412093,-0.1104199,-0.3464973,-0.0292190,-0.2519909,-0.1412093,-0.1412093,-0.1664632,-0.1052803
1.1959091,1.1959091,1.2598734,-0.1390262,-0.1087128,-0.3411409,-0.0287672,-0.2480955,-0.1390262,-0.1390262,-0.1638897,-0.1036527
1.2009091,1.2009091,1.2648734,-0.1368841,-0.1070377,-0.3358851,-0.0283239,-0.2442731,-0.1368841,-0.1368841,-0.1613645,-0.1020556
1.2059091,1.2059091,1.2698734,-0.1347821,-0.1053940,-0.3307275,-0.0278890,-0.2405223,-0.1347821,-0.1347821,-0.1588866,-0.1004884
1.2109091,1.2109091,1.2748734,-0.1327192,-0.1037809,-0.3256660,-0.0274621,-0.2368413,-0.1327192,-0.1327192,-0.1564548,-0.0989504
1.2159091,1.2159091,1.2798734,-0.1306947,-0.1021977,-0.3206984,-0.0270431,-0.2332286,-0.1306947,-0.1306947,-0.1540681,-0.0974410
1.2209091,1.2209091,1.2848734,-0.1287075,-0.1006438,-0.3158227,-0.0266319,-0.2296827,-0.1287075,-0.1287075,-0.1517256,-0.0959594
1.2259091,1.2259091,1.2898734,-0.1267570,-0.0991186,-0.3110369,-0.0262283,-0.2262022,-0.1267570,-0.1267570,-0.1494263,-0.0945052
1.2309091,1.2309091,1.2948734,-0.1248423,-0.0976213,-0.3063389,-0.0258321,-0.2227855,-0.1248423,-0.1248423,-0.1471691,-0.0930777
1.2359091,1.2359091,1.2998734,-0.1229627,-0.0961515,-0.3017269,-0.0254431,-0.2194314,-0.1229627,-0.1229627,-0.1449533,-0.0916763
1.2409091,1.2409091,1.3048734,-0.1211173,-0.0947085,-0.2971989,-0.0250613,-0.2161384,-0.1211173,-0.1211173,-0.1427779,-0.0903004
1.2459091,1.2459091,1.3098734,-0.1193054,-0.0932917,-0.2927532,-0.0246864,-0.2129053,-0.1193054,-0.1193054,-0.1406420,-0.0889496
1.2509091,1.2509091,1.3148734,-0.1175264,-0.0919005,-0.2883880,-0.0243182,-0.2097307,-0.1175264,-0.1175264,-0.1385448,-0.0876232
1.2559091,1.2559091,1.3198734,-0.1157794,-0.0905344,-0.2841016,-0.0239567,-0.2066134,-0.1157794,-0.1157794,-0.1364854,-0.0863208
1.2609091,1.2609091,1.3248734,-0.1140639,-0.0891930,-0.2798922,-0.0236017,-0.2035521,-0.1140639,-0.1140639,-0.1344631,-0.0850417
1.2659091,1.2659091,1.3298734,-0.1123791,-0.0878755,-0.2757583,-0.0232531,-0.2005456,-0.1123791,-0.1123791,-0.1324770,-0.0837856
1.2709091,1.2709091,1.3348734,-0.1107244,-0.0865816,-0.2716981,-0.0229107,-0.1975929,-0.1107244,-0.1107244,-0.1305264,-0.0825519
1.2759091,1.2759091,1.3398734,-0.1090992,-0.0853107,-0.2677102,-0.0225744,-0.1946927,-0.1090992,-0.1090992,-0.1286105,-0.0813402
1.2809091,1.2809091,1.3448734,-0.1075027,-0.0840623,-0.2637930,-0.0222441,-0.1918439,-0.1075027,-0.1075027,-0.1267285,-0.0801500
1.2859091,1.2859091,1.3498734,-0.1059345,-0.0828360,-0.2599451,-0.0219196,-0.1890455,-0.1059345,-0.1059345,-0.1248798,-0.0789808
1.2909091,1.2909091,1.3548734,-0.1043939,-0.0816314,-0.2561650,-0.0216008,-0.1862964,-0.1043939,-0.1043939,-0.1230637,-0.0778322
1.2959091,1.2959091,1.3598734,-0.1028804,-0.0804478,-0.2524512,-0.0212876,-0.1835955,-0.1028804,-0.1028804,-0.1212795,-0.0767037
1.3009091,1.3009091,1.3648734,-0.1013934,-0.0792850,-0.2488024,-0.0209799,-0.1809419,-0.1013934,-0.1013934,-0.1195265,-0.0755950
1.3059091,1.3059091,1.3698734,-0.0999323,-0.0781425,-0.2452172,-0.0206775,-0.1783346,-0.0999323,-0.0999323,-0.1178041,-0.0745057
1.3109091,1.3109091,1.3748734,-0.0984966,-0.0770198,-0.2416944,-0.0203805,-0.1757726,-0.0984966,-0.0984966,-0.1161117,-0.0734353
1.3159091,1.3159091,1.3798734,-0.0970857,-0.0759166,-0.2382326,-0.0200885,-0.1732550,-0.0970857,-0.0970857,-0.1144485,-0.0723834
1.3209091,1.3209091,1.3848734,-0.0956993,-0.0748324,-0.2348306,-0.0198016,-0.1707809,-0.0956993,-0.0956993,-0.1128141,-0.0713497
1.3259091,1.3259091,1.3898734,-0.0943367,-0.0737670,-0.2314871,-0.0195197,-0.1683493,-0.0943367,-0.0943367,-0.1112078,-0.0703339
1.3309091,1.3309091,1.3948734,-0.0929975,-0.0727197,-0.2282011,-0.0192426,-0.1659595,-0.0929975,-0.0929975,-0.1096291,-0.0693354
1.3359091,1.3359091,1.3998734,-0.0916812,-0.0716904,-0.2249712,-0.0189702,-0.1636106,-0.0916812,-0.0916812,-0.1080774,-0.0683540
1.3409091,1.3409091,1.4048734,-0.0903873,-0.0706787,-0.2217964,-0.0187025,-0.1613017,-0.0903873,-0.0903873,-0.1065522,-0.0673894
1.3459091,1.3459091,1.4098734,-0.0891154,-0.0696842,-0.2186755,-0.0184393,-0.1590321,-0.0891154,-0.0891154,-0.1050528,-0.0664411
1.3509091,1.3509091,1.4148734,-0.0878651,-0.0687065,-0.2156075,-0.0181806,-0.1568009,-0.0878651,-0.0878651,-0.1035789,-0.0655089
1.3559091,1.3559091,1.4198734,-0.0866359,-0.0677453,-0.2125914,-0.0179262,-0.1546073,-0.0866359,-0.0866359,-0.1021299,-0.0645925
1.3609091,1.3609091,1.4248734,-0.0854274,-0.0668003,-0.2096260,-0.0176762,-0.1524507,-0.0854274,-0.0854274,-0.1007052,-0.0636915
1.3659091,1.3659091,1.4298734,-0.0842392,-0.0658711,-0.2067103,-0.0174303,-0.1503303,-0.0842392,-0.0842392,-0.0993045,-0.0628056
1.3709091,1.3709091,1.4348734,-0.0830708,-0.0649575,-0.2038435,-0.0171885,-0.1482454,-0.0830708,-0.0830708,-0.0979272,-0.0619345
1.3759091,1.3759091,1.4398734,-0.0819220,-0.0640592,-0.2010244,-0.0169508,-0.1461953,-0.0819220,-0.0819220,-0.0965729,-0.0610779
1.3809091,1.3809091,1.4448734,-0.0807922,-0.0631757,-0.1982523,-0.0167170,-0.1441792,-0.0807922,-0.0807922,-0.0952411,-0.0602356
1.3859091,1.3859091,1.4498734,-0.0796812,-0.0623070,-0.1955260,-0.0164872,-0.1421966,-0.0796812,-0.0796812,-0.0939314,-0.0594073
1.3909091,1.3909091,1.4548734,-0.0785885,-0.0614525,-0.1928449,-0.0162611,-0.1402467,-0.0785885,-0.0785885,-0.0926433,-0.0585927
1.3959091,1.3959091,1.4598734,-0.0775139,-0.0606122,-0.1902079,-0.0160387,-0.1383289,-0.0775139,-0.0775139,-0.0913764,-0.0577914
1.4009091,1.4009091,1.4648734,-0.0764569,-0.0597857,-0.1876142,-0.0158200,-0.1364427,-0.0764569,-0.0764569,-0.0901304,-0.0570034
1.4059091,1.4059091,1.4698734,-0.0754172,-0.0589727,-0.1850630,-0.0156048,-0.1345873,-0.0754172,-0.0754172,-0.0889048,-0.0562282
1.4109091,1.4109091,1.4748734,-0.0743944,-0.0581729,-0.1825534,-0.0153932,-0.1327622,-0.0743944,-0.0743944,-0.0876991,-0.0554657
1.4159091,1.4159091,1.4798734,-0.0733884,-0.0573862,-0.1800847,-0.0151850,-0.1309668,-0.0733884,-0.0733884,-0.0865131,-0.0547156
1.4209091,1.4209091,1.4848734,-0.0723986,-0.0566123,-0.1776561,-0.0149802,-0.1292006,-0.0723986,-0.0723986,-0.0853464,-0.0539777
1.4259091,1.4259091,1.4898734,-0.0714249,-0.0558509,-0.1752668,-0.0147788,-0.1274630,-0.0714249,-0.0714249,-0.0841985,-0.0532517
1.4309091,1.4309091,1.4948734,-0.0704669,-0.0551017,-0.1729160,-0.0145805,-0.1257534,-0.0704669,-0.0704669,-0.0830692,-0.0525375
1.4359091,1.4359091,1.4998734,-0.0695243,-0.0543647,-0.1706030,-0.0143855,-0.1240712,-0.0695243,-0.0695243,-0.0819580,-0.0518347
1.4409091,1.4409091,1.5048734,-0.0685968,-0.0536394,-0.1683271,-0.0141936,-0.1224161,-0.0685968,-0.0685968,-0.0808646,-0.0511432
1.4459091,1.4459091,1.5098734,-0.0676841,-0.0529258,-0.1660877,-0.0140047,-0.1207875,-0.0676841,-0.0676841,-0.0797888,-0.0504627
1.4509091,1.4509091,1.5148734,-0.0667860,-0.0522235,-0.1638839,-0.0138189,-0.1191848,-0.0667860,-0.0667860,-0.0787300,-0.0497932
1.4559091,1.4559091,1.5198734,-0.0659022,-0.0515324,-0.1617152,-0.0136360,-0.1176076,-0.0659022,-0.0659022,-0.0776882,-0.0491342
1.4609091,1.4609091,1.5248734,-0.0650324,-0.0508522,-0.1595809,-0.0134561,-0.1160554,-0.0650324,-0.0650324,-0.0766628,-0.0484857
1.4659091,1.4659091,1.5298734,-0.0641764,-0.0501828,-0.1574803,-0.0132789,-0.1145277,-0.0641764,-0.0641764,-0.0756537,-0.0478475
1.4709091,1.4709091,1.5348734,-0.0633338,-0.0495240,-0.1554128,-0.0131046,-0.1130241,-0.0633338,-0.0633338,-0.0746604,-0.0472193
1.4759091,1.4759091,1.5398734,-0.0625045,-0.0488755,-0.1533778,-0.0129330,-0.1115442,-0.0625045,-0.0625045,-0.0736828,-0.0466010
1.4809091,1.4809091,1.5448734,-0.0616882,-0.0482372,-0.1513748,-0.0127641,-0.1100875,-0.0616882,-0.0616882,-0.0727205,-0.0459924
1.4859091,1.4859091,1.5498734,-0.0608847,-0.0476089,-0.1494030,-0.0125978,-0.1086535,-0.0608847,-0.0608847,-0.0717733,-0.0453933
1.4909091,1.4909091,1.5548734,-0.0600937,-0.0469903,-0.1474620,-0.0124341,-0.1072419,-0.0600937,-0.0600937,-0.0708408,-0.0448036
1.4959091,1.4959091,1.5598734,-0.0593149,-0.0463814,-0.1455511,-0.0122730,-0.1058522,-0.0593149,-0.0593149,-0.0699228,-0.0442230
1.5009091,1.5009091,1.5648734,-0.0585483,-0.0457819,-0.1436699,-0.0121144,-0.1044841,-0.0585483,-0.0585483,-0.0690190,-0.0436514
1.5059091,1.5059091,1.5698734,-0.0577935,-0.0451917,-0.1418178,-0.0119582,-0.1031371,-0.0577935,-0.0577935,-0.0681293,-0.0430887
1.5109091,1.5109091,1.5748734,-0.0570503,-0.0446106,-0.1399942,-0.0118044,-0.1018109,-0.0570503,-0.0570503,-0.0672532,-0.0425346
1.5159091,1.5159091,1.5798734,-0.0563186,-0.0440384,-0.1381986,-0.0116530,-0.1005051,-0.0563186,-0.0563186,-0.0663906,-0.0419890
1.5209091,1.5209091,1.5848734,-0.0555981,-0.0434750,-0.1364306,-0.0115039,-0.0992193,-0.0555981,-0.0555981,-0.0655412,-0.0414518
1.5259091,1.5259091,1.5898734,-0.0548886,-0.0429202,-0.1346896,-0.0113571,-0.0979532,-0.0548886,-0.0548886,-0.0647048,-0.0409229
1.5309091,1.5309091,1.5948734,-0.0541899,-0.0423739,-0.1329752,-0.0112126,-0.0967064,-0.0541899,-0.0541899,-0.0638812,-0.0404020
1.5359091,1.5359091,1.5998734,-0.0535019,-0.0418358,-0.1312868,-0.0110702,-0.0954785,-0.0535019,-0.0535019,-0.0630701,-0.0398890
1.5409091,1.5409091,1.6048734,-0.0528242,-0.0413060,-0.1296240,-0.0109300,-0.0942692,-0.0528242,-0.0528242,-0.0622713,-0.0393838
1.5459091,1.5459091,1.6098734,-0.0521569,-0.0407841,-0.1279864,-0.0107919,-0.0930783,-0.0521569,-0.0521569,-0.0614846,-0.0388862
1.5509091,1.5509091,1.6148734,-0.0514996,-0.0402702,-0.1263735,-0.0106559,-0.0919053,-0.0514996,-0.0514996,-0.0607097,-0.0383962
1.5559091,1.5559091,1.6198734,-0.0508522,-0.0397639,-0.1247849,-0.0105219,-0.0907500,-0.0508522,-0.0508522,-0.0599466,-0.0379135
1.5609091,1.5609091,1.6248734,-0.0502145,-0.0392653,-0.1232201,-0.0103900,-0.0896120,-0.0502145,-0.0502145,-0.0591948,-0.0374380
1.5659091,1.5659091,1.6298734,-0.0495863,-0.0387741,-0.1216787,-0.0102600,-0.0884910,-0.0495863,-0.0495863,-0.0584543,-0.0369697
1.5709091,1.5709091,1.6348734,-0.0489676,-0.0382902,-0.1201604,-0.0101320,-0.0873868,-0.0489676,-0.0489676,-0.0577249,-0.0365084
1.5759091,1.5759091,1.6398734,-0.0483580,-0.0378136,-0.1186646,-0.0100059,-0.0862990,-0.0483580,-0.0483580,-0.0570063,-0.0360539
1.5809091,1.5809091,1.6448734,-0.0477575,-0.0373440,-0.1171911,-0.0098816,-0.0852274,-0.0477575,-0.0477575,-0.0562984,-0.0356062
1.5859091,1.5859091,1.6498734,-0.0471659,-0.0368814,-0.1157394,-0.0097592,-0.0841716,-0.0471659,-0.0471659,-0.0556010,-0.0351651
1.5909091,1.5909091,1.6548734,-0.0465830,-0.0364256,-0.1143091,-0.0096386,-0.0831314,-0.0465830,-0.0465830,-0.0549139,-0.0347306
1.5959091,1.5959091,1.6598734,-0.0460088,-0.0359766,-0.1128999,-0.0095198,-0.0821066,-0.0460088,-0.0460088,-0.0542369,-0.0343024
1.6009091,1.6009091,1.6648734,-0.0454429,-0.0355341,-0.1115114,-0.0094027,-0.0810968,-0.0454429,-0.0454429,-0.0535699,-0.0338805
1.6059091,1.6059091,1.6698734,-0.0448854,-0.0350981,-0.1101433,-0.0092873,-0.0801018,-0.0448854,-0.0448854,-0.0529126,-0.0334649
1.6109091,1.6109091,1.6748734,-0.0443360,-0.0346686,-0.1087951,-0.0091736,-0.0791214,-0.0443360,-0.0443360,-0.0522650,-0.0330552
1.6159091,1.6159091,1.6798734,-0.0437946,-0.0342452,-0.1074667,-0.0090616,-0.0781553,-0.0437946,-0.0437946,-0.0516268,-0.0326516
1.6209091,1.6209091,1.6848734,-0.0432611,-0.0338280,-0.1061575,-0.0089512,-0.0772032,-0.0432611,-0.0432611,-0.0509979,-0.0322539
1.6259091,1.6259091,1.6898734,-0.0427353,-0.0334169,-0.1048674,-0.0088424,-0.0762650,-0.0427353,-0.0427353,-0.0503781,-0.0318619
1.6309091,1.6309091,1.6948734,-0.0422172,-0.0330118,-0.1035959,-0.0087352,-0.0753403,-0.0422172,-0.0422172,-0.0497673,-0.0314756
1.6359091,1.6359091,1.6998734,-0.0417065,-0.0326124,-0.1023428,-0.0086296,-0.0744290,-0.0417065,-0.0417065,-0.0491653,-0.0310948
1.6409091,1.6409091,1.7048734,-0.0412032,-0.0322189,-0.1011078,-0.0085254,-0.0735308,-0.0412032,-0.0412032,-0.0485720,-0.0307196
1.6459091,1.6459091,1.7098734,-0.0407071,-0.0318310,-0.0998905,-0.0084228,-0.0726455,-0.0407071,-0.0407071,-0.0479872,-0.0303497
1.6509091,1.6509091,1.7148734,-0.0402182,-0.0314486,-0.0986906,-0.0083216,-0.0717729,-0.0402182,-0.0402182,-0.0474108,-0.0299852
1.6559091,1.6559091,1.7198734,-0.0397362,-0.0310717,-0.0975079,-0.0082219,-0.0709128,-0.0397362,-0.0397362,-0.0468426,-0.0296258
1.6609091,1.6609091,1.7248734,-0.0392611,-0.0307002,-0.0963421,-0.0081236,-0.0700649,-0.0392611,-0.0392611,-0.0462825,-0.0292716
1.6659091,1.6659091,1.7298734,-0.0387927,-0.0303340,-0.0951928,-0.0080267,-0.0692291,-0.0387927,-0.0387927,-0.0457304,-0.0289224
1.6709091,1.6709091,1.7348734,-0.0383311,-0.0299730,-0.0940599,-0.0079311,-0.0684052,-0.0383311,-0.0383311,-0.0451862,-0.0285782
1.6759091,1.6759091,1.7398734,-0.0378759,-0.0296171,-0.0929430,-0.0078370,-0.0675929,-0.0378759,-0.0378759,-0.0446496,-0.0282388
1.6809091,1.6809091,1.7448734,-0.0374272,-0.0292662,-0.0918418,-0.0077441,-0.0667921,-0.0374272,-0.0374272,-0.0441206,-0.0279043
1.6859091,1.6859091,1.7498734,-0.0369847,-0.0289202,-0.0907562,-0.0076526,-0.0660026,-0.0369847,-0.0369847,-0.0435991,-0.0275744
1.6909091,1.6909091,1.7548734,-0.0365486,-0.0285792,-0.0896859,-0.0075623,-0.0652242,-0.0365486,-0.0365486,-0.0430849,-0.0272492
1.6959091,1.6959091,1.7598734,-0.0361185,-0.0282429,-0.0886305,-0.0074733,-0.0644567,-0.0361185,-0.0361185,-0.0425779,-0.0269286
1.7009091,1.7009091,1.7648734,-0.0356944,-0.0279113,-0.0875900,-0.0073856,-0.0636999,-0.0356944,-0.0356944,-0.0420780,-0.0266124
1.7059091,1.7059091,1.7698734,-0.0352763,-0.0275843,-0.0865639,-0.0072991,-0.0629537,-0.0352763,-0.0352763,-0.0415851,-0.0263007
1.7109091,1.7109091,1.7748734,-0.0348640,-0.0272619,-0.0855521,-0.0072138,-0.0622179,-0.0348640,-0.0348640,-0.0410990,-0.0259933
1.7159091,1.7159091,1.7798734,-0.0344574,-0.0269440,-0.0845544,-0.0071296,-0.0614923,-0.0344574,-0.0344574,-0.0406197,-0.0256901
1.7209091,1.7209091,1.7848734,-0.0340564,-0.0266304,-0.0835705,-0.0070467,-0.0607768,-0.0340564,-0.0340564,-0.0401470,-0.0253912
1.7259091,1.7259091,1.7898734,-0.0336610,-0.0263212,-0.0826002,-0.0069648,-0.0600711,-0.0336610,-0.0336610,-0.0396809,-0.0250964
1.7309091,1.7309091,1.7948734,-0.0332710,-0.0260163,-0.0816433,-0.0068842,-0.0593752,-0.0332710,-0.0332710,-0.0392212,-0.0248056
1.7359091,1.7359091,1.7998734,-0.0328864,-0.0257156,-0.0806995,-0.0068046,-0.0586889,-0.0328864,-0.0328864,-0.0387678,-0.0245189
1.7409091,1.7409091,1.8048734,-0.0325071,-0.0254190,-0.0797688,-0.0067261,-0.0580119,-0.0325071,-0.0325071,-0.0383207,-0.0242361
1.7459091,1.7459091,1.8098734,-0.0321330,-0.0251264,-0.0788507,-0.0066487,-0.0573443,-0.0321330,-0.0321330,-0.0378797,-0.0239572
1.7509091,1.7509091,1.8148734,-0.0317640,-0.0248379,-0.0779452,-0.0065723,-0.0566858,-0.0317640,-0.0317640,-0.0374447,-0.0236821
1.7559091,1.7559091,1.8198734,-0.0314000,-0.0245533,-0.0770521,-0.0064970,-0.0560362,-0.0314000,-0.0314000,-0.0370156,-0.0234107
1.7609091,1.7609091,1.8248734,-0.0310410,-0.0242725,-0.0761711,-0.0064227,-0.0553955,-0.0310410,-0.0310410,-0.0365924,-0.0231430
1.7659091,1.7659091,1.8298734,-0.0306868,-0.0239956,-0.0753020,-0.0063495,-0.0547635,-0.0306868,-0.0306868,-0.0361749,-0.0228790
1.7709091,1.7709091,1.8348734,-0.0303375,-0.0237224,-0.0744447,-0.0062772,-0.0541400,-0.0303375,-0.0303375,-0.0357630,-0.0226185
1.7759091,1.7759091,1.8398734,-0.0299929,-0.0234529,-0.0735990,-0.0062059,-0.0535250,-0.0299929,-0.0299929,-0.0353568,-0.0223616
1.7809091,1.7809091,1.8448734,-0.0296529,-0.0231871,-0.0727647,-0.0061355,-0.0529183,-0.0296529,-0.0296529,-0.0349560,-0.0221081
1.7859091,1.7859091,1.8498734,-0.0293174,-0.0229248,-0.0719416,-0.0060661,-0.0523197,-0.0293174,-0.0293174,-0.0345605,-0.0218580
1.7909091,1.7909091,1.8548734,-0.0289865,-0.0226660,-0.0711296,-0.0059976,-0.0517291,-0.0289865,-0.0289865,-0.0341704,-0.0216113
1.7959091,1.7959091,1.8598734,-0.0286600,-0.0224107,-0.0703284,-0.0059301,-0.0511465,-0.0286600,-0.0286600,-0.0337856,-0.0213678
1.8009091,1.8009091,1.8648734,-0.0283379,-0.0221588,-0.0695380,-0.0058634,-0.0505716,-0.0283379,-0.0283379,-0.0334058,-0.0211277
1.8059091,1.8059091,1.8698734,-0.0280201,-0.0219103,-0.0687581,-0.0057977,-0.0500044,-0.0280201,-0.0280201,-0.0330312,-0.0208907
1.8109091,1.8109091,1.8748734,-0.0277065,-0.0216651,-0.0679885,-0.0057328,-0.0494447,-0.0277065,-0.0277065,-0.0326615,-0.0206569
1.8159091,1.8159091,1.8798734,-0.0273970,-0.0214231,-0.0672292,-0.0056687,-0.0488925,-0.0273970,-0.0273970,-0.0322967,-0.0204262
1.8209091,1.8209091,1.8848734,-0.0270917,-0.0211843,-0.0664799,-0.0056056,-0.0483476,-0.0270917,-0.0270917,-0.0319367,-0.0201985
1.8259091,1.8259091,1.8898734,-0.0267903,-0.0209487,-0.0657405,-0.0055432,-0.0478099,-0.0267903,-0.0267903,-0.0315815,-0.0199739
1.8309091,1.8309091,1.8948734,-0.0264930,-0.0207162,-0.0650108,-0.0054817,-0.0472792,-0.0264930,-0.0264930,-0.0312310,-0.0197522
1.8359091,1.8359091,1.8998734,-0.0261996,-0.0204867,-0.0642908,-0.0054210,-0.0467556,-0.0261996,-0.0261996,-0.0308851,-0.0195334
1.8409091,1.8409091,1.9048734,-0.0259100,-0.0202603,-0.0635802,-0.0053611,-0.0462388,-0.0259100,-0.0259100,-0.0305437,-0.0193175
1.8459091,1.8459091,1.9098734,-0.0256242,-0.0200368,-0.0628789,-0.0053019,-0.0457288,-0.0256242,-0.0256242,-0.0302068,-0.0191044
1.8509091,1.8509091,1.9148734,-0.0253421,-0.0198163,-0.0621868,-0.0052436,-0.0452254,-0.0253421,-0.0253421,-0.0298743,-0.0188942
1.8559091,1.8559091,1.9198734,-0.0250638,-0.0195986,-0.0615037,-0.0051860,-0.0447286,-0.0250638,-0.0250638,-0.0295462,-0.0186866
1.8609091,1.8609091,1.9248734,-0.0247890,-0.0193838,-0.0608294,-0.0051291,-0.0442383,-0.0247890,-0.0247890,-0.0292223,-0.0184818
1.8659091,1.8659091,1.9298734,-0.0245178,-0.0191717,-0.0601640,-0.0050730,-0.0437544,-0.0245178,-0.0245178,-0.0289026,-0.0182796
1.8709091,1.8709091,1.9348734,-0.0242502,-0.0189624,-0.0595071,-0.0050176,-0.0432767,-0.0242502,-0.0242502,-0.0285870,-0.0180800
1.8759091,1.8759091,1.9398734,-0.0239859,-0.0187558,-0.0588588,-0.0049630,-0.0428052,-0.0239859,-0.0239859,-0.0282756,-0.0178830
1.8809091,1.8809091,1.9448734,-0.0237251,-0.0185519,-0.0582188,-0.0049090,-0.0423397,-0.0237251,-0.0237251,-0.0279681,-0.0176886
1.8859091,1.8859091,1.9498734,-0.0234677,-0.0183506,-0.0575871,-0.0048557,-0.0418803,-0.0234677,-0.0234677,-0.0276646,-0.0174966
1.8909091,1.8909091,1.9548734,-0.0232135,-0.0181518,-0.0569634,-0.0048031,-0.0414268,-0.0232135,-0.0232135,-0.0273650,-0.0173072
1.8959091,1.8959091,1.9598734,-0.0229627,-0.0179557,-0.0563478,-0.0047512,-0.0409790,-0.0229627,-0.0229627,-0.0270693,-0.0171201
1.9009091,1.9009091,1.9648734,-0.0227150,-0.0177620,-0.0557401,-0.0047000,-0.0405370,-0.0227150,-0.0227150,-0.0267773,-0.0169355
1.9059091,1.9059091,1.9698734,-0.0224705,-0.0175708,-0.0551401,-0.0046494,-0.0401007,-0.0224705,-0.0224705,-0.0264891,-0.0167532
1.9109091,1.9109091,1.9748734,-0.0222291,-0.0173820,-0.0545477,-0.0045994,-0.0396699,-0.0222291,-0.0222291,-0.0262045,-0.0165732
1.9159091,1.9159091,1.9798734,-0.0219908,-0.0171957,-0.0539629,-0.0045501,-0.0392446,-0.0219908,-0.0219908,-0.0259236,-0.0163955
1.9209091,1.9209091,1.9848734,-0.0217555,-0.0170117,-0.0533855,-0.0045014,-0.0388247,-0.0217555,-0.0217555,-0.0256462,-0.0162201
1.9259091,1.9259091,1.9898734,-0.0215231,-0.0168300,-0.0528154,-0.0044534,-0.0384101,-0.0215231,-0.0215231,-0.0253723,-0.0160468
1.9309091,1.9309091,1.9948734,-0.0212937,-0.0166506,-0.0522525,-0.0044059,-0.0380007,-0.0212937,-0.0212937,-0.0251019,-0.0158758
1.9359091,1.9359091,1.9998734,-0.0210672,-0.0164735,-0.0516967,-0.0043590,-0.0375965,-0.0210672,-0.0210672,-0.0248349,-0.0157070
1.9409091,1.9409091,2.0048734,-0.0208436,-0.0162986,-0.0511479,-0.0043128,-0.0371974,-0.0208436,-0.0208436,-0.0245712,-0.0155402
1.9459091,1.9459091,2.0098734,-0.0206228,-0.0161260,-0.0506059,-0.0042671,-0.0368033,-0.0206228,-0.0206228,-0.0243109,-0.0153756
1.9509091,1.9509091,2.0148734,-0.0204047,-0.0159554,-0.0500708,-0.0042220,-0.0364141,-0.0204047,-0.0204047,-0.0240538,-0.0152130
1.9559091,1.9559091,2.0198734,-0.0201893,-0.0157870,-0.0495424,-0.0041774,-0.0360298,-0.0201893,-0.0201893,-0.0238000,-0.0150524
1.9609091,1.9609091,2.0248734,-0.0199767,-0.0156208,-0.0490205,-0.0041334,-0.0356503,-0.0199767,-0.0199767,-0.0235493,-0.0148939
1.9659091,1.9659091,2.0298734,-0.0197667,-0.0154565,-0.0485052,-0.0040899,-0.0352755,-0.0197667,-0.0197667,-0.0233017,-0.0147373
1.9709091,1.9709091,2.0348734,-0.0195593,-0.0152944,-0.0479963,-0.0040470,-0.0349054,-0.0195593,-0.0195593,-0.0230572,-0.0145827
1.9759091,1.9759091,2.0398734,-0.0193544,-0.0151342,-0.0474936,-0.0040046,-0.0345398,-0.0193544,-0.0193544,-0.0228158,-0.0144300
1.9809091,1.9809091,2.0448734,-0.0191521,-0.0149760,-0.0469972,-0.0039628,-0.0341788,-0.0191521,-0.0191521,-0.0225773,-0.0142791
1.9859091,1.9859091,2.0498734,-0.0189524,-0.0148198,-0.0465070,-0.0039214,-0.0338223,-0.0189524,-0.0189524,-0.0223418,-0.0141302
1.9909091,1.9909091,2.0548734,-0.0187550,-0.0146655,-0.0460228,-0.0038806,-0.0334701,-0.0187550,-0.0187550,-0.0221092,-0.0139831
1.9959091,1.9959091,2.0598734,-0.0185601,-0.0145131,-0.0455445,-0.0038403,-0.0331223,-0.0185601,-0.0185601,-0.0218794,-0.0138377
