# r[nm],d[nm],daligned[nm],UC(d)[kJ/mol],UK(d)[kJ/mol],UCl(d)[kJ/mol],UC2A(d)[kJ/mol],UC4A(d)[kJ/mol],UC6A(d)[kJ/mol],UC8A(d)[kJ/mol],UC10A(d)[kJ/mol]
-0.1169568,-0.1169568,0.0935385,1715.8690681,991.6754550,inf,28.7221624,inf,inf,inf,inf
-0.1119568,-0.1119568,0.0985385,1515.2652949,872.7337705,inf,22.7038366,inf,inf,inf,inf
-0.1069568,-0.1069568,0.1035385,1331.4262752,763.8596061,inf,17.3354840,inf,inf,inf,inf
-0.1019568,-0.1019568,0.1085385,1164.1999981,664.9485849,inf,12.6065954,inf,inf,inf,inf
-0.0969568,-0.0969568,0.1135385,1013.1378878,575.7223496,inf,8.4939108,inf,inf,inf,inf
-0.0919568,-0.0919568,0.1185385,877.5593981,495.7675161,inf,4.9635940,inf,inf,inf,inf
-0.0869568,-0.0869568,0.1235385,756.6130781,424.5716263,inf,1.9732811,inf,inf,inf,inf
-0.0819568,-0.0819568,0.1285385,649.3312387,361.5547365,inf,-0.5258745,inf,inf,inf,inf
-0.0769568,-0.0769568,0.1335385,554.6767743,306.0961472,inf,-2.5871921,inf,inf,inf,inf
-0.0719568,-0.0719568,0.1385385,471.5819957,257.5567715,inf,-4.2666392,1739.0849885,inf,inf,inf
-0.0669568,-0.0669568,0.1435385,398.9801780,215.2978170,inf,-5.6206926,1491.7967411,inf,inf,inf
-0.0619568,-0.0619568,0.1485385,335.8307984,178.6958358,1836.4956336,-6.7028171,1275.6133912,inf,inf,inf
-0.0569568,-0.0569568,0.1535385,281.1390725,147.1538838,1565.9298826,-7.5592406,1087.3210894,inf,inf,inf
-0.0519568,-0.0519568,0.1585385,233.9698292,120.1089756,1331.0350086,-8.2274560,923.8860168,inf,inf,inf
-0.0469568,-0.0469568,0.1635385,193.4557829,97.0366072,1127.7606392,-8.7393358,782.4826611,inf,inf,inf
-0.0419568,-0.0419568,0.1685385,158.8009774,77.4532190,952.3772060,-9.1250712,660.5083553,inf,inf,inf
-0.0369568,-0.0369568,0.1735385,129.2808417,60.9171023,801.4842667,-9.4127686,555.5884256,inf,inf,inf
-0.0319568,-0.0319568,0.1785385,104.2402896,47.0276123,672.0066028,-9.6250870,465.5758817,inf,inf,inf
-0.0269568,-0.0269568,0.1835385,83.0907620,35.4220203,561.1832413,-9.7784347,388.5471176,inf,inf,inf
-0.0219568,-0.0219568,0.1885385,65.3064203,25.7702640,466.5532560,-9.8846845,322.7928743,inf,inf,inf
-0.0169568,-0.0169568,0.1935385,50.4190486,17.7708046,385.9391365,-9.9516970,266.8039673,inf,inf,inf
-0.0119568,-0.0119568,0.1985385,38.0112802,11.1522695,317.4266236,-9.9832777,219.2532976,inf,inf,inf
-0.0069568,-0.0069568,0.2035385,27.7094725,5.6810006,259.3408346,-9.9803250,178.9768817,inf,inf,inf
-0.0019568,-0.0019568,0.2085385,19.1795778,1.1671488,210.2205906,-9.9427102,144.9560194,inf,inf,inf
0.0030432,0.0030432,0.2135385,12.1282339,-2.5383536,168.7935556,-9.8713332,116.3013435,inf,inf,inf
0.0080432,0.0080432,0.2185385,6.3066995,-5.5551965,133.9537929,-9.7689031,92.2385342,inf,inf,inf
0.0130432,0.0130432,0.2235385,1.5118370,-7.9861917,104.7420109,-9.6385279,72.0951248,inf,inf,inf
0.0180432,0.0180432,0.2285385,-2.4199277,-9.9248546,80.3280154,-9.4816481,55.2879643,inf,inf,inf
0.0230432,0.0230432,0.2335385,-5.6240192,-11.4575909,59.9946986,-9.2973484,41.3114605,inf,inf,inf
0.0280432,0.0280432,0.2385385,-8.2183091,-12.6636652,43.1231805,-9.0838979,29.7271478,inf,inf,inf
0.0330432,0.0330432,0.2435385,-10.3084959,-13.6139427,29.1792634,-8.8412531,20.1549837,1850.0280086,inf,inf
0.0380432,0.0380432,0.2485385,-11.9896091,-14.3666576,17.7015714,-8.5723926,12.2665965,1570.0771249,inf,inf
0.0430432,0.0430432,0.2535385,-13.3457266,-14.9621975,8.2916165,-8.2828916,5.7804131,1330.8353097,inf,inf
0.0480432,0.0480432,0.2585385,-14.4466415,-15.4227584,0.6061101,-7.9796115,0.4573350,1126.3660917,inf,inf
0.0530432,0.0530432,0.2635385,-15.3425444,-15.7585135,-5.6486392,-7.6694447,-3.9048293,951.6575997,inf,inf
0.0580432,0.0580432,0.2685385,-16.0627983,-15.9756804,-10.7219081,-7.3585108,-7.4776077,802.4277680,inf,inf
0.0630432,0.0630432,0.2735385,-16.6219432,-16.0817234,-14.8248742,-7.0517948,-10.4066499,675.0121497,inf,inf
0.0680432,0.0680432,0.2785385,-17.0287526,-16.0866003,-18.1371754,-6.7530857,-12.8146464,566.2706400,inf,inf
0.0730432,0.0730432,0.2835385,-17.2927021,-16.0016623,-20.8121651,-6.4650800,-14.8027108,473.5110777,inf,inf
0.0780432,0.0780432,0.2885385,-17.4260365,-15.8383425,-22.9798197,-6.1895678,-16.4501497,394.4255871,inf,inf
0.0830432,0.0830432,0.2935385,-17.4429293,-15.6076774,-24.7457267,-5.9276540,-17.8142204,327.0364540,inf,inf
0.0880432,0.0880432,0.2985385,-17.3580212,-15.3204219,-26.1875758,-5.6799924,-18.9325447,269.6494743,inf,inf
0.0930432,0.0930432,0.3035385,-17.1856140,-14.9871574,-27.3549101,-5.4470159,-19.8287744,220.8134264,inf,inf
0.0980432,0.0980432,0.3085385,-16.9395048,-14.6181394,-28.2753694,-5.2291516,-20.5194548,179.2849082,inf,inf
0.1030432,0.1030432,0.3135385,-16.6329617,-14.2229819,-28.9646248,-5.0270035,-21.0193656,143.9982140,inf,inf
0.1080432,0.1080432,0.3185385,-16.2785620,-13.8103546,-29.4352991,-4.8414513,-21.3441252,114.0399423,inf,inf
0.1130432,0.1130432,0.3235385,-15.8879188,-13.3877973,-29.7021235,-4.6735600,-21.5107528,88.6277527,inf,inf
0.1180432,0.1180432,0.3285385,-15.4714211,-12.9616675,-29.7833752,-4.5242030,-21.5373899,67.0924691,inf,inf
0.1230432,0.1230432,0.3335385,-15.0380788,-12.5371909,-29.7002025,-4.3934439,-21.4427899,48.8625048,1750.3427525,inf
0.1280432,0.1280432,0.3385385,-14.5954887,-12.1185678,-29.4752882,-4.2799443,-21.2457026,33.4496135,1501.9474430,inf
0.1330432,0.1330432,0.3435385,-14.1499041,-11.7090962,-29.1315374,-4.1807668,-20.9642161,20.4358223,1287.1690818,inf
0.1380432,0.1380432,0.3485385,-13.7063707,-11.3112850,-28.6909955,-4.0917864,-20.6151668,9.4625478,1101.3991325,inf
0.1430432,0.1430432,0.3535385,-13.2688950,-10.9269530,-28.1740526,-4.0085976,-20.2137181,0.2226523,940.6759456,inf
0.1480432,0.1480432,0.3585385,-12.8406150,-10.5573284,-27.5989366,-3.9276122,-19.7731390,-7.5455382,801.5915659,inf
0.1530432,0.1530432,0.3635385,-12.4239506,-10.2031712,-26.9814714,-3.8471111,-19.3047640,-14.0641732,681.2121234,inf
0.1580432,0.1580432,0.3685385,-12.0207191,-9.8649247,-26.3350496,-3.7679109,-18.8180895,-19.5222306,577.0097109,inf
0.1630432,0.1630432,0.3735385,-11.6322201,-9.5428681,-25.6707652,-3.6929115,-18.3209523,-24.0807916,486.8041451,inf
0.1680432,0.1680432,0.3785385,-11.2593096,-9.2372128,-24.9976569,-3.6251014,-17.8197457,-27.8762375,408.7133990,inf
0.1730432,0.1730432,0.3835385,-10.9024939,-8.9480994,-24.3230143,-3.5651668,-17.3196369,-31.0223843,341.1115505,inf
0.1780432,0.1780432,0.3885385,-10.5620504,-8.6755297,-23.6526973,-3.5109670,-16.8247616,-33.6128359,282.5930774,inf
0.1830432,0.1830432,0.3935385,-10.2381460,-8.4193716,-22.9914221,-3.4596554,-16.3383919,-35.7236021,231.9425206,inf
0.1880432,0.1880432,0.3985385,-9.9308996,-8.1795630,-22.3429801,-3.4102004,-15.8630781,-37.4158682,188.1087740,inf
0.1930432,0.1930432,0.4035385,-9.6403646,-7.9564588,-21.7103843,-3.3634722,-15.4007740,-38.7393001,150.1831885,inf
0.1980432,0.1980432,0.4085385,-9.3665057,-7.7510767,-21.0959677,-3.3200491,-14.9529468,-39.7357755,117.3805152,inf
0.2030432,0.2030432,0.4135385,-9.1093112,-7.5649994,-20.5014672,-3.2785598,-14.5206699,-40.4426221,89.0219719,inf
0.2080432,0.2080432,0.4185385,-8.8690750,-7.3997926,-19.9281166,-3.2365733,-14.1046983,-40.8945894,64.5202651,1621.8550816
0.2130432,0.2130432,0.4235385,-8.6466716,-7.2560465,-19.3767444,-3.1927198,-13.7055354,-41.1245426,43.3666180,1409.4118597
0.2180432,0.2180432,0.4285385,-8.4435732,-7.1325961,-18.8478704,-3.1470001,-13.3235002,-41.1633766,25.1196421,1222.7267468
0.2230432,0.2230432,0.4335385,-8.2614448,-7.0266371,-18.3417941,-3.0985894,-12.9587940,-41.0396664,9.3958567,1058.6021968
0.2280432,0.2280432,0.4385385,-8.1013599,-6.9347047,-17.8586873,-3.0438639,-12.6115511,-40.7793699,-4.1379423,914.2499689
0.2330432,0.2330432,0.4435385,-7.9630180,-6.8535029,-17.3986850,-2.9774903,-12.2818679,-40.4057004,-15.7701996,787.2390850
0.2380432,0.2380432,0.4485385,-7.8445396,-6.7799544,-16.9619535,-2.8955542,-11.9698574,-39.9391643,-25.7485956,675.4507156
0.2430432,0.2430432,0.4535385,-7.7429238,-6.7112053,-16.5487278,-2.7975370,-11.6758047,-39.3977113,-34.2839978,577.0375578
0.2480432,0.2480432,0.4585385,-7.6545957,-6.6451973,-16.1594227,-2.6860376,-11.4003972,-38.7969354,-41.5554772,490.3867776
0.2530432,0.2530432,0.4635385,-7.5757810,-6.5809034,-15.7949586,-2.5653225,-11.1448752,-38.1502786,-47.7161574,414.0871752
0.2580432,0.2580432,0.4685385,-7.5030900,-6.5174856,-15.4572274,-2.4399275,-10.9109519,-37.4692202,-52.8987849,346.9015734
0.2630432,0.2630432,0.4735385,-7.4341272,-6.4534104,-15.1493661,-2.3138040,-10.7004506,-36.7634556,-57.2201177,287.7444123
0.2680432,0.2680432,0.4785385,-7.3672800,-6.3864821,-14.8754464,-2.1899815,-10.5146890,-36.0410871,-60.7839332,235.6632868
0.2730432,0.2730432,0.4835385,-7.3008471,-6.3140281,-14.6392374,-2.0705554,-10.3537833,-35.3088424,-63.6829477,189.8227826
0.2780432,0.2780432,0.4885385,-7.2325392,-6.2325261,-14.4421806,-1.9568275,-10.2161624,-34.5723162,-66.0000635,149.4896634
0.2830432,0.2830432,0.4935385,-7.1594249,-6.1375238,-14.2816371,-1.8494907,-10.0985896,-33.8362038,-67.8092710,114.0194395
0.2880432,0.2880432,0.4985385,-7.0777263,-6.0246924,-14.1506403,-1.7488020,-9.9968281,-33.1044849,-69.1764052,82.8447598
0.2930432,0.2930432,0.5035385,-6.9827784,-5.8913691,-14.0395009,-1.6547260,-9.9065750,-32.3805333,-70.1598487,55.4657811
0.2980432,0.2980432,0.5085385,-6.8698652,-5.7374346,-13.9384201,-1.5670416,-9.8239159,-31.6671657,-70.8112185,31.4422030
0.3030432,0.3030432,0.5135385,-6.7356378,-5.5651544,-13.8393795,-1.4854196,-9.7450827,-30.9666711,-71.1760364,10.3864751
0.3080432,0.3080432,0.5185385,-6.5791326,-5.3783775,-13.7362384,-1.4094753,-9.6659430,-30.2808633,-71.2943750,-8.0422213
0.3130432,0.3130432,0.5235385,-6.4018663,-5.1816195,-13.6237432,-1.3388035,-9.5815571,-29.6111706,-71.2014617,-24.1434679
0.3180432,0.3180432,0.5285385,-6.2072153,-4.9793415,-13.4965572,-1.2730007,-9.4860651,-28.9587390,-70.9282308,-38.1807172
0.3230432,0.3230432,0.5335385,-5.9995496,-4.7755063,-13.3487543,-1.2116786,-9.3732788,-28.3245197,-70.5018150,-50.3860371
0.3280432,0.3280432,0.5385385,-5.7834667,-4.5733736,-13.1740904,-1.1544712,-9.2379209,-27.7093237,-69.9459775,-60.9644141
0.3330432,0.3330432,0.5435385,-5.5632636,-4.3754597,-12.9671527,-1.1010391,-9.0768335,-27.1138517,-69.2814924,-70.0975051
0.3380432,0.3380432,0.5485385,-5.3426446,-4.1835913,-12.7247685,-1.0510696,-8.8895135,-26.5387200,-68.5264865,-77.9467832
0.3430432,0.3430432,0.5535385,-5.1246098,-3.9990048,-12.4468076,-1.0042775,-8.6778765,-25.9845056,-67.6967546,-84.6561124
0.3480432,0.3480432,0.5585385,-4.9114588,-3.8224577,-12.1360649,-0.9604029,-8.4455573,-25.4518328,-66.8060520,-90.3538467
0.3530432,0.3530432,0.5635385,-4.7048588,-3.6543360,-11.7974956,-0.9192100,-8.1971093,-24.9415176,-65.8663630,-95.1545692
0.3580432,0.3580432,0.5685385,-4.5059397,-3.4947478,-11.4372507,-0.8804851,-7.9373287,-24.4547586,-64.8881351,-99.1605677
0.3630432,0.3630432,0.5735385,-4.3153963,-3.3436012,-11.0618265,-0.8440345,-7.6707830,-23.9933193,-63.8804771,-102.4631193
0.3680432,0.3680432,0.5785385,-4.1335836,-3.2006656,-10.6774513,-0.8096828,-7.4015344,-23.5596025,-62.8513198,-105.1436282
0.3730432,0.3730432,0.5835385,-3.9605995,-3.0656198,-10.2897147,-0.7772710,-7.1330122,-23.1565056,-61.8075533,-107.2746466
0.3780432,0.3780432,0.5885385,-3.7963544,-2.9380877,-9.9033864,-0.7466546,-6.8679872,-22.7870066,-60.7551486,-108.9207948
0.3830432,0.3830432,0.5935385,-3.6406268,-2.8176640,-9.5223674,-0.7177026,-6.6086078,-22.4535411,-59.6992709,-110.1395958
0.3880432,0.3880432,0.5985385,-3.4931065,-2.7039336,-9.1497228,-0.6902956,-6.3564679,-22.1572743,-58.6443836,-110.9822334
0.3930432,0.3930432,0.6035385,-3.3534278,-2.5964840,-8.7877603,-0.6643251,-6.1126882,-21.8972848,-57.5943396,-111.4942404
0.3980432,0.3980432,0.6085385,-3.2211943,-2.4949142,-8.4381288,-0.6396920,-5.8779986,-21.6696307,-56.5524631,-111.7161225
0.4030432,0.4030432,0.6135385,-3.0959964,-2.3988402,-8.1019229,-0.6163055,-5.6528154,-21.4665874,-55.5216203,-111.6839204
0.4080432,0.4080432,0.6185385,-2.9774250,-2.3078984,-7.7797832,-0.5940830,-5.4373094,-21.2767784,-54.5042838,-111.4297107
0.4130432,0.4130432,0.6235385,-2.8650791,-2.2217470,-7.4719881,-0.5729484,-5.2314640,-21.0866877,-53.5025872,-110.9820481
0.4180432,0.4180432,0.6285385,-2.7585727,-2.1400667,-7.1785337,-0.5528320,-5.0351241,-20.8830930,-52.5183733,-110.3663529
0.4230432,0.4230432,0.6335385,-2.6575378,-2.0625602,-6.8992028,-0.5336697,-4.8480346,-20.6553107,-51.5532393,-109.6052487
0.4280432,0.4280432,0.6385385,-2.5616266,-1.9889522,-6.6336216,-0.5154023,-4.6698722,-20.3964216,-50.6085841,-108.7188610
0.4330432,0.4330432,0.6435385,-2.4705123,-1.9189872,-6.3813067,-0.4979756,-4.5002694,-20.1033745,-49.6856562,-107.7250838
0.4380432,0.4380432,0.6485385,-2.3838895,-1.8524293,-6.1417020,-0.4813391,-4.3388333,-19.7763543,-48.7856056,-106.6398229
0.4430432,0.4430432,0.6535385,-2.3014733,-1.7890606,-5.9142082,-0.4654464,-4.1851597,-19.4178696,-47.9095446,-105.4772174
0.4480432,0.4480432,0.6585385,-2.2229989,-1.7286796,-5.6982052,-0.4502543,-4.0388432,-19.0318689,-47.0586386,-104.2498411
0.4530432,0.4530432,0.6635385,-2.1482204,-1.6711004,-5.4930689,-0.4357230,-3.8994852,-18.6230268,-46.2342536,-102.9688786
0.4580432,0.4580432,0.6685385,-2.0769096,-1.6161510,-5.2981839,-0.4218153,-3.7666986,-18.1962282,-45.4381777,-101.6442788
0.4630432,0.4630432,0.6735385,-2.0088550,-1.5636725,-5.1129519,-0.4084968,-3.6401112,-17.7562276,-44.6728730,-100.2848866
0.4680432,0.4680432,0.6785385,-1.9438608,-1.5135181,-4.9367980,-0.3957353,-3.5193683,-17.3074432,-43.9416290,-98.8985598
0.4730432,0.4730432,0.6835385,-1.8817452,-1.4655515,-4.7691743,-0.3835009,-3.4041337,-16.8538469,-43.2484364,-97.4922763
0.4780432,0.4780432,0.6885385,-1.8223396,-1.4196467,-4.6095625,-0.3717657,-3.2940900,-16.3989192,-42.5974669,-96.0722344
0.4830432,0.4830432,0.6935385,-1.7654878,-1.3756868,-4.4574741,-0.3605036,-3.1889386,-15.9456450,-41.9921600,-94.6439426
0.4880432,0.4880432,0.6985385,-1.7110448,-1.3335630,-4.3124510,-0.3496902,-3.0883993,-15.4965352,-41.4339830,-93.2122985
0.4930432,0.4930432,0.7035385,-1.6588756,-1.2931746,-4.1740647,-0.3393028,-2.9922099,-15.0536620,-40.9210453,-91.7816561
0.4980432,0.4980432,0.7085385,-1.6088550,-1.2544274,-4.0419155,-0.3293198,-2.9001251,-14.6187015,-40.4470493,-90.3558854
0.5030432,0.5030432,0.7135385,-1.5608663,-1.2172342,-3.9156307,-0.3197214,-2.8119155,-14.1929778,-40.0012939,-88.9384268
0.5080432,0.5080432,0.7185385,-1.5148008,-1.1815132,-3.7948636,-0.3104887,-2.7273670,-13.7775081,-39.5700889,-87.5323423
0.5130432,0.5130432,0.7235385,-1.4705573,-1.1471884,-3.6792917,-0.3016039,-2.6462797,-13.3730439,-39.1391094,-86.1403632
0.5180432,0.5180432,0.7285385,-1.4280411,-1.1141886,-3.5686150,-0.2930505,-2.5684669,-12.9801105,-38.6956935,-84.7649339
0.5230432,0.5230432,0.7335385,-1.3871641,-1.0824472,-3.4625548,-0.2848128,-2.4937540,-12.5990421,-38.2303048,-83.4082544
0.5280432,0.5280432,0.7385385,-1.3478434,-1.0519019,-3.3608518,-0.2768761,-2.4219784,-12.2300134,-37.7369816,-82.0723220
0.5330432,0.5330432,0.7435385,-1.3100019,-1.0224943,-3.2632650,-0.2692265,-2.3529875,-11.8730676,-37.2130394,-80.7589772
0.5380432,0.5380432,0.7485385,-1.2735671,-0.9941695,-3.1695698,-0.2618509,-2.2866390,-11.5281411,-36.6584030,-79.4699572
0.5430432,0.5430432,0.7535385,-1.2384710,-0.9668762,-3.0795573,-0.2547369,-2.2227996,-11.1950842,-36.0748618,-78.2069676
0.5480432,0.5480432,0.7585385,-1.2046498,-0.9405658,-2.9930328,-0.2478729,-2.1613444,-10.8736800,-35.4654064,-76.9717896
0.5530432,0.5530432,0.7635385,-1.1720436,-0.9151930,-2.9098146,-0.2412478,-2.1021565,-10.5636593,-34.8337038,-75.7664441
0.5580432,0.5580432,0.7685385,-1.1405959,-0.8907147,-2.8297333,-0.2348512,-2.0451261,-10.2647141,-34.1837138,-74.5934140
0.5630432,0.5630432,0.7735385,-1.1102538,-0.8670907,-2.7526304,-0.2286731,-1.9901502,-9.9765085,-33.5194248,-73.4558655
0.5680432,0.5680432,0.7785385,-1.0809673,-0.8442827,-2.6783580,-0.2227043,-1.9371320,-9.6986876,-32.8446820,-72.3577208
0.5730432,0.5730432,0.7835385,-1.0526891,-0.8222548,-2.6067773,-0.2169359,-1.8859806,-9.4308850,-32.1630824,-71.3033687
0.5780432,0.5780432,0.7885385,-1.0253747,-0.8009730,-2.5377586,-0.2113594,-1.8366102,-9.1727290,-31.4779173,-70.2968598
0.5830432,0.5830432,0.7935385,-0.9989822,-0.7804052,-2.4711802,-0.2059669,-1.7889404,-8.9238474,-30.7921468,-69.3406369
0.5880432,0.5880432,0.7985385,-0.9734718,-0.7605208,-2.4069277,-0.2007507,-1.7428951,-8.6838712,-30.1083955,-68.4341564
0.5930432,0.5930432,0.8035385,-0.9488059,-0.7412912,-2.3448938,-0.1957037,-1.6984026,-8.4524377,-29.4289616,-67.5729717
0.5980432,0.5980432,0.8085385,-0.9249489,-0.7226891,-2.2849776,-0.1908191,-1.6553952,-8.2291927,-28.7558336,-66.7487718
0.6030432,0.6030432,0.8135385,-0.9018672,-0.7046884,-2.2270839,-0.1860904,-1.6138090,-8.0137920,-28.0907126,-65.9504582
0.6080432,0.6080432,0.8185385,-0.8795287,-0.6872648,-2.1711233,-0.1815112,-1.5735836,-7.8059030,-27.4350356,-65.1658581
0.6130432,0.6130432,0.8235385,-0.8579032,-0.6703948,-2.1170114,-0.1770759,-1.5346617,-7.6052052,-26.7900002,-64.3834457
0.6180432,0.6180432,0.8285385,-0.8369619,-0.6540563,-2.0646685,-0.1727787,-1.4969891,-7.4113906,-26.1565882,-63.5935892
0.6230432,0.6230432,0.8335385,-0.8166775,-0.6382283,-2.0140192,-0.1686143,-1.4605147,-7.2241643,-25.5355891,-62.7891558
0.6280432,0.6280432,0.8385385,-0.7970239,-0.6228908,-1.9649925,-0.1645776,-1.4251896,-7.0432439,-24.9276209,-61.9655691
0.6330432,0.6330432,0.8435385,-0.7779766,-0.6080246,-1.9175210,-0.1606639,-1.3909677,-6.8683602,-24.3331508,-61.1205233
0.6380432,0.6380432,0.8485385,-0.7595119,-0.5936117,-1.8715410,-0.1568683,-1.3578052,-6.6992560,-23.7525133,-60.2535414
0.6430432,0.6430432,0.8535385,-0.7416075,-0.5796348,-1.8269921,-0.1531866,-1.3256603,-6.5356867,-23.1859270,-59.3655120
0.6480432,0.6480432,0.8585385,-0.7242421,-0.5660773,-1.7838169,-0.1496144,-1.2944936,-6.3774192,-22.6335103,-58.4582724
0.6530432,0.6530432,0.8635385,-0.7073953,-0.5529236,-1.7419611,-0.1461478,-1.2642672,-6.2242319,-22.0952949,-57.5342670
0.6580432,0.6580432,0.8685385,-0.6910479,-0.5401587,-1.7013731,-0.1427829,-1.2349453,-6.0759139,-21.5712382,-56.5962837
0.6630432,0.6630432,0.8735385,-0.6751812,-0.5277682,-1.6620038,-0.1395160,-1.2064938,-5.9322647,-21.0612349,-55.6472579
0.6680432,0.6680432,0.8785385,-0.6597777,-0.5157386,-1.6238064,-0.1363436,-1.1788801,-5.7930940,-20.5651266,-54.6901347
0.6730432,0.6730432,0.8835385,-0.6448205,-0.5040566,-1.5867366,-0.1332624,-1.1520731,-5.6582204,-20.0827113,-53.7277734
0.6780432,0.6780432,0.8885385,-0.6302935,-0.4927100,-1.5507522,-0.1302690,-1.1260432,-5.5274719,-19.6137503,-52.7628855
0.6830432,0.6830432,0.8935385,-0.6161814,-0.4816866,-1.5158127,-0.1273605,-1.1007622,-5.4006848,-19.1579762,-51.7979975
0.6880432,0.6880432,0.8985385,-0.6024693,-0.4709752,-1.4818798,-0.1245338,-1.0762031,-5.2777033,-18.7150986,-50.8354297
0.6930432,0.6930432,0.9035385,-0.5891432,-0.4605647,-1.4489169,-0.1217861,-1.0523401,-5.1583794,-18.2848090,-49.8772885
0.6980432,0.6980432,0.9085385,-0.5761897,-0.4504448,-1.4168889,-0.1191147,-1.0291485,-5.0425722,-17.8667865,-48.9254662
0.7030432,0.7030432,0.9135385,-0.5635958,-0.4406053,-1.3857625,-0.1165171,-1.0066047,-4.9301475,-17.4607007,-47.9816471
0.7080432,0.7080432,0.9185385,-0.5513492,-0.4310367,-1.3555057,-0.1139906,-0.9846861,-4.8209776,-17.0662160,-47.0473165
0.7130432,0.7130432,0.9235385,-0.5394380,-0.4217298,-1.3260880,-0.1115329,-0.9633713,-4.7149410,-16.6829939,-46.1237728
0.7180432,0.7180432,0.9285385,-0.5278509,-0.4126757,-1.2974803,-0.1091418,-0.9426395,-4.6119216,-16.3106960,-45.2121396
0.7230432,0.7230432,0.9335385,-0.5165770,-0.4038661,-1.2696547,-0.1068149,-0.9224708,-4.5118089,-15.9489857,-44.3133792
0.7280432,0.7280432,0.9385385,-0.5056059,-0.3952927,-1.2425844,-0.1045503,-0.9028464,-4.4144976,-15.5975302,-43.4283060
0.7330432,0.7330432,0.9435385,-0.4949275,-0.3869478,-1.2162438,-0.1023457,-0.8837479,-4.3198871,-15.2560016,-42.5575989
0.7380432,0.7380432,0.9485385,-0.4845322,-0.3788239,-1.1906084,-0.1001994,-0.8651580,-4.2278812,-14.9240783,-41.7018141
0.7430432,0.7430432,0.9535385,-0.4744109,-0.3709137,-1.1656547,-0.0981094,-0.8470599,-4.1383884,-14.6014459,-40.8613963
0.7480432,0.7480432,0.9585385,-0.4645545,-0.3632105,-1.1413602,-0.0960739,-0.8294375,-4.0513209,-14.2877977,-40.0366900
0.7530432,0.7530432,0.9635385,-0.4549546,-0.3557075,-1.1177032,-0.0940911,-0.8122754,-3.9665950,-13.9828352,-39.2279496
0.7580432,0.7580432,0.9685385,-0.4456030,-0.3483984,-1.0946629,-0.0921595,-0.7955587,-3.8841306,-13.6862688,-38.4353489
0.7630432,0.7630432,0.9735385,-0.4364918,-0.3412770,-1.0722195,-0.0902773,-0.7792732,-3.8038509,-13.3978177,-37.6589899
0.7680432,0.7680432,0.9785385,-0.4276134,-0.3343374,-1.0503539,-0.0884431,-0.7634052,-3.7256826,-13.1172101,-36.8989106
0.7730432,0.7730432,0.9835385,-0.4189606,-0.3275739,-1.0290475,-0.0866553,-0.7479415,-3.6495553,-12.8441834,-36.1550930
0.7780432,0.7780432,0.9885385,-0.4105262,-0.3209812,-1.0082828,-0.0849126,-0.7328695,-3.5754017,-12.5784840,-35.4274690
0.7830432,0.7830432,0.9935385,-0.4023037,-0.3145538,-0.9880427,-0.0832134,-0.7181770,-3.5031573,-12.3198674,-34.7159276
0.7880432,0.7880432,0.9985385,-0.3942864,-0.3082868,-0.9683109,-0.0815566,-0.7038522,-3.4327601,-12.0680976,-34.0203197
0.7930432,0.7930432,1.0035385,-0.3864682,-0.3021752,-0.9490718,-0.0799408,-0.6898838,-3.3641507,-11.8229476,-33.3404639
0.7980432,0.7980432,1.0085385,-0.3788429,-0.2962144,-0.9303101,-0.0783648,-0.6762611,-3.2972721,-11.5841988,-32.6761507
0.8030432,0.8030432,1.0135385,-0.3714048,-0.2903998,-0.9120113,-0.0768274,-0.6629735,-3.2320695,-11.3516406,-32.0271471
0.8080432,0.8080432,1.0185385,-0.3641482,-0.2847270,-0.8941613,-0.0753274,-0.6500109,-3.1684904,-11.1250706,-31.3932003
0.8130432,0.8130432,1.0235385,-0.3570678,-0.2791919,-0.8767468,-0.0738638,-0.6373636,-3.1064842,-10.9042941,-30.7740412
0.8180432,0.8180432,1.0285385,-0.3501583,-0.2737903,-0.8597545,-0.0724354,-0.6250222,-3.0460023,-10.6891238,-30.1693872
0.8230432,0.8230432,1.0335385,-0.3434147,-0.2685184,-0.8431721,-0.0710413,-0.6129778,-2.9869981,-10.4793796,-29.5789457
0.8280432,0.8280432,1.0385385,-0.3368322,-0.2633723,-0.8269873,-0.0696804,-0.6012215,-2.9294266,-10.2748882,-29.0024158
0.8330432,0.8330432,1.0435385,-0.3304061,-0.2583484,-0.8111885,-0.0683518,-0.5897450,-2.8732446,-10.0754832,-28.4394911
0.8380432,0.8380432,1.0485385,-0.3241319,-0.2534432,-0.7957646,-0.0670545,-0.5785401,-2.8184104,-9.8810044,-27.8898612
0.8430432,0.8430432,1.0535385,-0.3180051,-0.2486533,-0.7807045,-0.0657877,-0.5675991,-2.7648839,-9.6912979,-27.3532139
0.8480432,0.8480432,1.0585385,-0.3120217,-0.2439753,-0.7659979,-0.0645504,-0.5569144,-2.7126265,-9.5062154,-26.8292363
0.8530432,0.8530432,1.0635385,-0.3061774,-0.2394062,-0.7516345,-0.0633419,-0.5464786,-2.6616011,-9.3256146,-26.3176163
0.8580432,0.8580432,1.0685385,-0.3004685,-0.2349428,-0.7376048,-0.0621614,-0.5362847,-2.6117717,-9.1493582,-25.8180437
0.8630432,0.8630432,1.0735385,-0.2948911,-0.2305821,-0.7238991,-0.0610080,-0.5263259,-2.5631037,-8.9773145,-25.3302112
0.8680432,0.8680432,1.0785385,-0.2894415,-0.2263214,-0.7105084,-0.0598810,-0.5165956,-2.5155638,-8.8093565,-24.8538154
0.8730432,0.8730432,1.0835385,-0.2841161,-0.2221578,-0.6974239,-0.0587797,-0.5070875,-2.4691197,-8.6453618,-24.3885569
0.8780432,0.8780432,1.0885385,-0.2789116,-0.2180887,-0.6846371,-0.0577033,-0.4977954,-2.4237405,-8.4852128,-23.9341418
0.8830432,0.8830432,1.0935385,-0.2738246,-0.2141114,-0.6721398,-0.0566512,-0.4887133,-2.3793961,-8.3287962,-23.4902812
0.8880432,0.8880432,1.0985385,-0.2688520,-0.2102234,-0.6599240,-0.0556228,-0.4798354,-2.3360576,-8.1760027,-23.0566924
0.8930432,0.8930432,1.1035385,-0.2639905,-0.2064224,-0.6479819,-0.0546173,-0.4711564,-2.2936970,-8.0267271,-22.6330988
0.8980432,0.8980432,1.1085385,-0.2592373,-0.2027060,-0.6363062,-0.0536342,-0.4626706,-2.2522873,-7.8808679,-22.2192301
0.9030432,0.9030432,1.1135385,-0.2545893,-0.1990718,-0.6248897,-0.0526728,-0.4543730,-2.2118023,-7.7383273,-21.8148226
0.9080432,0.9080432,1.1185385,-0.2500438,-0.1955178,-0.6137254,-0.0517326,-0.4462584,-2.1722168,-7.5990110,-21.4196193
0.9130432,0.9130432,1.1235385,-0.2455980,-0.1920417,-0.6028065,-0.0508130,-0.4383221,-2.1335065,-7.4628280,-21.0333699
0.9180432,0.9180432,1.1285385,-0.2412494,-0.1886416,-0.5921265,-0.0499135,-0.4305592,-2.0956476,-7.3296904,-20.6558308
0.9230432,0.9230432,1.1335385,-0.2369952,-0.1853153,-0.5816791,-0.0490335,-0.4229652,-2.0586174,-7.1995135,-20.2867652
0.9280432,0.9280432,1.1385385,-0.2328332,-0.1820610,-0.5714582,-0.0481726,-0.4155357,-2.0223937,-7.0722154,-19.9259431
0.9330432,0.9330432,1.1435385,-0.2287608,-0.1788769,-0.5614578,-0.0473302,-0.4082663,-1.9869553,-6.9477172,-19.5731409
0.9380432,0.9380432,1.1485385,-0.2247758,-0.1757609,-0.5516723,-0.0465059,-0.4011530,-1.9522813,-6.8259424,-19.2281417
0.9430432,0.9430432,1.1535385,-0.2208758,-0.1727116,-0.5420959,-0.0456991,-0.3941916,-1.9183517,-6.7068174,-18.8907348
0.9480432,0.9480432,1.1585385,-0.2170587,-0.1697270,-0.5327234,-0.0449095,-0.3873782,-1.8851471,-6.5902707,-18.5607161
0.9530432,0.9530432,1.1635385,-0.2133224,-0.1668055,-0.5235495,-0.0441366,-0.3807091,-1.8526488,-6.4762336,-18.2378874
0.9580432,0.9580432,1.1685385,-0.2096648,-0.1639456,-0.5145691,-0.0433799,-0.3741806,-1.8208385,-6.3646392,-17.9220567
0.9630432,0.9630432,1.1735385,-0.2060840,-0.1611457,-0.5057773,-0.0426391,-0.3677890,-1.7896986,-6.2554231,-17.6130377
0.9680432,0.9680432,1.1785385,-0.2025779,-0.1584043,-0.4971693,-0.0419138,-0.3615311,-1.7592119,-6.1485231,-17.3106499
0.9730432,0.9730432,1.1835385,-0.1991447,-0.1557198,-0.4887406,-0.0412036,-0.3554033,-1.7293619,-6.0438786,-17.0147183
0.9780432,0.9780432,1.1885385,-0.1957827,-0.1530910,-0.4804865,-0.0405081,-0.3494025,-1.7001324,-5.9414312,-16.7250735
0.9830432,0.9830432,1.1935385,-0.1924899,-0.1505163,-0.4724029,-0.0398269,-0.3435255,-1.6715080,-5.8411244,-16.4415510
0.9880432,0.9880432,1.1985385,-0.1892648,-0.1479945,-0.4644854,-0.0391596,-0.3377691,-1.6434735,-5.7429034,-16.1639916
0.9930432,0.9930432,1.2035385,-0.1861056,-0.1455243,-0.4567299,-0.0385061,-0.3321305,-1.6160141,-5.6467150,-15.8922409
0.9980432,0.9980432,1.2085385,-0.1830107,-0.1431043,-0.4491324,-0.0378658,-0.3266068,-1.5891157,-5.5525079,-15.6261495
1.0030432,1.0030432,1.2135385,-0.1799786,-0.1407334,-0.4416892,-0.0372385,-0.3211951,-1.5627645,-5.4602323,-15.3655722
1.0080432,1.0080432,1.2185385,-0.1770077,-0.1384104,-0.4343964,-0.0366238,-0.3158927,-1.5369470,-5.3698397,-15.1103685
1.0130432,1.0130432,1.2235385,-0.1740966,-0.1361341,-0.4272504,-0.0360216,-0.3106970,-1.5116502,-5.2812834,-14.8604023
1.0180432,1.0180432,1.2285385,-0.1712438,-0.1339034,-0.4202476,-0.0354313,-0.3056054,-1.4868615,-5.1945179,-14.6155413
1.0230432,1.0230432,1.2335385,-0.1684479,-0.1317172,-0.4133846,-0.0348529,-0.3006154,-1.4625686,-5.1094993,-14.3756577
1.0280432,1.0280432,1.2385385,-0.1657075,-0.1295744,-0.4066581,-0.0342859,-0.2957246,-1.4387596,-5.0261847,-14.1406271
1.0330432,1.0330432,1.2435385,-0.1630214,-0.1274741,-0.4000648,-0.0337302,-0.2909306,-1.4154229,-4.9445326,-13.9103293
1.0380432,1.0380432,1.2485385,-0.1603882,-0.1254151,-0.3936015,-0.0331854,-0.2862311,-1.3925472,-4.8645029,-13.6846472
1.0430432,1.0430432,1.2535385,-0.1578068,-0.1233966,-0.3872653,-0.0326513,-0.2816239,-1.3701217,-4.7860564,-13.4634677
1.0480432,1.0480432,1.2585385,-0.1552758,-0.1214175,-0.3810530,-0.0321277,-0.2771069,-1.3481356,-4.7091553,-13.2466809
1.0530432,1.0530432,1.2635385,-0.1527941,-0.1194770,-0.3749618,-0.0316142,-0.2726778,-1.3265787,-4.6337626,-13.0341799
1.0580432,1.0580432,1.2685385,-0.1503606,-0.1175741,-0.3689889,-0.0311107,-0.2683347,-1.3054410,-4.5598426,-12.8258613
1.0630432,1.0630432,1.2735385,-0.1479741,-0.1157081,-0.3631315,-0.0306170,-0.2640756,-1.2847126,-4.4873606,-12.6216245
1.0680432,1.0680432,1.2785385,-0.1456336,-0.1138779,-0.3573869,-0.0301327,-0.2598986,-1.2643840,-4.4162827,-12.4213721
1.0730432,1.0730432,1.2835385,-0.1433380,-0.1120829,-0.3517527,-0.0296578,-0.2558016,-1.2444461,-4.3465762,-12.2250091
1.0780432,1.0780432,1.2885385,-0.1410863,-0.1103222,-0.3462261,-0.0291919,-0.2517831,-1.2248898,-4.2782091,-12.0324438
1.0830432,1.0830432,1.2935385,-0.1388774,-0.1085950,-0.3408049,-0.0287349,-0.2478410,-1.2057064,-4.2111505,-11.8435866
1.0880432,1.0880432,1.2985385,-0.1367105,-0.1069005,-0.3354865,-0.0282865,-0.2439737,-1.1868875,-4.1453702,-11.6583507
1.0930432,1.0930432,1.3035385,-0.1345845,-0.1052381,-0.3302687,-0.0278467,-0.2401795,-1.1684247,-4.0808389,-11.4766519
1.0980432,1.0980432,1.3085385,-0.1324985,-0.1036070,-0.3251492,-0.0274151,-0.2364568,-1.1503100,-4.0175281,-11.2984081
1.1030432,1.1030432,1.3135385,-0.1304517,-0.1020065,-0.3201258,-0.0269916,-0.2328040,-1.1325355,-3.9554101,-11.1235396
1.1080432,1.1080432,1.3185385,-0.1284431,-0.1004359,-0.3151963,-0.0265760,-0.2292194,-1.1150937,-3.8944578,-10.9519691
1.1130432,1.1130432,1.3235385,-0.1264720,-0.0988946,-0.3103586,-0.0261681,-0.2257016,-1.0979770,-3.8346450,-10.7836211
1.1180432,1.1180432,1.3285385,-0.1245374,-0.0973819,-0.3056107,-0.0257679,-0.2222491,-1.0811784,-3.7759462,-10.6184226
1.1230432,1.1230432,1.3335385,-0.1226386,-0.0958971,-0.3009507,-0.0253750,-0.2188604,-1.0646906,-3.7183366,-10.4563022
1.1280432,1.1280432,1.3385385,-0.1207748,-0.0944397,-0.2963766,-0.0249894,-0.2155342,-1.0485070,-3.6617918,-10.2971907
1.1330432,1.1330432,1.3435385,-0.1189452,-0.0930091,-0.2918864,-0.0246108,-0.2122690,-1.0326207,-3.6062884,-10.1410207
1.1380432,1.1380432,1.3485385,-0.1171491,-0.0916046,-0.2874785,-0.0242392,-0.2090636,-1.0170253,-3.5518034,-9.9877267
1.1430432,1.1430432,1.3535385,-0.1153857,-0.0902257,-0.2831509,-0.0238743,-0.2059167,-1.0017145,-3.4983145,-9.8372447
1.1480432,1.1480432,1.3585385,-0.1136543,-0.0888719,-0.2789020,-0.0235161,-0.2028269,-0.9866820,-3.4457999,-9.6895128
1.1530432,1.1530432,1.3635385,-0.1119543,-0.0875426,-0.2747300,-0.0231644,-0.1997930,-0.9719219,-3.3942384,-9.5444705
1.1580432,1.1580432,1.3685385,-0.1102850,-0.0862373,-0.2706333,-0.0228190,-0.1968139,-0.9574283,-3.3436093,-9.4020588
1.1630432,1.1630432,1.3735385,-0.1086457,-0.0849555,-0.2666103,-0.0224798,-0.1938884,-0.9431954,-3.2938926,-9.2622205
1.1680432,1.1680432,1.3785385,-0.1070358,-0.0836966,-0.2626594,-0.0221467,-0.1910153,-0.9292177,-3.2450686,-9.1248997
1.1730432,1.1730432,1.3835385,-0.1054546,-0.0824602,-0.2587790,-0.0218195,-0.1881935,-0.9154898,-3.1971182,-8.9900421
1.1780432,1.1780432,1.3885385,-0.1039016,-0.0812458,-0.2549677,-0.0214982,-0.1854220,-0.9020063,-3.1500228,-8.8575947
1.1830432,1.1830432,1.3935385,-0.1023761,-0.0800529,-0.2512241,-0.0211826,-0.1826996,-0.8887622,-3.1037643,-8.7275059
1.1880432,1.1880432,1.3985385,-0.1008776,-0.0788812,-0.2475466,-0.0208725,-0.1800253,-0.8757522,-3.0583249,-8.5997255
1.1930432,1.1930432,1.4035385,-0.0994054,-0.0777300,-0.2439340,-0.0205679,-0.1773982,-0.8629716,-3.0136874,-8.4742043
1.1980432,1.1980432,1.4085385,-0.0979592,-0.0765991,-0.2403848,-0.0202687,-0.1748172,-0.8504156,-2.9698349,-8.3508947
1.2030432,1.2030432,1.4135385,-0.0965382,-0.0754880,-0.2368977,-0.0199747,-0.1722813,-0.8380794,-2.9267511,-8.2297500
1.2080432,1.2080432,1.4185385,-0.0951421,-0.0743963,-0.2334715,-0.0196858,-0.1697898,-0.8259585,-2.8844199,-8.1107250
1.2130432,1.2130432,1.4235385,-0.0937702,-0.0733236,-0.2301049,-0.0194019,-0.1673415,-0.8140485,-2.8428257,-7.9937753
1.2180432,1.2180432,1.4285385,-0.0924221,-0.0722694,-0.2267966,-0.0191230,-0.1649357,-0.8023449,-2.8019533,-7.8788577
1.2230432,1.2230432,1.4335385,-0.0910973,-0.0712335,-0.2235455,-0.0188489,-0.1625714,-0.7908437,-2.7617878,-7.7659303
1.2280432,1.2280432,1.4385385,-0.0897953,-0.0702154,-0.2203504,-0.0185795,-0.1602479,-0.7795406,-2.7223147,-7.6549518
1.2330432,1.2330432,1.4435385,-0.0885156,-0.0692148,-0.2172102,-0.0183147,-0.1579643,-0.7684315,-2.6835198,-7.5458823
1.2380432,1.2380432,1.4485385,-0.0872579,-0.0682313,-0.2141237,-0.0180545,-0.1557197,-0.7575126,-2.6453894,-7.4386826
1.2430432,1.2430432,1.4535385,-0.0860216,-0.0672646,-0.2110898,-0.0177987,-0.1535134,-0.7467800,-2.6079100,-7.3333147
1.2480432,1.2480432,1.4585385,-0.0848063,-0.0663143,-0.2081076,-0.0175472,-0.1513447,-0.7362300,-2.5710683,-7.2297413
1.2530432,1.2530432,1.4635385,-0.0836117,-0.0653801,-0.2051759,-0.0173000,-0.1492127,-0.7258588,-2.5348516,-7.1279262
1.2580432,1.2580432,1.4685385,-0.0824372,-0.0644617,-0.2022937,-0.0170570,-0.1471167,-0.7156629,-2.4992473,-7.0278337
1.2630432,1.2630432,1.4735385,-0.0812825,-0.0635588,-0.1994601,-0.0168181,-0.1450561,-0.7056388,-2.4642431,-6.9294295
1.2680432,1.2680432,1.4785385,-0.0801472,-0.0626711,-0.1966741,-0.0165832,-0.1430300,-0.6957830,-2.4298270,-6.8326796
1.2730432,1.2730432,1.4835385,-0.0790309,-0.0617982,-0.1939348,-0.0163522,-0.1410379,-0.6860923,-2.3959875,-6.7375511
1.2780432,1.2780432,1.4885385,-0.0779332,-0.0609399,-0.1912412,-0.0161251,-0.1390790,-0.6765634,-2.3627130,-6.6440117
1.2830432,1.2830432,1.4935385,-0.0768538,-0.0600958,-0.1885924,-0.0159018,-0.1371527,-0.6671930,-2.3299924,-6.5520301
1.2880432,1.2880432,1.4985385,-0.0757923,-0.0592658,-0.1859875,-0.0156821,-0.1352584,-0.6579781,-2.2978149,-6.4615755
1.2930432,1.2930432,1.5035385,-0.0747484,-0.0584495,-0.1834257,-0.0154661,-0.1333954,-0.6489157,-2.2661697,-6.3726178
1.2980432,1.2980432,1.5085385,-0.0737217,-0.0576466,-0.1809062,-0.0152537,-0.1315631,-0.6400027,-2.2350465,-6.2851277
1.3030432,1.3030432,1.5135385,-0.0727118,-0.0568570,-0.1784281,-0.0150448,-0.1297610,-0.6312362,-2.2044352,-6.1990767
1.3080432,1.3080432,1.5185385,-0.0717186,-0.0560803,-0.1759906,-0.0148392,-0.1279884,-0.6226134,-2.1743257,-6.1144367
1.3130432,1.3130432,1.5235385,-0.0707415,-0.0553163,-0.1735930,-0.0146371,-0.1262447,-0.6141316,-2.1447084,-6.0311804
1.3180432,1.3180432,1.5285385,-0.0697804,-0.0545647,-0.1712344,-0.0144382,-0.1245295,-0.6057880,-2.1155738,-5.9492810
1.3230432,1.3230432,1.5335385,-0.0688349,-0.0538254,-0.1689142,-0.0142426,-0.1228422,-0.5975799,-2.0869126,-5.8687125
1.3280432,1.3280432,1.5385385,-0.0679047,-0.0530980,-0.1666315,-0.0140501,-0.1211821,-0.5895049,-2.0587158,-5.7894492
1.3330432,1.3330432,1.5435385,-0.0669895,-0.0523824,-0.1643858,-0.0138607,-0.1195489,-0.5815602,-2.0309745,-5.7114663
1.3380432,1.3380432,1.5485385,-0.0660890,-0.0516783,-0.1621762,-0.0136744,-0.1179420,-0.5737436,-2.0036800,-5.6347394
1.3430432,1.3430432,1.5535385,-0.0652031,-0.0509855,-0.1600020,-0.0134911,-0.1163609,-0.5660524,-1.9768238,-5.5592445
1.3480432,1.3480432,1.5585385,-0.0643313,-0.0503038,-0.1578627,-0.0133107,-0.1148052,-0.5584844,-1.9503977,-5.4849583
1.3530432,1.3530432,1.5635385,-0.0634734,-0.0496330,-0.1557576,-0.0131332,-0.1132742,-0.5510373,-1.9243936,-5.4118581
1.3580432,1.3580432,1.5685385,-0.0626292,-0.0489729,-0.1536860,-0.0129586,-0.1117677,-0.5437087,-1.8988035,-5.3399216
1.3630432,1.3630432,1.5735385,-0.0617984,-0.0483232,-0.1516472,-0.0127867,-0.1102850,-0.5364965,-1.8736197,-5.2691268
1.3680432,1.3680432,1.5785385,-0.0609807,-0.0476838,-0.1496408,-0.0126175,-0.1088258,-0.5293985,-1.8488346,-5.1994526
1.3730432,1.3730432,1.5835385,-0.0601760,-0.0470546,-0.1476660,-0.0124510,-0.1073897,-0.5224125,-1.8244408,-5.1308780
1.3780432,1.3780432,1.5885385,-0.0593839,-0.0464352,-0.1457223,-0.0122871,-0.1059762,-0.5155365,-1.8004309,-5.0633825
1.3830432,1.3830432,1.5935385,-0.0586043,-0.0458256,-0.1438091,-0.0121258,-0.1045848,-0.5087685,-1.7767980,-4.9969463
1.3880432,1.3880432,1.5985385,-0.0578368,-0.0452255,-0.1419259,-0.0119670,-0.1032153,-0.5021064,-1.7535350,-4.9315497
1.3930432,1.3930432,1.6035385,-0.0570814,-0.0446348,-0.1400721,-0.0118107,-0.1018671,-0.4955483,-1.7306352,-4.8671737
1.3980432,1.3980432,1.6085385,-0.0563377,-0.0440532,-0.1382471,-0.0116568,-0.1005399,-0.4890923,-1.7080919,-4.8037995
1.4030432,1.4030432,1.6135385,-0.0556056,-0.0434807,-0.1364505,-0.0115053,-0.0992334,-0.4827366,-1.6858986,-4.7414088
1.4080432,1.4080432,1.6185385,-0.0548848,-0.0429171,-0.1346817,-0.0113562,-0.0979470,-0.4764793,-1.6640489,-4.6799837
1.4130432,1.4130432,1.6235385,-0.0541751,-0.0423622,-0.1329402,-0.0112093,-0.0966806,-0.4703186,-1.6425365,-4.6195066
1.4180432,1.4180432,1.6285385,-0.0534763,-0.0418158,-0.1312256,-0.0110647,-0.0954336,-0.4642528,-1.6213554,-4.5599604
1.4230432,1.4230432,1.6335385,-0.0527883,-0.0412778,-0.1295373,-0.0109224,-0.0942058,-0.4582801,-1.6004996,-4.5013282
1.4280432,1.4280432,1.6385385,-0.0521109,-0.0407480,-0.1278748,-0.0107822,-0.0929968,-0.4523990,-1.5799632,-4.4435936
1.4330432,1.4330432,1.6435385,-0.0514437,-0.0402264,-0.1262377,-0.0106442,-0.0918062,-0.4466076,-1.5597405,-4.3867405
1.4380432,1.4380432,1.6485385,-0.0507868,-0.0397127,-0.1246256,-0.0105082,-0.0906338,-0.4409045,-1.5398258,-4.3307530
1.4430432,1.4430432,1.6535385,-0.0501398,-0.0392068,-0.1230380,-0.0103744,-0.0894792,-0.4352881,-1.5202137,-4.2756158
1.4480432,1.4480432,1.6585385,-0.0495026,-0.0387085,-0.1214745,-0.0102425,-0.0883422,-0.4297568,-1.5008988,-4.2213137
1.4530432,1.4530432,1.6635385,-0.0488751,-0.0382178,-0.1199345,-0.0101127,-0.0872223,-0.4243091,-1.4818758,-4.1678318
1.4580432,1.4580432,1.6685385,-0.0482570,-0.0377345,-0.1184178,-0.0099848,-0.0861192,-0.4189435,-1.4631395,-4.1151557
1.4630432,1.4630432,1.6735385,-0.0476482,-0.0372585,-0.1169239,-0.0098588,-0.0850328,-0.4136586,-1.4446849,-4.0632711
1.4680432,1.4680432,1.6785385,-0.0470486,-0.0367896,-0.1154524,-0.0097348,-0.0839627,-0.4084530,-1.4265070,-4.0121641
1.4730432,1.4730432,1.6835385,-0.0464579,-0.0363277,-0.1140030,-0.0096126,-0.0829086,-0.4033252,-1.4086010,-3.9618211
1.4780432,1.4780432,1.6885385,-0.0458760,-0.0358727,-0.1125751,-0.0094922,-0.0818702,-0.3982740,-1.3909621,-3.9122287
1.4830432,1.4830432,1.6935385,-0.0453028,-0.0354245,-0.1111685,-0.0093736,-0.0808472,-0.3932979,-1.3735857,-3.8633738
1.4880432,1.4880432,1.6985385,-0.0447381,-0.0349829,-0.1097828,-0.0092567,-0.0798395,-0.3883956,-1.3564671,-3.8152436
1.4930432,1.4930432,1.7035385,-0.0441818,-0.0345479,-0.1084176,-0.0091416,-0.0788466,-0.3835660,-1.3396019,-3.7678255
1.4980432,1.4980432,1.7085385,-0.0436336,-0.0341193,-0.1070725,-0.0090282,-0.0778685,-0.3788077,-1.3229858,-3.7211071
1.5030432,1.5030432,1.7135385,-0.0430936,-0.0336970,-0.1057473,-0.0089164,-0.0769047,-0.3741194,-1.3066144,-3.6750765
1.5080432,1.5080432,1.7185385,-0.0425615,-0.0332809,-0.1044416,-0.0088063,-0.0759551,-0.3695001,-1.2904834,-3.6297217
1.5130432,1.5130432,1.7235385,-0.0420372,-0.0328709,-0.1031550,-0.0086979,-0.0750194,-0.3649484,-1.2745889,-3.5850313
1.5180432,1.5180432,1.7285385,-0.0415205,-0.0324669,-0.1018872,-0.0085910,-0.0740974,-0.3604633,-1.2589267,-3.5409937
1.5230432,1.5230432,1.7335385,-0.0410114,-0.0320688,-0.1006378,-0.0084856,-0.0731888,-0.3560437,-1.2434929,-3.4975979
1.5280432,1.5280432,1.7385385,-0.0405097,-0.0316765,-0.0994067,-0.0083818,-0.0722935,-0.3516883,-1.2282835,-3.4548329
1.5330432,1.5330432,1.7435385,-0.0400153,-0.0312899,-0.0981934,-0.0082795,-0.0714112,-0.3473961,-1.2132948,-3.4126881
1.5380432,1.5380432,1.7485385,-0.0395280,-0.0309089,-0.0969977,-0.0081787,-0.0705416,-0.3431660,-1.1985230,-3.3711529
1.5430432,1.5430432,1.7535385,-0.0390478,-0.0305334,-0.0958193,-0.0080793,-0.0696846,-0.3389970,-1.1839645,-3.3302170
1.5480432,1.5480432,1.7585385,-0.0385745,-0.0301633,-0.0946578,-0.0079814,-0.0688399,-0.3348881,-1.1696157,-3.2898704
1.5530432,1.5530432,1.7635385,-0.0381080,-0.0297985,-0.0935131,-0.0078849,-0.0680074,-0.3308382,-1.1554730,-3.2501032
1.5580432,1.5580432,1.7685385,-0.0376481,-0.0294389,-0.0923847,-0.0077897,-0.0671868,-0.3268464,-1.1415330,-3.2109056
1.5630432,1.5630432,1.7735385,-0.0371949,-0.0290845,-0.0912725,-0.0076959,-0.0663779,-0.3229116,-1.1277923,-3.1722681
1.5680432,1.5680432,1.7785385,-0.0367481,-0.0287351,-0.0901761,-0.0076035,-0.0655806,-0.3190330,-1.1142476,-3.1341814
1.5730432,1.5730432,1.7835385,-0.0363077,-0.0283907,-0.0890954,-0.0075124,-0.0647946,-0.3152096,-1.1008956,-3.0966364
1.5780432,1.5780432,1.7885385,-0.0358735,-0.0280512,-0.0880300,-0.0074225,-0.0640198,-0.3114405,-1.0877331,-3.0596240
1.5830432,1.5830432,1.7935385,-0.0354455,-0.0277166,-0.0869796,-0.0073340,-0.0632560,-0.3077247,-1.0747571,-3.0231355
1.5880432,1.5880432,1.7985385,-0.0350235,-0.0273866,-0.0859442,-0.0072467,-0.0625029,-0.3040614,-1.0619643,-2.9871622
1.5930432,1.5930432,1.8035385,-0.0346075,-0.0270613,-0.0849233,-0.0071606,-0.0617605,-0.3004498,-1.0493518,-2.9516956
1.5980432,1.5980432,1.8085385,-0.0341973,-0.0267406,-0.0839168,-0.0070757,-0.0610285,-0.2968890,-1.0369167,-2.9167275
1.6030432,1.6030432,1.8135385,-0.0337929,-0.0264243,-0.0829244,-0.0069920,-0.0603068,-0.2933781,-1.0246560,-2.8822496
1.6080432,1.6080432,1.8185385,-0.0333942,-0.0261125,-0.0819459,-0.0069095,-0.0595952,-0.2899164,-1.0125668,-2.8482539
1.6130432,1.6130432,1.8235385,-0.0330010,-0.0258051,-0.0809810,-0.0068282,-0.0588935,-0.2865030,-1.0006465,-2.8147327
1.6180432,1.6180432,1.8285385,-0.0326133,-0.0255019,-0.0800296,-0.0067480,-0.0582016,-0.2831372,-0.9888922,-2.7816782
1.6230432,1.6230432,1.8335385,-0.0322309,-0.0252029,-0.0790914,-0.0066689,-0.0575193,-0.2798181,-0.9773012,-2.7490828
1.6280432,1.6280432,1.8385385,-0.0318539,-0.0249081,-0.0781663,-0.0065908,-0.0568465,-0.2765451,-0.9658710,-2.7169391
1.6330432,1.6330432,1.8435385,-0.0314821,-0.0246174,-0.0772539,-0.0065139,-0.0561830,-0.2733174,-0.9545988,-2.6852399
1.6380432,1.6380432,1.8485385,-0.0311154,-0.0243307,-0.0763541,-0.0064381,-0.0555286,-0.2701342,-0.9434823,-2.6539779
1.6430432,1.6430432,1.8535385,-0.0307538,-0.0240479,-0.0754668,-0.0063632,-0.0548833,-0.2669948,-0.9325188,-2.6231462
1.6480432,1.6480432,1.8585385,-0.0303972,-0.0237690,-0.0745916,-0.0062894,-0.0542468,-0.2638986,-0.9217059,-2.5927379
1.6530432,1.6530432,1.8635385,-0.0300454,-0.0234940,-0.0737284,-0.0062167,-0.0536190,-0.2608448,-0.9110412,-2.5627462
1.6580432,1.6580432,1.8685385,-0.0296985,-0.0232227,-0.0728770,-0.0061449,-0.0529999,-0.2578329,-0.9005224,-2.5331645
1.6630432,1.6630432,1.8735385,-0.0293563,-0.0229551,-0.0720373,-0.0060741,-0.0523892,-0.2548620,-0.8901471,-2.5039862
1.6680432,1.6680432,1.8785385,-0.0290187,-0.0226911,-0.0712090,-0.0060042,-0.0517868,-0.2519315,-0.8799131,-2.4752050
1.6730432,1.6730432,1.8835385,-0.0286857,-0.0224308,-0.0703919,-0.0059353,-0.0511925,-0.2490409,-0.8698180,-2.4468146
1.6780432,1.6780432,1.8885385,-0.0283573,-0.0221739,-0.0695859,-0.0058674,-0.0506064,-0.2461895,-0.8598598,-2.4188088
1.6830432,1.6830432,1.8935385,-0.0280333,-0.0219206,-0.0687908,-0.0058003,-0.0500282,-0.2433766,-0.8500363,-2.3911816
1.6880432,1.6880432,1.8985385,-0.0277136,-0.0216706,-0.0680064,-0.0057342,-0.0494577,-0.2406017,-0.8403453,-2.3639270
1.6930432,1.6930432,1.9035385,-0.0273983,-0.0214241,-0.0672327,-0.0056689,-0.0488950,-0.2378641,-0.8307848,-2.3370391
1.6980432,1.6980432,1.9085385,-0.0270872,-0.0211808,-0.0664693,-0.0056046,-0.0483398,-0.2351634,-0.8213528,-2.3105124
1.7030432,1.7030432,1.9135385,-0.0267803,-0.0209408,-0.0657161,-0.0055411,-0.0477921,-0.2324988,-0.8120471,-2.2843410
1.7080432,1.7080432,1.9185385,-0.0264775,-0.0207040,-0.0649730,-0.0054784,-0.0472517,-0.2298699,-0.8028659,-2.2585196
1.7130432,1.7130432,1.9235385,-0.0261787,-0.0204704,-0.0642398,-0.0054166,-0.0467185,-0.2272761,-0.7938073,-2.2330426
1.7180432,1.7180432,1.9285385,-0.0258839,-0.0202399,-0.0635164,-0.0053556,-0.0461924,-0.2247168,-0.7848692,-2.2079047
1.7230432,1.7230432,1.9335385,-0.0255930,-0.0200124,-0.0628026,-0.0052954,-0.0456733,-0.2221915,-0.7760500,-2.1831008
1.7280432,1.7280432,1.9385385,-0.0253060,-0.0197880,-0.0620983,-0.0052360,-0.0451611,-0.2196998,-0.7673477,-2.1586255
1.7330432,1.7330432,1.9435385,-0.0250228,-0.0195665,-0.0614033,-0.0051774,-0.0446556,-0.2172410,-0.7587605,-2.1344740
1.7380432,1.7380432,1.9485385,-0.0247433,-0.0193480,-0.0607175,-0.0051196,-0.0441569,-0.2148146,-0.7502866,-2.1106412
1.7430432,1.7430432,1.9535385,-0.0244675,-0.0191323,-0.0600407,-0.0050625,-0.0436647,-0.2124203,-0.7419245,-2.0871222
1.7480432,1.7480432,1.9585385,-0.0241953,-0.0189195,-0.0593728,-0.0050062,-0.0431789,-0.2100574,-0.7336722,-2.0639123
1.7530432,1.7530432,1.9635385,-0.0239267,-0.0187094,-0.0587137,-0.0049506,-0.0426996,-0.2077255,-0.7255282,-2.0410067
1.7580432,1.7580432,1.9685385,-0.0236616,-0.0185021,-0.0580632,-0.0048958,-0.0422265,-0.2054241,-0.7174907,-2.0184008
1.7630432,1.7630432,1.9735385,-0.0234000,-0.0182976,-0.0574212,-0.0048417,-0.0417596,-0.2031528,-0.7095583,-1.9960901
1.7680432,1.7680432,1.9785385,-0.0231418,-0.0180957,-0.0567876,-0.0047882,-0.0412988,-0.2009111,-0.7017293,-1.9740701
1.7730432,1.7730432,1.9835385,-0.0228869,-0.0178964,-0.0561622,-0.0047355,-0.0408440,-0.1986986,-0.6940020,-1.9523364
1.7780432,1.7780432,1.9885385,-0.0226354,-0.0176997,-0.0555449,-0.0046834,-0.0403951,-0.1965148,-0.6863751,-1.9308847
1.7830432,1.7830432,1.9935385,-0.0223871,-0.0175055,-0.0549356,-0.0046321,-0.0399520,-0.1943593,-0.6788470,-1.9097108
1.7880432,1.7880432,1.9985385,-0.0221420,-0.0173139,-0.0543342,-0.0045814,-0.0395146,-0.1922316,-0.6714162,-1.8888104
1.7930432,1.7930432,2.0035385,-0.0219001,-0.0171247,-0.0537406,-0.0045313,-0.0390829,-0.1901314,-0.6640812,-1.8681796
1.7980432,1.7980432,2.0085385,-0.0216613,-0.0169380,-0.0531546,-0.0044819,-0.0386567,-0.1880582,-0.6568406,-1.8478141
1.8030432,1.8030432,2.0135385,-0.0214255,-0.0167537,-0.0525761,-0.0044331,-0.0382361,-0.1860117,-0.6496931,-1.8277102
1.8080432,1.8080432,2.0185385,-0.0211928,-0.0165717,-0.0520051,-0.0043850,-0.0378208,-0.1839914,-0.6426371,-1.8078640
1.8130432,1.8130432,2.0235385,-0.0209631,-0.0163921,-0.0514413,-0.0043374,-0.0374108,-0.1819969,-0.6356714,-1.7882715
1.8180432,1.8180432,2.0285385,-0.0207363,-0.0162147,-0.0508848,-0.0042905,-0.0370060,-0.1800279,-0.6287947,-1.7689290
1.8230432,1.8230432,2.0335385,-0.0205124,-0.0160396,-0.0503353,-0.0042442,-0.0366064,-0.1780840,-0.6220056,-1.7498329
1.8280432,1.8280432,2.0385385,-0.0202913,-0.0158668,-0.0497929,-0.0041984,-0.0362119,-0.1761649,-0.6153027,-1.7309796
1.8330432,1.8330432,2.0435385,-0.0200731,-0.0156961,-0.0492573,-0.0041533,-0.0358224,-0.1742700,-0.6086849,-1.7123653
1.8380432,1.8380432,2.0485385,-0.0198576,-0.0155276,-0.0487285,-0.0041087,-0.0354378,-0.1723992,-0.6021510,-1.6939867
1.8430432,1.8430432,2.0535385,-0.0196448,-0.0153612,-0.0482064,-0.0040647,-0.0350581,-0.1705520,-0.5956996,-1.6758403
1.8480432,1.8480432,2.0585385,-0.0194347,-0.0151969,-0.0476908,-0.0040212,-0.0346832,-0.1687281,-0.5893295,-1.6579226
1.8530432,1.8530432,2.0635385,-0.0192273,-0.0150347,-0.0471818,-0.0039783,-0.0343130,-0.1669272,-0.5830396,-1.6402304
1.8580432,1.8580432,2.0685385,-0.0190224,-0.0148746,-0.0466791,-0.0039359,-0.0339475,-0.1651489,-0.5768288,-1.6227604
1.8630432,1.8630432,2.0735385,-0.0188202,-0.0147164,-0.0461828,-0.0038940,-0.0335865,-0.1633929,-0.5706957,-1.6055093
1.8680432,1.8680432,2.0785385,-0.0186204,-0.0145602,-0.0456927,-0.0038527,-0.0332301,-0.1616588,-0.5646395,-1.5884740
1.8730432,1.8730432,2.0835385,-0.0184232,-0.0144060,-0.0452087,-0.0038119,-0.0328781,-0.1599464,-0.5586588,-1.5716513
1.8780432,1.8780432,2.0885385,-0.0182284,-0.0142537,-0.0447307,-0.0037716,-0.0325304,-0.1582554,-0.5527527,-1.5550382
1.8830432,1.8830432,2.0935385,-0.0180360,-0.0141032,-0.0442586,-0.0037318,-0.0321872,-0.1565854,-0.5469200,-1.5386316
1.8880432,1.8880432,2.0985385,-0.0178461,-0.0139547,-0.0437925,-0.0036925,-0.0318481,-0.1549361,-0.5411597,-1.5224286
1.8930432,1.8930432,2.1035385,-0.0176584,-0.0138080,-0.0433321,-0.0036537,-0.0315133,-0.1533072,-0.5354708,-1.5064263
1.8980432,1.8980432,2.1085385,-0.0174731,-0.0136631,-0.0428774,-0.0036153,-0.0311826,-0.1516985,-0.5298522,-1.4906218
1.9030432,1.9030432,2.1135385,-0.0172901,-0.0135200,-0.0424283,-0.0035775,-0.0308560,-0.1501097,-0.5243029,-1.4750123
1.9080432,1.9080432,2.1185385,-0.0171094,-0.0133786,-0.0419847,-0.0035401,-0.0305334,-0.1485404,-0.5188220,-1.4595949
1.9130432,1.9130432,2.1235385,-0.0169308,-0.0132390,-0.0415466,-0.0035031,-0.0302148,-0.1469904,-0.5134084,-1.4443670
1.9180432,1.9180432,2.1285385,-0.0167545,-0.0131011,-0.0411138,-0.0034666,-0.0299001,-0.1454594,-0.5080613,-1.4293259
1.9230432,1.9230432,2.1335385,-0.0165803,-0.0129649,-0.0406864,-0.0034306,-0.0295892,-0.1439472,-0.5027796,-1.4144688
1.9280432,1.9280432,2.1385385,-0.0164082,-0.0128304,-0.0402642,-0.0033950,-0.0292822,-0.1424534,-0.4975625,-1.3997933
1.9330432,1.9330432,2.1435385,-0.0162383,-0.0126975,-0.0398471,-0.0033598,-0.0289789,-0.1409779,-0.4924090,-1.3852968
1.9380432,1.9380432,2.1485385,-0.0160704,-0.0125662,-0.0394351,-0.0033251,-0.0286793,-0.1395203,-0.4873182,-1.3709766
1.9430432,1.9430432,2.1535385,-0.0159045,-0.0124365,-0.0390282,-0.0032908,-0.0283833,-0.1380805,-0.4822893,-1.3568305
1.9480432,1.9480432,2.1585385,-0.0157407,-0.0123084,-0.0386261,-0.0032569,-0.0280909,-0.1366581,-0.4773214,-1.3428558
1.9530432,1.9530432,2.1635385,-0.0155789,-0.0121819,-0.0382289,-0.0032234,-0.0278021,-0.1352529,-0.4724136,-1.3290502
1.9580432,1.9580432,2.1685385,-0.0154190,-0.0120568,-0.0378366,-0.0031903,-0.0275167,-0.1338647,-0.4675651,-1.3154114
1.9630432,1.9630432,2.1735385,-0.0152610,-0.0119333,-0.0374489,-0.0031576,-0.0272348,-0.1324933,-0.4627751,-1.3019370
1.9680432,1.9680432,2.1785385,-0.0151049,-0.0118113,-0.0370659,-0.0031253,-0.0269563,-0.1311383,-0.4580427,-1.2886248
1.9730432,1.9730432,2.1835385,-0.0149507,-0.0116907,-0.0366876,-0.0030934,-0.0266811,-0.1297996,-0.4533671,-1.2754724
1.9780432,1.9780432,2.1885385,-0.0147984,-0.0115716,-0.0363137,-0.0030619,-0.0264092,-0.1284770,-0.4487477,-1.2624777
1.9830432,1.9830432,2.1935385,-0.0146479,-0.0114539,-0.0359444,-0.0030308,-0.0261406,-0.1271702,-0.4441835,-1.2496385
1.9880432,1.9880432,2.1985385,-0.0144991,-0.0113376,-0.0355794,-0.0030000,-0.0258752,-0.1258790,-0.4396738,-1.2369526
1.9930432,1.9930432,2.2035385,-0.0143522,-0.0112227,-0.0352188,-0.0029696,-0.0256129,-0.1246033,-0.4352179,-1.2244179
1.9980432,1.9980432,2.2085385,-0.0142070,-0.0111091,-0.0348625,-0.0029395,-0.0253538,-0.1233427,-0.4308150,-1.2120324
