# r[nm],d[nm],daligned[nm],UC(d)[kJ/mol],UK(d)[kJ/mol],UCl(d)[kJ/mol],UC2A(d)[kJ/mol],UC4A(d)[kJ/mol],UC6A(d)[kJ/mol],UC8A(d)[kJ/mol],UC10A(d)[kJ/mol]
-0.9175600,-0.9175600,-0.9106453,25956.6303031,15569.3113015,120881.3162411,913.5871835,84353.4609765,2036835.3973595,24941784.8652935,197631398.5757742
-0.9125600,-0.9125600,-0.9056453,26429.2062493,15855.8049924,123045.4354331,933.0799057,85864.8304782,2072756.5328754,25380386.6625850,201104169.9930607
-0.9075600,-0.9075600,-0.9006453,27855.0194012,16720.2055778,129574.6026222,991.9084362,90424.6531563,2181127.6615817,26703604.7184624,211581160.6509293
-0.9025600,-0.9025600,-0.8956453,30245.9878514,18169.7907747,140522.7604318,1090.6138782,98070.6224354,2362834.5722067,28922232.0121844,229147781.1901563
-0.8975600,-0.8975600,-0.8906453,33618.7737005,20214.7451676,155965.2028414,1229.9621173,108855.3554687,2619111.8237184,32051306.7580415,253923028.0785449
-0.8925600,-0.8925600,-0.8856453,37753.6624239,22719.7471767,174921.4384931,1398.8895903,122093.2445393,2934071.8143764,35897753.3240387,284380032.1476124
-0.8875600,-0.8875600,-0.8806453,39909.8872017,24027.2867328,184791.4031782,1488.1622049,128986.3361817,3097834.0010142,37897159.0362112,300210661.5572730
-0.8825600,-0.8825600,-0.8756453,42136.8230488,25380.8974794,194946.4319277,1583.3717066,136079.8016428,3265743.5238964,39945824.4818421,316428498.8062828
-0.8775600,-0.8775600,-0.8706453,38752.8549631,23328.7802942,179457.4228716,1443.2004782,125262.3928380,3008763.3205290,36808331.8657514,291586938.7183864
-0.8725600,-0.8725600,-0.8656453,36505.0980909,21967.3809213,169148.5720018,1351.6895693,118063.4510070,2837418.8882824,34715643.6613473,275016278.7151012
-0.8675600,-0.8675600,-0.8606453,32454.8774161,19524.5793512,150448.5575670,1196.5041138,105008.8848518,2524728.8549884,30892231.0048866,244732076.0385783
-0.8625600,-0.8625600,-0.8556453,26655.8084455,16010.0370554,123879.2240918,958.3197475,86453.9266318,2083521.4625126,25504567.1275668,202072558.8984741
-0.8575600,-0.8575600,-0.8506453,21729.3191995,13035.6476664,101170.7729328,766.6505795,70599.8181275,1704363.0777687,20869722.2685289,165363896.9019019
-0.8525600,-0.8525600,-0.8456453,16617.2204816,9938.9388426,77730.8374535,558.0898385,54230.9079756,1314849.8974926,16112663.2870024,127696194.6263659
-0.8475600,-0.8475600,-0.8406453,13158.5057759,7844.2669892,61866.1507819,417.4372495,43152.2476972,1051130.6608304,12891697.5615966,102191278.1942030
-0.8425600,-0.8425600,-0.8356453,10867.2204031,6457.3713680,51347.1699168,324.9722471,35806.9159396,876135.6129032,10754050.4811821,85263855.6179641
-0.8375600,-0.8375600,-0.8306453,9354.9878946,5542.5506182,44398.4155970,264.4369737,30954.8582316,760440.5375820,9340557.3027330,74070346.5680895
-0.8325600,-0.8325600,-0.8256453,8369.7553208,4946.8760982,39867.1397460,225.3174436,27790.9724684,684934.2481127,8417921.5318014,66763660.3385186
-0.8275600,-0.8275600,-0.8206453,7748.6572087,4571.5573880,37008.1812331,200.8438506,25794.8335688,637258.2392193,7835267.9298373,62149242.0412880
-0.8225600,-0.8225600,-0.8156453,7389.1724834,4354.4221401,35352.2975350,199.7603866,24638.7255676,609627.4605613,7497548.6785468,59474537.6070418
-0.8175600,-0.8175600,-0.8106453,7231.8163662,4259.4035129,34627.1425190,193.6601244,24132.4464174,597522.2652876,7349580.3980287,58302619.1012369
-0.8125600,-0.8125600,-0.8056453,7250.4693980,4270.6666432,34713.1074131,194.3828854,24192.4640911,598957.3714996,7367122.6397674,58441555.1568533
-0.8075600,-0.8075600,-0.8006453,7448.2307766,4390.0903468,35624.3851622,202.0556966,24828.6905899,614168.3675599,7553051.9846379,59914122.0648072
-0.8025600,-0.8025600,-0.7956453,7857.9069565,4637.5638447,37511.2016606,205.1380913,26146.0403917,645648.6526656,7937812.8689268,62961372.8780137
-0.7975600,-0.7975600,-0.7906453,8547.2396992,5054.1618209,40683.6892392,232.3440118,28361.1053924,698544.6771903,8584241.1034022,68080824.2372608
-0.7925600,-0.7925600,-0.7856453,9629.9978156,5708.8809223,45662.5320101,275.4116350,31837.5293562,781494.3434064,9597795.5761885,76107458.3842667
-0.7875600,-0.7875600,-0.7806453,11285.3695443,6710.4184768,53267.5015992,341.7948125,37147.8481694,908092.4959680,11144442.4735708,88355307.6002071
-0.7825600,-0.7825600,-0.7756453,13790.0572198,8226.6681481,64763.9644584,443.0446346,45175.8226518,1099315.6769516,13480245.2179455,106851708.0641541
-0.7775600,-0.7775600,-0.7706453,17570.6663535,10516.5461850,82101.9948741,597.0325674,57283.4560145,1387479.0095569,16999650.1217875,134719558.9961029
-0.7725600,-0.7725600,-0.7656453,23121.8526122,13879.6439269,107550.3071019,823.8906146,75055.0483588,1810292.2679225,22163222.5120108,175605788.7988817
-0.7675600,-0.7675600,-0.7606453,27743.9218630,16668.6873708,128874.3092658,1002.2433687,89941.9699919,2166615.8536745,26519593.8273322,210110246.7671485
-0.7625600,-0.7625600,-0.7556453,34069.3874669,20503.5504431,157839.7259687,1263.2811559,110170.7793784,2647375.9561541,32389685.1034677,256588482.5117895
-0.7575600,-0.7575600,-0.7506453,36875.7042080,22191.9568852,170846.9355410,1366.8822619,119249.5076046,2865627.3630249,35060115.7974345,277743835.9610524
-0.7525600,-0.7525600,-0.7456453,39291.4463215,23655.3310032,181923.4189769,1465.4500755,126984.6005074,3049688.6051064,37308019.5024026,295543345.3417120
-0.7475600,-0.7475600,-0.7406453,42305.0677427,25480.0383346,195751.4361160,1587.6192079,136640.8459211,3279626.2336846,40116564.1445644,317782900.7923325
-0.7425600,-0.7425600,-0.7356453,39381.1442483,23706.6203614,182371.5490191,1466.2376157,127296.3182138,3057690.3161082,37407051.9386449,296330187.8343087
-0.7375600,-0.7375600,-0.7306453,36955.6899369,22238.0974314,171241.6488088,1367.9660195,119524.2183568,2872607.6256498,35146357.8689842,278428755.5131518
-0.7325600,-0.7325600,-0.7256453,32806.3286071,19722.1564250,152245.3283453,1196.4002672,106257.4618696,2557377.2070177,31297541.9206174,247954898.4512002
-0.7275600,-0.7275600,-0.7206453,29647.1193579,17806.7231062,137780.4238747,1065.9018861,96155.4353753,2317317.8255051,28366471.0970309,224747373.9339553
-0.7225600,-0.7225600,-0.7156453,27465.9394041,16484.3421602,127792.7026426,975.8708845,89180.2212520,2151548.6359545,26342435.8266233,208721478.8625762
-0.7175600,-0.7175600,-0.7106453,26246.8102468,15745.2496472,122209.9259292,925.5754373,85281.3385752,2058884.6577536,25211000.5746051,199762983.2001684
-0.7125600,-0.7125600,-0.7056453,25979.2841566,15583.0664926,120984.7967885,914.5419275,84425.7380282,2038549.0877801,24962699.9668945,197796981.6606297
-0.7075600,-0.7075600,-0.7006453,26660.9207842,15996.3031247,124106.2624991,942.6601375,86605.6965642,2090360.3166320,25595320.8955624,202805960.1781929
-0.7025600,-0.7025600,-0.6956453,28297.8328899,16988.6910205,131602.0051715,1010.2064232,91840.5570709,2214773.1405937,27114405.4191964,214833777.1634686
-0.6975600,-0.6975600,-0.6906453,30903.2974597,18568.3389156,143532.1031960,1117.7847323,100172.3009529,2412773.8786730,29531970.9014791,233975531.3689240
-0.6925600,-0.6925600,-0.6856453,34494.4430850,20745.7202286,159973.9138732,1266.1858768,111654.9887692,2685630.2381604,32863457.7051643,260353398.0913855
-0.6875600,-0.6875600,-0.6806453,38155.9955540,22963.7530368,176762.7249624,1415.5755186,123379.1940653,2964616.8888152,36270671.3309437,287332646.3108516
-0.6825600,-0.6825600,-0.6756453,40510.6640612,24391.6941987,187540.2667665,1513.1253264,130906.1553123,3143425.7309490,38453756.7390816,304617533.2513851
-0.6775600,-0.6775600,-0.6706453,41189.9887334,24806.6632294,190613.2340128,1544.1029253,133053.5075117,3193860.3217510,39068218.8521157,309479972.6296403
-0.6725600,-0.6725600,-0.6656453,38226.7915740,23010.3919886,177041.9329849,1422.0026441,123575.6863549,2968572.8582791,36317372.0853478,287699137.8137947
-0.6675600,-0.6675600,-0.6606453,36210.4621145,21788.9373558,167797.1829537,1339.7024911,117119.7439642,2814955.7383453,34441289.7990402,272843838.2662264
-0.6625600,-0.6625600,-0.6556453,30964.2702752,18620.8709743,143623.0009787,1134.9773417,100242.0598855,2411443.0651794,29509015.9992565,233780064.0989694
-0.6575600,-0.6575600,-0.6506453,25636.8599442,15392.5330518,119210.3587001,916.4993911,83193.3912188,2005984.8527074,24557739.4076467,194575549.2412248
-0.6525600,-0.6525600,-0.6456453,20434.9957291,12251.3041502,95239.6020976,713.5690681,66457.7602262,1605855.2344954,19666788.5006505,155838993.8132634
-0.6475600,-0.6475600,-0.6406453,15730.3303490,9401.7520423,73663.5963663,521.9601724,51390.6368872,1247252.2273372,15287080.0534221,121158949.7690742
-0.6425600,-0.6425600,-0.6356453,12571.6086780,7488.9879599,59172.2113518,393.7197944,41271.0742261,1006320.3584694,12344333.6595347,97856889.1192059
-0.6375600,-0.6375600,-0.6306453,10479.7052359,6222.9349397,49566.6497170,309.4502134,34563.6405358,846492.2429575,10391889.9092827,82395900.5045937
-0.6325600,-0.6325600,-0.6256453,9101.6111662,5389.3678744,43232.9710321,254.3854527,30141.1103669,741018.5743163,9103229.9624157,72190857.2010148
-0.6275600,-0.6275600,-0.6206453,8208.1914592,4849.2711247,39123.1445714,218.9750168,27271.5215026,672522.8004812,8266229.1388022,65562286.1983473
-0.6225600,-0.6225600,-0.6156453,7651.8650842,4513.1303217,36561.8815449,209.9528786,25483.2500934,629804.3619125,7744146.5474992,61427537.0314331
-0.6175600,-0.6175600,-0.6106453,7340.7615367,4325.2345775,35128.6562149,197.8545848,24482.6047068,605885.9812701,7451795.3715108,59112129.1761862
-0.6125600,-0.6125600,-0.6056453,7223.3553708,4254.3439927,34587.5510694,193.3061917,24104.8248607,596852.3641547,7341370.7265444,58237554.8327892
-0.6075600,-0.6075600,-0.6006453,7280.1445123,4288.6356640,34849.2580688,195.5081813,24287.5399405,601221.1303621,7394772.5536233,58660500.9343837
-0.6025600,-0.6025600,-0.5956453,7520.5637951,4433.8292628,35956.9842427,204.8473095,25060.9246753,619709.4677263,7620757.8482194,60450303.8982580
-0.5975600,-0.5975600,-0.5906453,7984.4735690,4714.0910677,38093.2495176,210.1679389,26552.4472176,655346.6775734,8056314.1742667,63899823.4743363
-0.5925600,-0.5925600,-0.5856453,8748.5410090,5175.9094444,41609.0260499,240.3748136,29007.2221386,713956.5879803,8772547.0276175,69572051.7810408
-0.5875600,-0.5875600,-0.5806453,9938.8913691,5895.7786195,47081.5029825,287.8082777,32828.3576490,805113.7908819,9886349.5451971,78392499.5787285
-0.5825600,-0.5825600,-0.5756453,11752.8262308,6993.3903501,55413.2379714,360.6819761,38646.2108484,943784.8062433,11580430.4670424,91807751.8997839
-0.5775600,-0.5775600,-0.5706453,14494.5798433,8653.3542681,67995.3742166,471.7062601,47432.3921609,1153029.3101069,14136277.7602447,112046429.8896450
-0.5725600,-0.5725600,-0.5656453,18631.1116367,11158.7024534,86966.9960133,639.8119849,60680.7644597,1468363.2314534,17987570.0029422,142542373.7039857
-0.5675600,-0.5675600,-0.5606453,24235.0591775,14543.1359955,112785.7553206,859.0820927,78706.7734028,1899267.9222420,23254527.0989904,184256567.3886216
-0.5625600,-0.5625600,-0.5556453,28904.0503549,17371.9582094,134187.5413224,1050.0653713,93652.5876193,2254815.4989677,27596541.9028647,218637369.4780100
-0.5575600,-0.5575600,-0.5506453,35885.2238212,21594.2990231,166150.5809439,1326.7588101,115975.0368370,2785254.2605997,34073033.4027149,269916601.1182099
-0.5525600,-0.5525600,-0.5456453,37339.1153704,22472.8892826,172969.1489291,1385.9920075,120731.6089701,2900853.8825054,35490238.5025165,281149476.0511696
-0.5475600,-0.5475600,-0.5406453,39945.2507745,24051.8544488,184915.4973254,1492.5708797,129074.2624001,3099323.0600549,37913992.9283034,300341192.9210523
-0.5425600,-0.5425600,-0.5356453,41564.3178812,25030.8256241,192360.9525137,1556.9313118,134272.9554702,3223375.1310251,39429791.7996360,312345283.7153686
-0.5375600,-0.5375600,-0.5306453,38904.4161032,23417.5767795,180188.8103872,1446.5428242,125771.9321629,3021466.0844924,36964763.3691422,292828253.9859843
-0.5325600,-0.5325600,-0.5256453,35958.4788010,21633.5109162,166675.4793847,1326.7966452,116335.2983047,2796823.1366873,34221035.9949054,271102254.8546888
-0.5275600,-0.5275600,-0.5206453,32026.9948261,19249.7210539,148676.1161320,1164.2796316,103764.8195046,2498128.7625186,30574099.1059783,242226782.7402005
-0.5225600,-0.5225600,-0.5156453,29084.4767793,17465.6945188,135203.0426670,1042.7572390,94355.4804873,2274524.9472029,27843935.5755966,220609971.1578445
-0.5175600,-0.5175600,-0.5106453,27116.1931985,16272.4004205,126190.0086104,961.5274402,88060.9731874,2124930.2940723,26017384.5286628,206147702.8201292
-0.5125600,-0.5125600,-0.5056453,26107.0719604,15660.6309138,121568.8458858,919.9020331,84833.6621891,2048226.1824945,25080817.8451640,198732134.8299114
-0.5075600,-0.5075600,-0.5006453,26048.2814727,15624.9942317,121299.5672561,917.4811741,84645.6061447,2043755.7637308,25026231.5609116,198299926.4411275
-0.5025600,-0.5025600,-0.4956453,26939.2835912,16165.1619047,125379.7352649,954.2405676,87495.1018950,2111478.9856548,25853137.5929045,204847215.0598011
-0.4975600,-0.4975600,-0.4906453,28787.9536122,17285.9416593,133845.0098562,1030.5365604,93407.0669757,2251981.6541992,27568674.3141440,218430491.6195764
-0.4925600,-0.4925600,-0.4856453,31608.7665378,18996.1755139,146760.8709623,1147.0291149,102427.2579227,2466338.4692346,30185935.2155879,239153369.2924314
-0.4875600,-0.4875600,-0.4806453,35417.7380174,21305.6698021,164199.4870456,1304.4703239,114606.1146078,2755729.6206060,33719288.7768542,267129529.6784180
-0.4825600,-0.4825600,-0.4756453,38621.0151699,23245.8774582,178889.6801247,1434.9561210,124864.6944494,2999882.5491513,36701178.5195682,290741139.5828661
-0.4775600,-0.4775600,-0.4706453,41165.8876479,24789.2209903,190537.1139264,1540.4395000,132999.2053021,3193113.2557205,39060316.5556889,309419897.7835394
-0.4725600,-0.4725600,-0.4656453,40358.0713609,24302.2548858,186804.3664763,1509.7239730,130393.4573332,3130651.2456767,38296457.0278453,303369359.0455050
-0.4675600,-0.4675600,-0.4606453,37638.5525591,22654.4775854,174339.6933629,1398.3977967,121688.7880680,2923592.2912840,35767852.4973609,283347523.4622997
-0.4625600,-0.4625600,-0.4556453,35980.7183296,21649.9736197,166741.2720844,1330.5237746,116382.4482041,2797371.6040566,34226449.1927575,271142490.1889154
-0.4575600,-0.4575600,-0.4506453,29609.6952831,17799.7999756,137418.3414613,1079.2213698,95908.9230427,2308432.3262407,28251187.7263135,223820692.8333969
-0.4525600,-0.4525600,-0.4456453,24713.9826230,14833.4366920,114979.4393993,878.7978932,80238.7737487,1935687.2857519,23699230.0251359,187777682.6642571
-0.4475600,-0.4475600,-0.4406453,19254.1046077,11535.8790063,89826.0539990,665.3090631,62677.2587888,1515911.5514507,18568359.0782367,147141404.3313057
-0.4425600,-0.4425600,-0.4356453,14920.1879755,8911.2305977,69946.1464298,489.1262115,48794.7072572,1185435.4103866,14532022.3954416,115179992.4440040
-0.4375600,-0.4375600,-0.4306453,12034.4528353,7163.9860439,56704.5810937,372.1691300,39547.9989320,965244.1868233,11842511.4141887,93882983.3017081
-0.4325600,-0.4325600,-0.4256453,10124.4067970,6008.1455221,47932.2600079,295.3664077,33422.4659759,819253.2632970,10059037.2988952,79759898.4621704
-0.4275600,-0.4275600,-0.4206453,8869.0330315,5248.9094615,42161.3755045,245.3006512,29392.9509903,723133.3111679,8884616.2170120,70459437.0853221
-0.4225600,-0.4225600,-0.4156453,8060.0460922,4759.9187874,38439.1728416,213.2971638,26794.0370033,661086.1601807,8126388.5199464,64454648.5084382
-0.4175600,-0.4175600,-0.4106453,7563.8865701,4460.1681475,36154.4703054,206.7659160,25198.8744830,622973.7688467,7660583.1103952,60765567.2467498
-0.4125600,-0.4125600,-0.4056453,7298.5840395,4299.9523093,34932.0321455,196.4676008,24345.4030008,602569.9040239,7411181.8629113,58790305.4642800
-0.4075600,-0.4075600,-0.4006453,7220.1661512,4252.6116131,34570.5143041,193.4383954,24093.0078642,596532.9085430,7337383.5355129,58205807.8493951
-0.4025600,-0.4025600,-0.3956453,7315.5976337,4310.2436798,35010.2216778,197.1440045,24399.9994707,603871.9143518,7427089.4543549,58916279.1527646
-0.3975600,-0.3975600,-0.3906453,7600.7216691,4482.4532054,36323.7072975,208.2338701,25317.0471160,625791.2020647,7695004.0657173,61038146.6215673
-0.3925600,-0.3925600,-0.3856453,8122.7640806,4797.8727602,38727.2078039,215.8199562,26995.1663328,665879.5267713,8184945.4815442,64918352.1432272
-0.3875600,-0.3875600,-0.3806453,8967.9353894,5308.7796993,42615.3565638,249.2970289,29709.9650354,730684.7986173,8976858.8507715,71189875.6091093
-0.3825600,-0.3825600,-0.3756453,10275.7785231,6099.8104203,48626.6926494,301.5135629,33907.3999404,830798.4924215,10200050.1979875,80876503.9016655
-0.3775600,-0.3775600,-0.3706453,12263.4560327,7302.7127058,57754.5372311,381.5170782,40281.2215004,982690.8315045,12055581.9847040,95570129.8799379
-0.3725600,-0.3725600,-0.3656453,15265.5853382,9120.5443037,71528.8236894,503.2981969,49899.9794709,1211719.9713389,14852994.5653645,117721463.2709069
-0.3675600,-0.3675600,-0.3606453,19757.1659037,11840.8462578,92129.8728279,686.0518576,64286.1880453,1554152.9196591,19035294.5946924,150838524.0202713
-0.3625600,-0.3625600,-0.3556453,25106.0910877,15071.2019106,116774.4116771,895.0224252,81492.3615821,1965471.2850872,24062873.3195159,190656898.3441731
-0.3575600,-0.3575600,-0.3506453,30184.8707919,18148.6672676,140050.2036810,1103.1099639,97747.0232683,2352085.5932492,28784125.0059409,228040242.7951303
-0.3525600,-0.3525600,-0.3456453,36071.8706252,21705.3521512,167157.2622868,1334.3953378,116673.0136832,2804254.8022254,34310442.9048782,271807433.1396430
-0.3475600,-0.3475600,-0.3406453,37893.0817457,22808.9976247,175502.6901626,1409.0926111,122501.0840111,2942857.1399122,36002986.3741592,285209082.7799534
-0.3425600,-0.3425600,-0.3356453,40705.9065486,24513.4383892,188393.4669015,1524.3659939,131503.3733718,3156970.9406090,38617689.3904548,305912544.7981672
-0.3375600,-0.3375600,-0.3306453,40873.6761917,24612.2484517,189196.8133603,1528.5535496,132063.2426718,3170833.9409734,38788206.8328522,307265224.9858493
-0.3325600,-0.3325600,-0.3256453,38411.7595090,23119.2572041,177928.5267210,1426.5497046,124193.5439207,2983885.3290227,36505747.5985742,289193541.9724047
-0.3275600,-0.3275600,-0.3206453,35011.3096077,21059.5360922,162335.1538948,1287.9500443,113304.2129324,2724737.2787415,33340756.7268152,264132151.9007014
-0.3225600,-0.3225600,-0.3156453,31297.1410157,18807.5619861,145330.1102276,1134.4635871,101428.1719023,2442534.2015026,29895150.2407592,236850715.8981591
-0.3175600,-0.3175600,-0.3106453,28570.5239034,17154.4697095,132845.1693866,1021.8907761,92708.9401474,2235323.3672605,27365127.0030948,216818538.4928200
-0.3125600,-0.3125600,-0.3056453,26814.4656428,16089.8641504,124803.6465397,949.4425237,87092.9250834,2101848.9821232,25735393.8896757,203914613.8262827
-0.3075600,-0.3075600,-0.3006453,26014.9932984,15605.2107395,121142.3237065,916.4824774,84535.9511090,2041073.3300459,24993307.6617266,198038891.0332978
-0.3025600,-0.3025600,-0.2956453,26164.9914385,15696.1658239,121828.9793643,922.6888527,85015.5033769,2052467.0548628,25132417.7344629,199140321.9573092
-0.2975600,-0.2975600,-0.2906453,27265.8305487,16363.5659820,126869.8201274,968.1235881,88535.9187533,2136132.1306100,26153966.7531434,207228740.5894460
-0.2925600,-0.2925600,-0.2856453,29327.0612537,17613.2422545,136308.0852287,1053.2193614,95127.4110607,2292778.7698649,28066608.8105490,222372632.3114547
-0.2875600,-0.2875600,-0.2806453,32364.1763997,19454.6605275,150213.8333259,1178.6845410,104838.9372551,2523556.4300237,30884347.2628928,244682808.4466735
-0.2825600,-0.2825600,-0.2756453,36390.8311717,21896.1999017,168648.3777282,1345.1774110,117713.3577476,2829464.4338077,34619340.5540782,274255448.6013351
-0.2775600,-0.2775600,-0.2706453,39108.2900725,23541.7800492,181115.0897805,1455.5244988,126419.0685152,3036730.2113749,37150878.9040053,294301349.0942313
-0.2725600,-0.2725600,-0.2656453,41886.1229164,25226.6011129,193826.3445964,1570.8508074,135296.6267402,3247573.5159916,39724962.2593610,314681787.8158924
-0.2675600,-0.2675600,-0.2606453,39650.9935305,23874.0428901,183560.9748687,1480.9788133,128128.5293361,3076734.5021731,37637934.4934840,298154901.4756253
-0.2625600,-0.2625600,-0.2556453,37130.8578761,22347.3158599,172007.2233609,1378.0432054,120060.0973054,2884763.2793150,35293477.1097195,279590954.8867372
-0.2575600,-0.2575600,-0.2506453,35077.0516846,21115.3603287,162443.0428885,1305.7173167,113385.9997810,2723615.3760665,33320179.9899892,263955161.3839550
-0.2525600,-0.2525600,-0.2456453,28387.7696851,17059.7335115,131814.0326214,1029.4906775,91995.2937406,2215279.3722094,27113471.3092118,214811828.5461789
-0.2475600,-0.2475600,-0.2406453,23886.1838629,14332.5211880,111177.3846014,845.5278400,77583.8830717,1872409.6258523,22926201.7924505,181656164.4885314
-0.2425600,-0.2425600,-0.2356453,18162.5065135,10875.9760590,84804.6089274,621.9048690,59171.1530772,1432222.7785468,17545704.5147091,139042562.8582688
-0.2375600,-0.2375600,-0.2306453,14184.4030354,8466.3627243,66562.2511876,459.9016710,46431.9562879,1129050.1787341,13843037.3409094,109723679.5520203
-0.2325600,-0.2325600,-0.2256453,11549.1266917,6870.9916248,54467.2074730,353.3091350,37985.9658641,927882.9822461,11385796.8549674,90265715.6302457
-0.2275600,-0.2275600,-0.2206453,9806.4479000,5816.6002403,46461.5149702,283.3955044,32395.8219461,794619.7380392,9757735.9781535,77373178.8042619
-0.2225600,-0.2225600,-0.2156453,8664.4858942,5126.0795982,41210.4630023,237.9708268,28729.3298841,707135.3672822,8688773.3439148,68907753.2399250
-0.2175600,-0.2175600,-0.2106453,7934.0512731,4684.6621153,37848.5672032,209.1619680,26382.0262086,651077.5694577,8003697.2167558,63482208.3465026
-0.2125600,-0.2125600,-0.2056453,7494.5369263,4419.2020759,35823.8695629,204.8669631,24968.4248239,617289.9679116,7590719.5450300,60211451.7063123
-0.2075600,-0.2075600,-0.2006453,7273.2434795,4285.6180045,34803.5504839,196.3264819,24256.0890630,600249.7740476,7382409.9369415,58561588.7407940
-0.2025600,-0.2025600,-0.1956453,7233.4246381,4261.6320223,34619.3440527,194.8375607,24127.5056556,597164.1834031,7344668.2540742,58262621.3491183
-0.1975600,-0.1975600,-0.1906453,7368.4168087,4343.2046788,35240.7316015,200.1272421,24561.3611994,607526.5814944,7471308.5479750,59265570.0429811
-0.1925600,-0.1925600,-0.1856453,7700.5881422,4543.8967078,36770.1424252,200.2570592,25629.1900054,633037.0861161,7783089.3510309,61734796.9428208
-0.1875600,-0.1875600,-0.1806453,8284.8828403,4897.0215048,39459.1388544,223.3235888,27506.6788947,677870.5053268,8330983.8494156,66073895.0960810
-0.1825600,-0.1825600,-0.1756453,9217.7195323,5461.0493894,43749.0479412,260.3929292,30502.0473251,749348.9888172,9204388.8564109,72990677.1087839
-0.1775600,-0.1775600,-0.1706453,10653.1818694,6329.4413274,50344.8827083,317.8673982,35107.6796429,859165.6605887,10546057.6194779,83615394.2932615
-0.1725600,-0.1725600,-0.1656453,12830.1317040,7647.1181177,60339.1157903,405.7065974,42086.5786168,1025433.2144352,12577099.5994756,99698652.1867597
-0.1675600,-0.1675600,-0.1606453,16116.5635700,9637.4048016,75414.1312367,539.3088104,52613.7751619,1276034.2749068,15637865.1210519,123935079.5092372
-0.1625600,-0.1625600,-0.1556453,20994.8692047,12592.3851398,97783.3613355,738.2316256,68234.9324415,1647774.2811980,20177908.7817663,159884487.7130717
-0.1575600,-0.1575600,-0.1506453,26078.9778976,15662.3702306,121213.1238200,936.4406591,84592.8040916,2038897.9223210,24958833.4505057,197749747.9047498
-0.1525600,-0.1525600,-0.1456453,31608.4074129,19013.4028788,146548.1980483,1163.4616442,102285.7672511,2459626.4595625,30096466.6956223,238429605.3750851
-0.1475600,-0.1475600,-0.1406453,36341.9114763,21870.6825606,168374.2780712,1347.0624784,117523.6024421,2824159.7225957,34552786.2855692,273724836.9051383
-0.1425600,-0.1425600,-0.1356453,38478.8719525,23165.4612409,178169.1136760,1434.5202561,124363.7893341,2986872.2555619,36539841.6804922,289458631.9640207
-0.1375600,-0.1375600,-0.1306453,41601.8242009,25058.8131987,192469.2039215,1563.4279159,134350.6727638,3224214.3855248,39437777.9966899,312403892.2672548
-0.1325600,-0.1325600,-0.1256453,40253.9897508,24238.5465110,186335.1143409,1504.8556236,130065.4967386,3122973.6456883,38202975.3066391,302629724.7828500
-0.1275600,-0.1275600,-0.1206453,37985.8441155,22863.2491583,175951.4940174,1411.0541303,122813.7176585,2950668.5955917,36099220.0806547,285972792.5261299
-0.1225600,-0.1225600,-0.1156453,34119.4482034,20521.1979209,158222.6183138,1253.3712124,110433.0602928,2656048.0878286,32501043.7002957,257481389.1827273
-0.1175600,-0.1175600,-0.1106453,30624.1442146,18402.1128951,142217.3662470,1109.1056696,99255.3326473,2390402.6701495,29257520.1418803,231799829.4925125
-0.1125600,-0.1125600,-0.1056453,28112.8213501,16879.7337917,130716.0050338,1005.5957364,91223.0876145,2199482.4840867,26926324.5067640,213341763.3721467
-0.1075600,-0.1075600,-0.1006453,26568.5141740,15943.6898556,123641.8791428,942.0608684,86282.7562475,2082030.7862912,25492148.6872382,201986059.3914735
-0.1025600,-0.1025600,-0.0956453,25978.5067363,15586.2168735,120937.4261595,917.9244084,84394.1160143,2037102.2164617,24943473.5352519,197641559.7043078
-0.0975600,-0.0975600,-0.0906453,26337.4609765,15804.0578373,122578.4533850,932.9464959,85540.2628915,2064299.0188818,25275451.3906967,200269899.7817179
-0.0925600,-0.0925600,-0.0856453,27648.6192323,16599.1935202,128579.6256277,987.2751475,89731.4445402,2163861.8452432,26491014.1197848,209894280.2811001
-0.0875600,-0.0875600,-0.0806453,29923.0717388,17978.3974795,138991.1219945,1081.4151693,97002.7251149,2336614.4314665,28600198.0110017,226594122.5083963
-0.0825600,-0.0825600,-0.0756453,33177.0941796,19951.6185311,153886.4851447,1216.1150865,107405.4980800,2583762.5422671,31617690.3465054,250485645.6412510
-0.0775600,-0.0775600,-0.0706453,37421.5387291,22525.5417930,173314.1280206,1391.9225713,120973.6166778,2906090.4051055,35553020.9416682,281644211.5927348
-0.0725600,-0.0725600,-0.0656453,39622.1980371,23858.2117032,183409.4422714,1481.3238280,128023.3581772,3073922.7541449,37602902.4328739,297876091.6387951
-0.0675600,-0.0675600,-0.0606453,42659.1719853,25700.5956113,197301.8272693,1607.7742948,137725.9758296,3304286.8631622,40415138.5803278,320141775.4265541
-0.0625600,-0.0625600,-0.0556453,39044.8986827,23512.3016060,180716.5064990,1461.3496111,126144.3174048,3028481.5209873,37046305.5387964,293465469.6798659
-0.0575600,-0.0575600,-0.0506453,36700.5602268,22092.8218233,169959.6706872,1366.2990385,118632.7034802,2849615.2900796,34861572.2870591,276165598.3093432
-0.0525600,-0.0525600,-0.0456453,33313.2612251,20053.0471451,154281.6768195,1239.5308558,107689.1038383,2586878.6433877,31647606.7661356,250705887.4272726
-0.0475600,-0.0475600,-0.0406453,27223.7876497,16362.9830010,126376.0190348,989.7573991,88201.1031955,2123393.1284737,25987694.6850960,205890288.0189683
-0.0425600,-0.0425600,-0.0356453,22421.1662470,13464.8356008,104220.9159392,804.3930186,72733.9030222,1753209.9995100,21461944.1772043,170044403.9952076
-0.0375600,-0.0375600,-0.0306453,17040.5589241,10206.2190766,79540.8146158,585.5795132,55499.2423304,1342952.7764950,16451221.8821399,130367471.8472517
-0.0325600,-0.0325600,-0.0256453,13368.5209060,7983.2698339,62686.5628831,437.1152980,43729.9156717,1062617.1990492,13026917.3086482,103251631.7080994
-0.0275600,-0.0275600,-0.0206453,10909.8570515,6496.1340662,51386.1947632,338.9070068,35839.3780639,874427.7394118,10727634.4518947,85043321.1203267
-0.0225600,-0.0225600,-0.0156453,9250.7241935,5493.6716906,43747.6064872,273.6464959,30506.1273147,747024.3585837,9170571.8437964,72711808.1992314
-0.0175600,-0.0175600,-0.0106453,8119.1531472,4810.8927609,38526.6917163,230.0102459,26861.2639954,659777.1441671,8103883.6820485,64263120.9188454
-0.0125600,-0.0125600,-0.0056453,7334.2997329,4338.1290290,34895.6967002,200.5071901,24326.6909910,598952.7456143,7359898.4020657,58369695.0655132
-0.0075600,-0.0075600,-0.0006453,6774.7232404,4001.7665002,32298.3974726,193.1588210,22513.9579169,555317.2142265,6825864.8155810,54138779.6100220
-0.0025600,-0.0025600,0.0043547,6358.3098214,3752.0528105,30358.4198396,178.6129281,21160.2253394,522618.1579034,6425428.2428656,50965786.8632013
0.0024400,0.0024400,0.0093547,6029.4040673,3555.2835013,28820.4595048,167.5450227,20087.2093079,496611.3437109,6106750.5396453,48440239.8684482
0.0074400,0.0074400,0.0143547,5750.4473914,3388.7258592,27512.0758021,158.4462598,19174.4961698,474427.8129037,5834785.5150572,46284616.7188277
0.0124400,0.0124400,0.0193547,5496.4592015,3237.2693587,26318.4650618,150.3208093,18341.9233434,454155.8554015,5586176.4350797,44313953.2671227
0.0174400,0.0174400,0.0243547,5251.3258423,3091.1739487,25165.4894831,142.5321489,17537.7263077,434559.6662360,5345821.6112658,42408651.7639219
0.0224400,0.0224400,0.0293547,5005.2488789,2944.5223041,24008.0014484,134.6977212,16730.3842574,414885.6925035,5104510.2159336,40495762.3650600
0.0274400,0.0274400,0.0343547,4752.9448208,2794.1282951,22821.6009505,126.6149835,15902.8636314,394725.8435643,4857252.1186393,38535759.1909190
0.0324400,0.0324400,0.0393547,4492.3395262,2638.7457371,21596.6536768,118.2081362,15048.4405873,373918.1541180,4602064.8604272,36512935.5806239
0.0374400,0.0374400,0.0443547,4223.5960481,2478.4795075,20333.8333906,109.4887919,14167.5880963,352472.7080734,4339068.9706341,34428240.5536025
0.0424400,0.0424400,0.0493547,3948.3750545,2314.3377772,19040.7279121,100.5263527,13265.6058807,330515.1946288,4069798.5234535,32293819.3954148
0.0474400,0.0474400,0.0543547,3669.2648049,2147.8870940,17729.2208474,91.4254338,12350.7921390,308243.3298152,3796668.7580521,30128797.7929396
0.0524400,0.0524400,0.0593547,3389.3409572,1980.9861931,16413.4676213,82.3086210,11433.0303261,285893.1388926,3522564.0922409,27956019.2065168
0.0574400,0.0574400,0.0643547,3111.8303904,1815.5828616,15108.3479079,73.3034241,10522.7086375,263713.1472427,3250522.7023061,25799546.8407221
0.0624400,0.0624400,0.0693547,2839.8611685,1653.5630004,13828.3128263,64.5326157,9629.9151770,241945.1281491,2983501.1736526,23682799.6228308
0.0674400,0.0674400,0.0743547,2576.2850444,1496.6436247,12586.5647897,56.1073513,8763.8654275,220810.3790880,2724206.6717201,21627222.8284499
0.0724400,0.0724400,0.0793547,2323.5610653,1346.3028576,11394.5177573,48.1225925,7932.5255275,200500.6612593,2474986.0728722,19651409.7494974
0.0774400,0.0774400,0.0843547,2083.6899147,1203.7406241,10261.4905312,40.6544463,7142.3982784,181173.0178589,2237762.4801361,17770598.5979888
0.0824400,0.0824400,0.0893547,1858.1892678,1069.8641443,9194.5886416,33.7590913,6398.4408310,162947.7343299,2014010.1305128,15996473.4439103
0.0874400,0.0874400,0.0943547,1648.1010172,945.2926816,8198.7330060,27.4729929,5704.0848480,145908.7471977,1804759.2290197,14337202.1673938
0.0924400,0.0924400,0.0993547,1454.0219405,830.3764311,7276.7967676,21.8141238,5061.3321888,130105.8611310,1610622.8911862,12797649.5226114
0.0974400,0.0974400,0.1043547,1276.1502689,725.2249809,6429.8157789,16.7839101,4470.9019986,115558.2008092,1431839.1920009,11379709.8718111
0.1024400,0.1024400,0.1093547,1114.3416708,629.7414163,5657.2429804,12.3696352,3932.4084273,102258.4032183,1268322.2835104,10082711.7804322
0.1074400,0.1074400,0.1143547,968.1693054,543.6588313,4957.2221463,8.5470202,3444.5518487,90177.1422892,1119717.5960996,8903854.9987405
0.1124400,0.1124400,0.1193547,836.9837661,466.5767199,4326.8617639,5.2826258,3005.3101523,79267.6655060,985457.2089164,7838648.8297260
0.1174400,0.1174400,0.1243547,719.9698352,397.9953886,3762.4948730,2.5355841,2612.1202113,69470.1058630,864812.4970976,6881328.9757374
0.1224400,0.1224400,0.1293547,616.1979720,337.3471377,3259.9152487,0.2582924,2262.0428138,60715.4081265,756942.0860804,6025237.2611524
0.1274400,0.1274400,0.1343547,524.6693062,284.0234744,2814.5842075,-1.6034202,1951.9070658,52928.7730488,660933.9331481,5263154.8823255
0.1324400,0.1324400,0.1393547,444.3535968,237.3980392,2421.8054807,-3.1088391,1678.4324834,46032.5757146,575840.9979497,4587584.9163725
0.1374400,0.1374400,0.1443547,374.2201463,209.1327463,2076.8680192,-4.3176841,1438.3286839,39948.7545389,500710.4564955,3990983.7224495
0.1424400,0.1424400,0.1493547,313.2620367,173.6216619,1775.1583368,-5.2827688,1228.3737977,34600.6964323,434606.7675439,3465943.6760396
0.1474400,0.1474400,0.1543547,260.5143018,142.9850394,1512.2451368,-6.0447152,1045.4735232,29914.6627525,376629.1339043,3005331.5272389
0.1524400,0.1524400,0.1593547,215.0667861,116.6900315,1283.9396161,-6.6346684,886.7031939,25820.8115909,325924.0350516,2602387.7347668
0.1574400,0.1574400,0.1643547,187.7572208,94.2387357,1086.3351060,-7.0840568,749.3354173,22253.8764891,281693.5633162,2250792.5706112
0.1624400,0.1624400,0.1693547,154.0064740,75.1701801,915.8296887,-7.4300859,630.8558258,19153.5615141,243200.2942725,1944704.7779400
0.1674400,0.1674400,0.1743547,125.2420627,59.0615996,769.1352153,-7.7085998,528.9693347,16464.7092230,209769.3807693,1678778.2395382
0.1724400,0.1724400,0.1793547,100.8347316,45.5288838,643.2758184,-7.9435438,441.5990661,14137.2926341,180788.4942411,1448161.5935820
0.1774400,0.1774400,0.1843547,80.2168864,34.2260308,535.5786166,-8.1464183,366.8798246,12126.2758580,155706.1582247,1248485.1107877
0.1824400,0.1824400,0.1893547,62.8800241,24.8433190,443.6588935,-8.3218638,303.1477171,10391.3812326,134028.9361015,1075838.4909494
0.1874400,0.1874400,0.1943547,48.3716386,17.1038708,365.4016281,-8.4702174,248.9272296,8896.7941651,115317.8540958,926742.5959302
0.1924400,0.1924400,0.1993547,36.2913372,10.7591903,298.9408829,-8.5884036,202.9168099,7610.8307204,99184.3654420,798117.5416157
0.1974400,0.1974400,0.2043547,26.2857809,5.5859237,242.6382189,-8.6716420,174.7071152,6505.5875010,85286.0946381,687249.0410478
0.2024400,0.2024400,0.2093547,18.0425115,1.3861962,206.0634445,-8.7152449,141.4604824,5556.5886251,73322.5428408,591754.4329172
0.2074400,0.2074400,0.2143547,11.2842283,-2.0092988,165.5605706,-8.7168784,113.4556510,4742.4406194,63030.8868412,509549.4447237
0.2124400,0.2124400,0.2193547,5.7660486,-4.7404379,131.4934655,-8.6782971,89.9381242,4044.5027862,54181.9642299,438816.4245393
0.2174400,0.2174400,0.2243547,1.2764054,-6.9232137,102.9278040,-8.6042775,70.2522780,3446.5779896,46576.5054922,377974.5230122
0.2224400,0.2224400,0.2293547,-2.3618571,-8.6581454,79.0539037,-8.4986849,53.8298112,2934.6267735,40041.6488948,325652.1101997
0.2274400,0.2274400,0.2343547,-5.2951994,-10.0337256,59.1720354,-8.3612608,40.1781221,2496.5061711,34427.7550843,280661.5618341
0.2324400,0.2324400,0.2393547,-7.6476931,-11.1242981,42.6783833,-8.1888600,28.8690803,2121.7334228,29605.5243178,241976.4387019
0.2374400,0.2374400,0.2443547,-9.5272889,-11.9887076,29.0513446,-7.9796003,19.5300511,1801.2740016,25463.4092507,208711.0036356
0.2424400,0.2424400,0.2493547,-11.0263034,-12.6721748,17.8390832,-7.7355546,11.8388601,1527.3527924,21905.3093965,180101.9666513
0.2474400,0.2474400,0.2543547,-12.2201781,-13.2085251,8.6503555,-7.4625301,5.5216254,1293.2869146,18848.5290478,155492.3144240
0.2524400,0.2524400,0.2593547,-13.1686583,-13.6211923,1.1495251,-7.1683313,0.3493908,1093.3384845,16221.9779968,134317.0608826
0.2574400,0.2574400,0.2643547,-13.9181996,-13.9247371,-4.9465746,-6.8610382,-3.8692969,922.5855259,13964.5933533,116090.7473773
0.2624400,0.2624400,0.2693547,-14.5033166,-14.1283365,-9.8741809,-6.5479157,-7.2972176,776.8092390,12023.9607159,100396.5205291
0.2674400,0.2674400,0.2743547,-14.9476813,-14.2395506,-13.8316720,-6.2349352,-10.0737926,652.3958913,10355.1136196,86876.6210770
0.2724400,0.2724400,0.2793547,-15.2669621,-14.2658543,-16.9880582,-5.9266967,-12.3165938,546.2516903,8919.4913019,75224.1258998
0.2774400,0.2774400,0.2843547,-15.4727779,-14.2141163,-19.4872261,-5.6265570,-14.1226357,455.7291115,7684.0362367,65175.7964770
0.2824400,0.2824400,0.2893547,-15.5752660,-14.0902270,-21.4495357,-5.3368355,-15.5709290,378.5632847,6620.4144357,56505.8993015
0.2874400,0.2874400,0.2943547,-15.5835625,-13.8999249,-22.9740054,-5.0590288,-16.7247137,312.8171736,5704.3431158,49020.8763974
0.2924400,0.2924400,0.2993547,-15.5057655,-13.6499557,-24.1411585,-4.7940037,-17.6326573,256.8344130,4915.0119103,42554.7565871
0.2974400,0.2974400,0.3043547,-15.3495990,-13.3485245,-25.0149052,-4.5421579,-18.3306564,209.1987948,4234.5853197,36965.2101311
0.3024400,0.3024400,0.3093547,-15.1233958,-13.0049118,-25.6438595,-4.3035472,-18.8452388,177.7662035,3647.7755155,32130.1606042
0.3074400,0.3074400,0.3143547,-14.8365732,-12.6287010,-26.0639376,-4.0779850,-19.1971836,143.2026180,3141.4759249,27944.8782366
0.3124400,0.3124400,0.3193547,-14.4993905,-12.2290462,-26.3022488,-3.8651169,-19.4038446,113.8692204,2704.4472144,24319.4883860
0.3174400,0.3174400,0.3243547,-14.1223090,-11.8141765,-26.3804987,-3.6644772,-19.4803783,88.9955712,2327.0483670,21176.8373053
0.3224400,0.3224400,0.3293547,-13.7153311,-11.3911527,-26.3170350,-3.4755302,-19.4407244,67.9210251,2001.0065042,18450.6649571
0.3274400,0.3274400,0.3343547,-13.2875233,-10.9658154,-26.1281282,-3.2977012,-19.2984942,50.0818205,1719.2199569,16084.0413461
0.3324400,0.3324400,0.3393547,-12.8467628,-10.5428513,-25.8290417,-3.1303982,-19.0674505,34.9986705,1475.5898345,14028.0287682
0.3374400,0.3374400,0.3443547,-12.3996671,-10.1259198,-25.4347861,-2.9730278,-18.7614516,22.2637344,1264.8759998,12240.5375552
0.3424400,0.3424400,0.3493547,-11.9516438,-9.7178015,-24.9603410,-2.8250060,-18.3940475,11.5284781,1082.5739270,10685.3474292
0.3474400,0.3474400,0.3543547,-11.5070061,-9.3205456,-24.4204107,-2.6857663,-17.9779993,2.4943255,924.8094193,9331.2705069
0.3524400,0.3524400,0.3593547,-11.0691162,-8.9356048,-23.8289768,-2.5547641,-17.5249009,-5.0940473,788.2485919,8151.4354071
0.3574400,0.3574400,0.3643547,-10.6405326,-8.5639534,-23.1988775,-2.4314801,-17.0449642,-11.4542897,669.7927207,7122.6748555
0.3624400,0.3624400,0.3693547,-10.2231481,-8.2061864,-22.5415285,-2.3154219,-16.5469555,-16.7714835,567.2004183,6225.0017205
0.3674400,0.3674400,0.3743547,-9.8183125,-7.8626024,-21.8668050,-2.2061250,-16.0382407,-21.2022163,478.3783911,5441.1605927
0.3724400,0.3724400,0.3793547,-9.4269386,-7.5332707,-21.1830521,-2.1031520,-15.5248973,-24.8774530,401.4802347,4756.2438980
0.3774400,0.3774400,0.3843547,-9.0495911,-7.2180857,-20.4971811,-2.0060932,-15.0118583,-27.9052023,334.9126726,4157.3631373
0.3824400,0.3824400,0.3893547,-8.6865598,-6.9168104,-19.8148126,-1.9145647,-14.5030659,-30.3739347,277.2999801,3633.3672224
0.3874400,0.3874400,0.3943547,-8.3379204,-6.6291112,-19.1404377,-1.8282080,-14.0016196,-32.3566100,227.4535185,3173.9954928
0.3924400,0.3924400,0.3993547,-8.0035837,-6.3545852,-18.4775803,-1.7466884,-13.5099130,-33.9145529,193.2107743,2771.5191247
0.3974400,0.3974400,0.4043547,-7.6833346,-6.0927819,-17.8289483,-1.6696940,-13.0297539,-35.1006313,155.8048689,2418.7560708
0.4024400,0.4024400,0.4093547,-7.3768641,-5.8432200,-17.1965703,-1.5969341,-12.5624691,-35.9615702,123.4407361,2109.3920553
0.4074400,0.4074400,0.4143547,-7.0837949,-5.6054004,-16.5819148,-1.5281380,-12.1089926,-36.5394435,95.4523197,1837.9439278
0.4124400,0.4124400,0.4193547,-6.8037011,-5.3788167,-15.9859922,-1.4630537,-11.6699409,-36.8724920,71.2623757,1599.6465018
0.4174400,0.4174400,0.4243547,-6.5361247,-5.1629624,-15.4094417,-1.4014468,-11.2456748,-36.9954891,50.3701746,1390.3552629
0.4224400,0.4224400,0.4293547,-6.2805876,-4.9573373,-14.8526036,-1.3430991,-10.8363513,-36.9398752,32.3413591,1206.4626646
0.4274400,0.4274400,0.4343547,-6.0366018,-4.7614512,-14.3155799,-1.2878074,-10.4419657,-36.7338258,16.7991760,1044.8260664
0.4324400,0.4324400,0.4393547,-5.8036767,-4.5748278,-13.7982838,-1.2353827,-10.0623866,-36.4023436,3.4170547,902.7056527
0.4374400,0.4374400,0.4443547,-5.5813252,-4.3970063,-13.3004812,-1.1856490,-9.6973847,-35.9674071,-8.0872601,777.7109108
0.4424400,0.4424400,0.4493547,-5.3690680,-4.2275433,-12.8218241,-1.1384424,-9.3466559,-35.4481733,-17.9564219,667.7544571
0.4474400,0.4474400,0.4543547,-5.1664369,-4.0660135,-12.3618782,-1.0936102,-9.0098400,-34.8612163,-26.3979636,571.0121721
0.4524400,0.4524400,0.4593547,-4.9729772,-3.9120102,-11.9201449,-1.0510103,-8.6865362,-34.2207839,-33.5891552,485.8887573
0.4574400,0.4574400,0.4643547,-4.7882494,-3.7651456,-11.4960801,-1.0105100,-8.3763157,-33.5390567,-39.6821089,410.9879557
0.4624400,0.4624400,0.4693547,-4.6118303,-3.6250504,-11.0891082,-0.9719856,-8.0787311,-32.8263957,-44.8085801,345.0867827
0.4674400,0.4674400,0.4743547,-4.4433138,-3.4913739,-10.6986345,-0.9353220,-7.7933247,-32.0915742,-49.0839885,287.1132128
0.4724400,0.4724400,0.4793547,-4.2823111,-3.3637832,-10.3240540,-0.9004112,-7.5196351,-31.3419885,-52.6104715,236.1268427
0.4774400,0.4774400,0.4843547,-4.1284507,-3.2419626,-9.9647592,-0.8671529,-7.2572015,-30.5838459,-55.4790418,199.6910066
0.4824400,0.4824400,0.4893547,-3.9813785,-3.1256134,-9.6201461,-0.8354531,-7.0055680,-29.8223319,-57.7710639,159.9590322
0.4874400,0.4874400,0.4943547,-3.8407573,-3.0144526,-9.2896185,-0.8052240,-6.7642868,-29.0617562,-59.5592887,124.9958435
0.4924400,0.4924400,0.4993547,-3.7062664,-2.9082130,-8.9725918,-0.7763835,-6.5329201,-28.3056793,-60.9086417,94.2415407
0.4974400,0.4974400,0.5043547,-3.5776012,-2.8066416,-8.6684955,-0.7488548,-6.3110419,-27.5570230,-61.8768919,67.2046787
0.5024400,0.5024400,0.5093547,-3.4544724,-2.7094995,-8.3767753,-0.7225660,-6.0982396,-26.8181651,-62.5152698,43.4549376
0.5074400,0.5074400,0.5143547,-3.3366060,-2.6165609,-8.0968944,-0.6974496,-5.8941143,-26.0910210,-62.8690593,22.6162539
0.5124400,0.5124400,0.5193547,-3.2237418,-2.5276128,-7.8283345,-0.6734426,-5.6982815,-25.3771136,-62.9781708,4.3599370
0.5174400,0.5174400,0.5243547,-3.1156335,-2.4424536,-7.5705965,-0.6504857,-5.5103717,-24.6776337,-62.8776883,-11.6021263
0.5224400,0.5224400,0.5293547,-3.0120476,-2.3608932,-7.3232004,-0.6285235,-5.3300301,-23.9934909,-62.5983860,-25.5237374
0.5274400,0.5274400,0.5343547,-2.9127632,-2.2827520,-7.0856857,-0.6075037,-5.1569167,-23.3253581,-62.1672074,-37.6297306
0.5324400,0.5324400,0.5393547,-2.8175708,-2.2078603,-6.8576112,-0.5873776,-4.9907061,-22.6737084,-61.6077054,-48.1202572
0.5374400,0.5374400,0.5443547,-2.7262723,-2.1360579,-6.6385547,-0.5680989,-4.8310872,-22.0388477,-60.9404400,-57.1741012
0.5424400,0.5424400,0.5493547,-2.6386802,-2.0671933,-6.4281125,-0.5496246,-4.6777630,-21.4209418,-60.1833366,-64.9512420
0.5474400,0.5474400,0.5543547,-2.5546167,-2.0011236,-6.2258988,-0.5319140,-4.5304498,-20.8200400,-59.3520053,-71.5948937
0.5524400,0.5524400,0.5593547,-2.4739136,-1.9377134,-6.0315457,-0.5149288,-4.3888772,-20.2360947,-58.4600246,-77.2332021
0.5574400,0.5574400,0.5643547,-2.3964119,-1.8768351,-5.8447020,-0.4986328,-4.2527874,-19.6689785,-57.5191915,-81.9807221
0.5624400,0.5624400,0.5693547,-2.3219606,-1.8183678,-5.6650330,-0.4829923,-4.1219347,-19.1184989,-56.5397434,-85.9397446
0.5674400,0.5674400,0.5743547,-2.2504170,-1.7621973,-5.4922196,-0.4679752,-3.9960852,-18.5844101,-55.5305514,-89.2015096
0.5724400,0.5724400,0.5793547,-2.1816458,-1.7082154,-5.3259579,-0.4535513,-3.8750161,-18.0664239,-54.4992916,-91.8473203
0.5774400,0.5774400,0.5843547,-2.1155188,-1.6563199,-5.1659584,-0.4396922,-3.7585152,-17.5642185,-53.4525945,-93.9495668
0.5824400,0.5824400,0.5893547,-2.0519147,-1.6064140,-5.0119454,-0.4263710,-3.6463807,-17.0774459,-52.3961757,-95.5726613
0.5874400,0.5874400,0.5943547,-1.9907182,-1.5584061,-4.8636563,-0.4135624,-3.5384203,-16.6057382,-51.3349514,-96.7738888
0.5924400,0.5924400,0.5993547,-1.9318203,-1.5122092,-4.7208412,-0.4012423,-3.4344514,-16.1487131,-50.2731384,-97.6041768
0.5974400,0.5974400,0.6043547,-1.8751176,-1.4677413,-4.5832622,-0.3893881,-3.3342998,-15.7059786,-49.2143422,-98.1087890
0.6024400,0.6024400,0.6093547,-1.8205118,-1.4249243,-4.4506929,-0.3779784,-3.2377999,-15.2771366,-48.1616345,-98.3279467
0.6074400,0.6074400,0.6143547,-1.7679098,-1.3836845,-4.3229175,-0.3669929,-3.1447940,-14.8617859,-47.1176199,-98.2973858
0.6124400,0.6124400,0.6193547,-1.7172234,-1.3439517,-4.1997307,-0.3564125,-3.0551323,-14.4595253,-46.0844958,-98.0488528
0.6174400,0.6174400,0.6243547,-1.6683685,-1.3056595,-4.0809372,-0.3462190,-2.9686718,-14.0699555,-45.0641038,-97.6105472
0.6224400,0.6224400,0.6293547,-1.6212656,-1.2687448,-3.9663507,-0.3363951,-2.8852766,-13.6926810,-44.0579749,-97.0075151
0.6274400,0.6274400,0.6343547,-1.5758390,-1.2331479,-3.8557941,-0.3269246,-2.8048173,-13.3273116,-43.0673696,-96.2619982
0.6324400,0.6324400,0.6393547,-1.5320168,-1.1988117,-3.7490985,-0.3177919,-2.7271707,-12.9734636,-42.0933126,-95.3937450
0.6374400,0.6374400,0.6443547,-1.4897306,-1.1656824,-3.6461031,-0.3089825,-2.6522193,-12.6307606,-41.1366234,-94.4202859
0.6424400,0.6424400,0.6493547,-1.4489156,-1.1337086,-3.5466546,-0.3004823,-2.5798514,-12.2988344,-40.1979430,-93.3571783
0.6474400,0.6474400,0.6543547,-1.4095098,-1.1028416,-3.4506072,-0.2922783,-2.5099605,-11.9773259,-39.2777577,-92.2182238
0.6524400,0.6524400,0.6593547,-1.3714547,-1.0730350,-3.3578215,-0.2843577,-2.4424449,-11.6658847,-38.3764194,-91.0156609
0.6574400,0.6574400,0.6643547,-1.3346942,-1.0442447,-3.2681650,-0.2767088,-2.3772080,-11.3641703,-37.4941638,-89.7603366
0.6624400,0.6624400,0.6693547,-1.2991751,-1.0164287,-3.1815112,-0.2693201,-2.3141576,-11.0718518,-36.6311263,-88.4618585
0.6674400,0.6674400,0.6743547,-1.2648467,-0.9895471,-3.0977395,-0.2621809,-2.2532056,-10.7886080,-35.7873562,-87.1287300
0.6724400,0.6724400,0.6793547,-1.2316608,-0.9635618,-3.0167348,-0.2552809,-2.1942681,-10.5141277,-34.9628284,-85.7684707
0.6774400,0.6774400,0.6843547,-1.1995713,-0.9384367,-2.9383873,-0.2486104,-2.1372653,-10.2481096,-34.1574545,-84.3877231
0.6824400,0.6824400,0.6893547,-1.1685345,-0.9141372,-2.8625922,-0.2421601,-2.0821205,-9.9902621,-33.3710920,-82.9923484
0.6874400,0.6874400,0.6943547,-1.1385084,-0.8906305,-2.7892496,-0.2359211,-2.0287611,-9.7403033,-32.6035527,-81.5875103
0.6924400,0.6924400,0.6993547,-1.1094534,-0.8678850,-2.7182640,-0.2298849,-1.9771174,-9.4979608,-31.8546099,-80.1777516
0.6974400,0.6974400,0.7043547,-1.0813313,-0.8458711,-2.6495442,-0.2240437,-1.9271230,-9.2629714,-31.1240045,-78.7670603
0.7024400,0.7024400,0.7093547,-1.0541058,-0.8245601,-2.5830030,-0.2183897,-1.8787143,-9.0350814,-30.4114509,-77.3589307
0.7074400,0.7074400,0.7143547,-1.0277424,-0.8039248,-2.5185573,-0.2129156,-1.8318308,-8.8140456,-29.7166415,-75.9564159
0.7124400,0.7124400,0.7193547,-1.0022079,-0.7839392,-2.4561275,-0.2076144,-1.7864145,-8.5996279,-29.0392510,-74.5621762
0.7174400,0.7174400,0.7243547,-0.9774708,-0.7645785,-2.3956376,-0.2024795,-1.7424100,-8.3916004,-28.3789403,-73.1785213
0.7224400,0.7224400,0.7293547,-0.9535009,-0.7458189,-2.3370148,-0.1975046,-1.6997644,-8.1897435,-27.7353594,-71.8074488
0.7274400,0.7274400,0.7343547,-0.9302693,-0.7276379,-2.2801897,-0.1926835,-1.6584270,-7.9938455,-27.1081503,-70.4506775
0.7324400,0.7324400,0.7393547,-0.9077486,-0.7100138,-2.2250956,-0.1880106,-1.6183493,-7.8037026,-26.4969498,-69.1096784
0.7374400,0.7374400,0.7443547,-0.8859122,-0.6929259,-2.1716689,-0.1834802,-1.5794850,-7.6191184,-25.9013907,-67.7857015
0.7424400,0.7424400,0.7493547,-0.8647351,-0.6763544,-2.1198487,-0.1790870,-1.5417897,-7.4399035,-25.3211047,-66.4798002
0.7474400,0.7474400,0.7543547,-0.8441931,-0.6602803,-2.0695766,-0.1748261,-1.5052209,-7.2658758,-24.7557231,-65.1928532
0.7524400,0.7524400,0.7593547,-0.8242630,-0.6446856,-2.0207968,-0.1706925,-1.4697379,-7.0968599,-24.2048785,-63.9255833
0.7574400,0.7574400,0.7643547,-0.8049229,-0.6295529,-1.9734558,-0.1666817,-1.4353019,-6.9326866,-23.6682061,-62.6785756
0.7624400,0.7624400,0.7693547,-0.7861515,-0.6148655,-1.9275021,-0.1627892,-1.4018753,-6.7731932,-23.1453444,-61.4522925
0.7674400,0.7674400,0.7743547,-0.7679285,-0.6006076,-1.8828868,-0.1590107,-1.3694225,-6.6182230,-22.6359359,-60.2470878
0.7724400,0.7724400,0.7793547,-0.7502345,-0.5867640,-1.8395628,-0.1553423,-1.3379092,-6.4676252,-22.1396285,-59.0632191
0.7774400,0.7774400,0.7843547,-0.7330510,-0.5733200,-1.7974847,-0.1517799,-1.3073025,-6.3212543,-21.6560750,-57.9008592
0.7824400,0.7824400,0.7893547,-0.7163600,-0.5602616,-1.7566093,-0.1483200,-1.2775708,-6.1789704,-21.1849346,-56.7601057
0.7874400,0.7874400,0.7943547,-0.7001444,-0.5475755,-1.7168951,-0.1449588,-1.2486839,-6.0406389,-20.7258727,-55.6409904
0.7924400,0.7924400,0.7993547,-0.6843879,-0.5352488,-1.6783022,-0.1416930,-1.2206127,-5.9061299,-20.2785614,-54.5434868
0.7974400,0.7974400,0.8043547,-0.6690746,-0.5232690,-1.6407923,-0.1385193,-1.1933294,-5.7753183,-19.8426794,-53.4675177
0.8024400,0.8024400,0.8093547,-0.6541895,-0.5116244,-1.6043285,-0.1354346,-1.1668073,-5.6480839,-19.4179130,-52.4129616
0.8074400,0.8074400,0.8143547,-0.6397180,-0.5003036,-1.5688758,-0.1324357,-1.1410207,-5.5243107,-19.0039553,-51.3796579
0.8124400,0.8124400,0.8193547,-0.6256463,-0.4892957,-1.5344001,-0.1295199,-1.1159449,-5.4038869,-18.6005067,-50.3674129
0.8174400,0.8174400,0.8243547,-0.6119609,-0.4785902,-1.5008689,-0.1266842,-1.0915562,-5.2867049,-18.2072753,-49.3760035
0.8224400,0.8224400,0.8293547,-0.5986490,-0.4681770,-1.4682510,-0.1239261,-1.0678318,-5.1726610,-17.8239761,-48.4051820
0.8274400,0.8274400,0.8343547,-0.5856983,-0.4580464,-1.4365161,-0.1212430,-1.0447499,-5.0616552,-17.4503316,-47.4546795
0.8324400,0.8324400,0.8393547,-0.5730968,-0.4481892,-1.4056356,-0.1186324,-1.0222894,-4.9535913,-17.0860718,-46.5242089
0.8374400,0.8374400,0.8443547,-0.5608332,-0.4385965,-1.3755814,-0.1160918,-1.0004301,-4.8483765,-16.7309335,-45.6134684
0.8424400,0.8424400,0.8493547,-0.5488965,-0.4292595,-1.3463270,-0.1136191,-0.9791526,-4.7459212,-16.3846610,-44.7221435
0.8474400,0.8474400,0.8543547,-0.5372762,-0.4201701,-1.3178466,-0.1112121,-0.9584381,-4.6461392,-16.0470055,-43.8499100
0.8524400,0.8524400,0.8593547,-0.5259620,-0.4113203,-1.2901154,-0.1088685,-0.9382686,-4.5489474,-15.7177251,-42.9964353
0.8574400,0.8574400,0.8643547,-0.5149443,-0.4027025,-1.2631096,-0.1065865,-0.9186267,-4.4542654,-15.3965848,-42.1613807
0.8624400,0.8624400,0.8693547,-0.5042136,-0.3943093,-1.2368062,-0.1043640,-0.8994959,-4.3620160,-15.0833563,-41.3444031
0.8674400,0.8674400,0.8743547,-0.4937609,-0.3861336,-1.2111833,-0.1021991,-0.8808600,-4.2721246,-14.7778177,-40.5451561
0.8724400,0.8724400,0.8793547,-0.4835775,-0.3781686,-1.1862195,-0.1000901,-0.8627035,-4.1845192,-14.4797538,-39.7632914
0.8774400,0.8774400,0.8843547,-0.4736550,-0.3704077,-1.1618944,-0.0980352,-0.8450116,-4.0991302,-14.1889553,-38.9984601
0.8824400,0.8824400,0.8893547,-0.4639852,-0.3628446,-1.1381881,-0.0960327,-0.8277699,-4.0158908,-13.9052194,-38.2503136
0.8874400,0.8874400,0.8943547,-0.4545605,-0.3554732,-1.1150818,-0.0940810,-0.8109645,-3.9347362,-13.6283490,-37.5185044
0.8924400,0.8924400,0.8993547,-0.4453732,-0.3482876,-1.0925571,-0.0921785,-0.7945822,-3.8556040,-13.3581529,-36.8026867
0.8974400,0.8974400,0.9043547,-0.4364163,-0.3412822,-1.0705962,-0.0903238,-0.7786100,-3.7784339,-13.0944457,-36.1025176
0.9024400,0.9024400,0.9093547,-0.4276826,-0.3344515,-1.0491822,-0.0885154,-0.7630356,-3.7031678,-12.8370473,-35.4176570
0.9074400,0.9074400,0.9143547,-0.4191655,-0.3277902,-1.0282986,-0.0867518,-0.7478470,-3.6297494,-12.5857831,-34.7477687
0.9124400,0.9124400,0.9193547,-0.4108585,-0.3212932,-1.0079295,-0.0850318,-0.7330327,-3.5581244,-12.3404838,-34.0925205
0.9174400,0.9174400,0.9243547,-0.4027553,-0.3149557,-0.9880597,-0.0833541,-0.7185815,-3.4882405,-12.1009851,-33.4515846
0.9224400,0.9224400,0.9293547,-0.3948499,-0.3087730,-0.9686744,-0.0817173,-0.7044827,-3.4200470,-11.8671275,-32.8246379
0.9274400,0.9274400,0.9343547,-0.3871364,-0.3027404,-0.9497594,-0.0801203,-0.6907260,-3.3534949,-11.6387564,-32.2113625
0.9324400,0.9324400,0.9393547,-0.3796093,-0.2968535,-0.9313008,-0.0785619,-0.6773013,-3.2885370,-11.4157220,-31.6114456
0.9374400,0.9374400,0.9443547,-0.3722631,-0.2911082,-0.9132855,-0.0770410,-0.6641989,-3.2251275,-11.1978787,-31.0245798
0.9424400,0.9424400,0.9493547,-0.3650925,-0.2855002,-0.8957005,-0.0755565,-0.6514096,-3.1632222,-10.9850856,-30.4504632
0.9474400,0.9474400,0.9543547,-0.3580925,-0.2800257,-0.8785335,-0.0741073,-0.6389243,-3.1027785,-10.7772058,-29.8887998
0.9524400,0.9524400,0.9593547,-0.3512582,-0.2746808,-0.8617725,-0.0726925,-0.6267343,-3.0437549,-10.5741066,-29.3392991
0.9574400,0.9574400,0.9643547,-0.3445848,-0.2694619,-0.8454059,-0.0713110,-0.6148311,-2.9861116,-10.3756592,-28.8016764
0.9624400,0.9624400,0.9693547,-0.3380678,-0.2643652,-0.8294226,-0.0699619,-0.6032068,-2.9298099,-10.1817389,-28.2756530
0.9674400,0.9674400,0.9743547,-0.3317029,-0.2593874,-0.8138118,-0.0686443,-0.5918533,-2.8748124,-9.9922245,-27.7609560
0.9724400,0.9724400,0.9793547,-0.3254856,-0.2545252,-0.7985629,-0.0673572,-0.5807631,-2.8210830,-9.8069985,-27.2573182
0.9774400,0.9774400,0.9843547,-0.3194118,-0.2497752,-0.7836660,-0.0661000,-0.5699289,-2.7685866,-9.6259470,-26.7644783
0.9824400,0.9824400,0.9893547,-0.3134777,-0.2451345,-0.7691111,-0.0648716,-0.5593434,-2.7172893,-9.4489594,-26.2821810
0.9874400,0.9874400,0.9943547,-0.3076793,-0.2405998,-0.7548889,-0.0636713,-0.5490000,-2.6671584,-9.2759284,-25.8101764
0.9924400,0.9924400,0.9993547,-0.3020128,-0.2361685,-0.7409903,-0.0624984,-0.5388918,-2.6181622,-9.1067501,-25.3482205
0.9974400,0.9974400,1.0043547,-0.2964748,-0.2318375,-0.7274062,-0.0613521,-0.5290125,-2.5702697,-8.9413232,-24.8960751
1.0024400,1.0024400,1.0093547,-0.2910616,-0.2276042,-0.7141283,-0.0602316,-0.5193558,-2.5234514,-8.7795500,-24.4535071
1.0074400,1.0074400,1.0143547,-0.2857698,-0.2234659,-0.7011482,-0.0591363,-0.5099157,-2.4776784,-8.6213353,-24.0202894
1.0124400,1.0124400,1.0193547,-0.2805963,-0.2194200,-0.6884579,-0.0580654,-0.5006864,-2.4329227,-8.4665869,-23.5962000
1.0174400,1.0174400,1.0243547,-0.2755378,-0.2154641,-0.6760495,-0.0570184,-0.4916621,-2.3891572,-8.3152151,-23.1810223
1.0224400,1.0224400,1.0293547,-0.2705912,-0.2115958,-0.6639157,-0.0559946,-0.4828375,-2.3463559,-8.1671330,-22.7745450
1.0274400,1.0274400,1.0343547,-0.2657536,-0.2078127,-0.6520490,-0.0549933,-0.4742072,-2.3044932,-8.0222563,-22.3765618
1.0324400,1.0324400,1.0393547,-0.2610222,-0.2041126,-0.6404424,-0.0540140,-0.4657661,-2.2635445,-7.8805030,-21.9868716
1.0374400,1.0374400,1.0443547,-0.2563940,-0.2004933,-0.6290891,-0.0530561,-0.4575092,-2.2234859,-7.7417936,-21.6052783
1.0424400,1.0424400,1.0493547,-0.2518663,-0.1969526,-0.6179824,-0.0521190,-0.4494316,-2.1842944,-7.6060509,-21.2315903
1.0474400,1.0474400,1.0543547,-0.2474367,-0.1934885,-0.6071159,-0.0512022,-0.4415288,-2.1459474,-7.4731998,-20.8656211
1.0524400,1.0524400,1.0593547,-0.2431025,-0.1900991,-0.5964834,-0.0503052,-0.4337961,-2.1084233,-7.3431677,-20.5071888
1.0574400,1.0574400,1.0643547,-0.2388612,-0.1867824,-0.5860788,-0.0494274,-0.4262292,-2.0717008,-7.2158837,-20.1561159
1.0624400,1.0624400,1.0693547,-0.2347104,-0.1835365,-0.5758963,-0.0485683,-0.4188238,-2.0357596,-7.0912793,-19.8122295
1.0674400,1.0674400,1.0743547,-0.2306480,-0.1803596,-0.5659301,-0.0477275,-0.4115757,-2.0005797,-6.9692876,-19.4753609
1.0724400,1.0724400,1.0793547,-0.2266715,-0.1772500,-0.5561748,-0.0469046,-0.4044811,-1.9661419,-6.8498438,-19.1453458
1.0774400,1.0774400,1.0843547,-0.2227788,-0.1742059,-0.5466251,-0.0460989,-0.3975359,-1.9324275,-6.7328851,-18.8220240
1.0824400,1.0824400,1.0893547,-0.2189678,-0.1712257,-0.5372757,-0.0453102,-0.3907364,-1.8994184,-6.6183502,-18.5052392
1.0874400,1.0874400,1.0943547,-0.2152364,-0.1683078,-0.5281216,-0.0445380,-0.3840789,-1.8670968,-6.5061796,-18.1948392
1.0924400,1.0924400,1.0993547,-0.2115827,-0.1654506,-0.5191579,-0.0437818,-0.3775600,-1.8354457,-6.3963157,-17.8906757
1.0974400,1.0974400,1.1043547,-0.2080047,-0.1626526,-0.5103799,-0.0430413,-0.3711761,-1.8044485,-6.2887022,-17.5926041
1.1024400,1.1024400,1.1093547,-0.2045005,-0.1599123,-0.5017830,-0.0423161,-0.3649238,-1.7740891,-6.1832847,-17.3004834
1.1074400,1.1074400,1.1143547,-0.2010684,-0.1572284,-0.4933626,-0.0416059,-0.3588001,-1.7443518,-6.0800100,-17.0141762
1.1124400,1.1124400,1.1193547,-0.1977065,-0.1545994,-0.4851146,-0.0409101,-0.3528016,-1.7152214,-5.9788265,-16.7335487
1.1174400,1.1174400,1.1243547,-0.1944130,-0.1520240,-0.4770346,-0.0402285,-0.3469253,-1.6866831,-5.8796842,-16.4584704
1.1224400,1.1224400,1.1293547,-0.1911865,-0.1495009,-0.4691185,-0.0395608,-0.3411682,-1.6587226,-5.7825343,-16.1888141
1.1274400,1.1274400,1.1343547,-0.1880251,-0.1470287,-0.4613624,-0.0389066,-0.3355275,-1.6313259,-5.6873293,-15.9244558
1.1324400,1.1324400,1.1393547,-0.1849275,-0.1446064,-0.4537624,-0.0382655,-0.3300004,-1.6044794,-5.5940232,-15.6652748
1.1374400,1.1374400,1.1443547,-0.1818919,-0.1422326,-0.4463148,-0.0376373,-0.3245840,-1.5781699,-5.5025711,-15.4111533
1.1424400,1.1424400,1.1493547,-0.1789169,-0.1399062,-0.4390159,-0.0370217,-0.3192758,-1.5523848,-5.4129295,-15.1619765
1.1474400,1.1474400,1.1543547,-0.1760012,-0.1376261,-0.4318622,-0.0364183,-0.3140732,-1.5271114,-5.3250557,-14.9176325
1.1524400,1.1524400,1.1593547,-0.1731432,-0.1353912,-0.4248502,-0.0358269,-0.3089737,-1.5023378,-5.2389087,-14.6780124
1.1574400,1.1574400,1.1643547,-0.1703416,-0.1332005,-0.4179766,-0.0352471,-0.3039748,-1.4780521,-5.1544481,-14.4430097
1.1624400,1.1624400,1.1693547,-0.1675951,-0.1310528,-0.4112380,-0.0346787,-0.2990741,-1.4542428,-5.0716350,-14.2125210
1.1674400,1.1674400,1.1743547,-0.1649024,-0.1289471,-0.4046314,-0.0341215,-0.2942694,-1.4308990,-4.9904312,-13.9864451
1.1724400,1.1724400,1.1793547,-0.1622622,-0.1268826,-0.3981537,-0.0335752,-0.2895584,-1.4080096,-4.9107998,-13.7646836
1.1774400,1.1774400,1.1843547,-0.1596734,-0.1248581,-0.3918018,-0.0330394,-0.2849390,-1.3855643,-4.8327046,-13.5471405
1.1824400,1.1824400,1.1893547,-0.1571346,-0.1228729,-0.3855729,-0.0325141,-0.2804089,-1.3635527,-4.7561106,-13.3337222
1.1874400,1.1874400,1.1943547,-0.1546449,-0.1209259,-0.3794641,-0.0319988,-0.2759663,-1.3419649,-4.6809837,-13.1243374
1.1924400,1.1924400,1.1993547,-0.1522029,-0.1190164,-0.3734726,-0.0314935,-0.2716089,-1.3207911,-4.6072906,-12.9188972
1.1974400,1.1974400,1.2043547,-0.1498077,-0.1171434,-0.3675959,-0.0309979,-0.2673350,-1.3000220,-4.5349989,-12.7173147
1.2024400,1.2024400,1.2093547,-0.1474582,-0.1153061,-0.3618311,-0.0305117,-0.2631426,-1.2796482,-4.4640770,-12.5195054
1.2074400,1.2074400,1.2143547,-0.1451533,-0.1135038,-0.3561759,-0.0300347,-0.2590298,-1.2596610,-4.3944943,-12.3253867
1.2124400,1.2124400,1.2193547,-0.1428921,-0.1117356,-0.3506277,-0.0295668,-0.2549948,-1.2400515,-4.3262209,-12.1348781
1.2174400,1.2174400,1.2243547,-0.1406735,-0.1100007,-0.3451842,-0.0291077,-0.2510360,-1.2208113,-4.2592275,-11.9479013
1.2224400,1.2224400,1.2293547,-0.1384966,-0.1082984,-0.3398429,-0.0286572,-0.2471515,-1.2019321,-4.1934858,-11.7643795
1.2274400,1.2274400,1.2343547,-0.1363605,-0.1066280,-0.3346016,-0.0282152,-0.2433397,-1.1834059,-4.1289681,-11.5842382
1.2324400,1.2324400,1.2393547,-0.1342642,-0.1049888,-0.3294581,-0.0277814,-0.2395991,-1.1652248,-4.0656476,-11.4074045
1.2374400,1.2374400,1.2443547,-0.1322068,-0.1033800,-0.3244101,-0.0273557,-0.2359279,-1.1473812,-4.0034978,-11.2338074
1.2424400,1.2424400,1.2493547,-0.1301876,-0.1018010,-0.3194557,-0.0269379,-0.2323248,-1.1298676,-3.9424932,-11.0633775
1.2474400,1.2474400,1.2543547,-0.1282057,-0.1002512,-0.3145927,-0.0265277,-0.2287881,-1.1126769,-3.8826089,-10.8960472
1.2524400,1.2524400,1.2593547,-0.1262602,-0.0987299,-0.3098191,-0.0261252,-0.2253165,-1.0958019,-3.8238206,-10.7317506
1.2574400,1.2574400,1.2643547,-0.1243503,-0.0972364,-0.3051330,-0.0257300,-0.2219085,-1.0792359,-3.7661045,-10.5704232
1.2624400,1.2624400,1.2693547,-0.1224754,-0.0957703,-0.3005324,-0.0253420,-0.2185627,-1.0629719,-3.7094375,-10.4120021
1.2674400,1.2674400,1.2743547,-0.1206345,-0.0943308,-0.2960156,-0.0249611,-0.2152779,-1.0470037,-3.6537971,-10.2564262
1.2724400,1.2724400,1.2793547,-0.1188271,-0.0929174,-0.2915806,-0.0245871,-0.2120525,-1.0313246,-3.5991613,-10.1036356
1.2774400,1.2774400,1.2843547,-0.1170523,-0.0915296,-0.2872259,-0.0242198,-0.2088855,-1.0159287,-3.5455087,-9.9535718
1.2824400,1.2824400,1.2893547,-0.1153095,-0.0901668,-0.2829495,-0.0238592,-0.2057755,-1.0008097,-3.4928184,-9.8061778
1.2874400,1.2874400,1.2943547,-0.1135979,-0.0888284,-0.2787499,-0.0235050,-0.2027213,-0.9859619,-3.4410700,-9.6613981
1.2924400,1.2924400,1.2993547,-0.1119170,-0.0875140,-0.2746254,-0.0231572,-0.1997218,-0.9713793,-3.3902436,-9.5191783
1.2974400,1.2974400,1.3043547,-0.1102660,-0.0862230,-0.2705745,-0.0228156,-0.1967757,-0.9570565,-3.3403199,-9.3794653
1.3024400,1.3024400,1.3093547,-0.1086444,-0.0849549,-0.2665955,-0.0224800,-0.1938820,-0.9429880,-3.2912798,-9.2422075
1.3074400,1.3074400,1.3143547,-0.1070515,-0.0837094,-0.2626870,-0.0221504,-0.1910395,-0.9291683,-3.2431050,-9.1073541
1.3124400,1.3124400,1.3193547,-0.1054867,-0.0824858,-0.2588474,-0.0218266,-0.1882472,-0.9155924,-3.1957774,-8.9748560
1.3174400,1.3174400,1.3243547,-0.1039495,-0.0812837,-0.2550754,-0.0215085,-0.1855040,-0.9022550,-3.1492795,-8.8446649
1.3224400,1.3224400,1.3293547,-0.1024392,-0.0801027,-0.2513695,-0.0211960,-0.1828089,-0.8891513,-3.1035940,-8.7167338
1.3274400,1.3274400,1.3343547,-0.1009553,-0.0789423,-0.2477284,-0.0208890,-0.1801609,-0.8762765,-3.0587043,-8.5910166
1.3324400,1.3324400,1.3393547,-0.0994972,-0.0778022,-0.2441507,-0.0205873,-0.1775590,-0.8636257,-3.0145940,-8.4674684
1.3374400,1.3374400,1.3443547,-0.0980645,-0.0766818,-0.2406352,-0.0202908,-0.1750023,-0.8511943,-2.9712471,-8.3460455
1.3424400,1.3424400,1.3493547,-0.0966566,-0.0755809,-0.2371804,-0.0199995,-0.1724898,-0.8389780,-2.9286480,-8.2267050
1.3474400,1.3474400,1.3543547,-0.0952729,-0.0744989,-0.2337853,-0.0197132,-0.1700207,-0.8269722,-2.8867817,-8.1094051
1.3524400,1.3524400,1.3593547,-0.0939130,-0.0734356,-0.2304485,-0.0194318,-0.1675940,-0.8151728,-2.8456331,-7.9941048
1.3574400,1.3574400,1.3643547,-0.0925765,-0.0723904,-0.2271690,-0.0191552,-0.1652089,-0.8035754,-2.8051878,-7.8807642
1.3624400,1.3624400,1.3693547,-0.0912628,-0.0713632,-0.2239454,-0.0188834,-0.1628646,-0.7921761,-2.7654316,-7.7693443
1.3674400,1.3674400,1.3743547,-0.0899715,-0.0703534,-0.2207768,-0.0186162,-0.1605602,-0.7809708,-2.7263507,-7.6598070
1.3724400,1.3724400,1.3793547,-0.0887021,-0.0693608,-0.2176620,-0.0183535,-0.1582950,-0.7699556,-2.6879317,-7.5521149
1.3774400,1.3774400,1.3843547,-0.0874541,-0.0683850,-0.2145999,-0.0180953,-0.1560680,-0.7591267,-2.6501612,-7.4462318
1.3824400,1.3824400,1.3893547,-0.0862273,-0.0674256,-0.2115894,-0.0178414,-0.1538787,-0.7484805,-2.6130264,-7.3421219
1.3874400,1.3874400,1.3943547,-0.0850211,-0.0664824,-0.2086296,-0.0175919,-0.1517262,-0.7380132,-2.5765147,-7.2397506
1.3924400,1.3924400,1.3993547,-0.0838351,-0.0655550,-0.2057195,-0.0173465,-0.1496097,-0.7277214,-2.5406138,-7.1390837
1.3974400,1.3974400,1.4043547,-0.0826689,-0.0646431,-0.2028580,-0.0171052,-0.1475287,-0.7176015,-2.5053117,-7.0400881
1.4024400,1.4024400,1.4093547,-0.0815222,-0.0637464,-0.2000441,-0.0168679,-0.1454823,-0.7076502,-2.4705966,-6.9427313
1.4074400,1.4074400,1.4143547,-0.0803945,-0.0628646,-0.1972771,-0.0166345,-0.1434700,-0.6978641,-2.4364570,-6.8469814
1.4124400,1.4124400,1.4193547,-0.0792855,-0.0619974,-0.1945558,-0.0164051,-0.1414910,-0.6882401,-2.4028818,-6.7528075
1.4174400,1.4174400,1.4243547,-0.0781949,-0.0611446,-0.1918796,-0.0161794,-0.1395446,-0.6787750,-2.3698599,-6.6601791
1.4224400,1.4224400,1.4293547,-0.0771221,-0.0603058,-0.1892473,-0.0159574,-0.1376304,-0.6694656,-2.3373806,-6.5690666
1.4274400,1.4274400,1.4343547,-0.0760670,-0.0594807,-0.1866583,-0.0157391,-0.1357475,-0.6603090,-2.3054335,-6.4794409
1.4324400,1.4324400,1.4393547,-0.0750292,-0.0586692,-0.1841117,-0.0155244,-0.1338955,-0.6513023,-2.2740082,-6.3912737
1.4374400,1.4374400,1.4443547,-0.0740083,-0.0578709,-0.1816067,-0.0153131,-0.1320737,-0.6424424,-2.2430949,-6.3045370
1.4424400,1.4424400,1.4493547,-0.0730041,-0.0570856,-0.1791424,-0.0151053,-0.1302815,-0.6337267,-2.2126836,-6.2192038
1.4474400,1.4474400,1.4543547,-0.0720161,-0.0563131,-0.1767181,-0.0149009,-0.1285184,-0.6251523,-2.1827648,-6.1352475
1.4524400,1.4524400,1.4593547,-0.0710441,-0.0555530,-0.1743330,-0.0146998,-0.1267839,-0.6167165,-2.1533291,-6.0526421
1.4574400,1.4574400,1.4643547,-0.0700878,-0.0548052,-0.1719864,-0.0145019,-0.1250773,-0.6084168,-2.1243674,-5.9713621
1.4624400,1.4624400,1.4693547,-0.0691468,-0.0540694,-0.1696775,-0.0143072,-0.1233982,-0.6002505,-2.0958707,-5.8913827
1.4674400,1.4674400,1.4743547,-0.0682210,-0.0533455,-0.1674057,-0.0141157,-0.1217460,-0.5922151,-2.0678303,-5.8126796
1.4724400,1.4724400,1.4793547,-0.0673100,-0.0526331,-0.1651701,-0.0139271,-0.1201202,-0.5843082,-2.0402375,-5.7352288
1.4774400,1.4774400,1.4843547,-0.0664135,-0.0519321,-0.1629703,-0.0137416,-0.1185203,-0.5765273,-2.0130839,-5.6590071
1.4824400,1.4824400,1.4893547,-0.0655312,-0.0512422,-0.1608054,-0.0135591,-0.1169459,-0.5688701,-1.9863615,-5.5839916
1.4874400,1.4874400,1.4943547,-0.0646630,-0.0505632,-0.1586748,-0.0133794,-0.1153965,-0.5613342,-1.9600621,-5.5101602
1.4924400,1.4924400,1.4993547,-0.0638084,-0.0498950,-0.1565780,-0.0132026,-0.1138715,-0.5539175,-1.9341779,-5.4374908
1.4974400,1.4974400,1.5043547,-0.0629674,-0.0492374,-0.1545142,-0.0130286,-0.1123706,-0.5466176,-1.9087012,-5.3659621
1.5024400,1.5024400,1.5093547,-0.0621395,-0.0485900,-0.1524828,-0.0128573,-0.1108933,-0.5394325,-1.8836245,-5.2955532
1.5074400,1.5074400,1.5143547,-0.0613247,-0.0479529,-0.1504833,-0.0126887,-0.1094391,-0.5323600,-1.8589404,-5.2262436
1.5124400,1.5124400,1.5193547,-0.0605226,-0.0473256,-0.1485150,-0.0125227,-0.1080077,-0.5253981,-1.8346417,-5.1580132
1.5174400,1.5174400,1.5243547,-0.0597330,-0.0467082,-0.1465775,-0.0123594,-0.1065986,-0.5185447,-1.8107213,-5.0908424
1.5224400,1.5224400,1.5293547,-0.0589557,-0.0461004,-0.1446701,-0.0121985,-0.1052115,-0.5117978,-1.7871725,-5.0247119
1.5274400,1.5274400,1.5343547,-0.0581904,-0.0455020,-0.1427922,-0.0120402,-0.1038458,-0.5051555,-1.7639883,-4.9596030
1.5324400,1.5324400,1.5393547,-0.0574370,-0.0449128,-0.1409434,-0.0118843,-0.1025012,-0.4986159,-1.7411622,-4.8954972
1.5374400,1.5374400,1.5443547,-0.0566951,-0.0443328,-0.1391231,-0.0117308,-0.1011774,-0.4921771,-1.7186877,-4.8323764
1.5424400,1.5424400,1.5493547,-0.0559647,-0.0437616,-0.1373308,-0.0115797,-0.0998740,-0.4858374,-1.6965585,-4.7702230
1.5474400,1.5474400,1.5543547,-0.0552455,-0.0431992,-0.1355660,-0.0114308,-0.0985905,-0.4795948,-1.6747683,-4.7090196
1.5524400,1.5524400,1.5593547,-0.0545373,-0.0426455,-0.1338282,-0.0112843,-0.0973267,-0.4734478,-1.6533111,-4.6487493
1.5574400,1.5574400,1.5643547,-0.0538400,-0.0421001,-0.1321169,-0.0111400,-0.0960822,-0.4673945,-1.6321809,-4.5893955
1.5624400,1.5624400,1.5693547,-0.0531532,-0.0415631,-0.1304317,-0.0109979,-0.0948566,-0.4614333,-1.6113719,-4.5309419
1.5674400,1.5674400,1.5743547,-0.0524768,-0.0410342,-0.1287720,-0.0108580,-0.0936496,-0.4555625,-1.5908784,-4.4733725
1.5724400,1.5724400,1.5793547,-0.0518107,-0.0405134,-0.1271375,-0.0107201,-0.0924609,-0.4497806,-1.5706947,-4.4166718
1.5774400,1.5774400,1.5843547,-0.0511547,-0.0400004,-0.1255276,-0.0105844,-0.0912901,-0.4440860,-1.5508155,-4.3608245
1.5824400,1.5824400,1.5893547,-0.0505085,-0.0394951,-0.1239420,-0.0104507,-0.0901370,-0.4384771,-1.5312353,-4.3058155
1.5874400,1.5874400,1.5943547,-0.0498720,-0.0389974,-0.1223802,-0.0103190,-0.0890011,-0.4329524,-1.5119488,-4.2516303
1.5924400,1.5924400,1.5993547,-0.0492451,-0.0385072,-0.1208418,-0.0101893,-0.0878823,-0.4275104,-1.4929510,-4.1982543
1.5974400,1.5974400,1.6043547,-0.0486275,-0.0380243,-0.1193264,-0.0100615,-0.0867802,-0.4221498,-1.4742368,-4.1456735
1.6024400,1.6024400,1.6093547,-0.0480191,-0.0375485,-0.1178335,-0.0099356,-0.0856946,-0.4168690,-1.4558011,-4.0938741
1.6074400,1.6074400,1.6143547,-0.0474198,-0.0370799,-0.1163629,-0.0098116,-0.0846250,-0.4116667,-1.4376393,-4.0428425
1.6124400,1.6124400,1.6193547,-0.0468294,-0.0366182,-0.1149140,-0.0096894,-0.0835714,-0.4065415,-1.4197465,-3.9925655
1.6174400,1.6174400,1.6243547,-0.0462477,-0.0361633,-0.1134866,-0.0095691,-0.0825333,-0.4014920,-1.4021180,-3.9430301
1.6224400,1.6224400,1.6293547,-0.0456746,-0.0357152,-0.1120802,-0.0094505,-0.0815105,-0.3965171,-1.3847494,-3.8942235
1.6274400,1.6274400,1.6343547,-0.0451099,-0.0352736,-0.1106946,-0.0093337,-0.0805027,-0.3916153,-1.3676361,-3.8461331
1.6324400,1.6324400,1.6393547,-0.0445535,-0.0348386,-0.1093292,-0.0092185,-0.0795098,-0.3867855,-1.3507737,-3.7987469
1.6374400,1.6374400,1.6443547,-0.0440052,-0.0344098,-0.1079839,-0.0091051,-0.0785314,-0.3820264,-1.3341581,-3.7520526
1.6424400,1.6424400,1.6493547,-0.0434650,-0.0339874,-0.1066582,-0.0089933,-0.0775673,-0.3773367,-1.3177848,-3.7060387
1.6474400,1.6474400,1.6543547,-0.0429326,-0.0335711,-0.1053518,-0.0088831,-0.0766172,-0.3727153,-1.3016499,-3.6606934
1.6524400,1.6524400,1.6593547,-0.0424079,-0.0331609,-0.1040644,-0.0087746,-0.0756810,-0.3681611,-1.2857493,-3.6160056
1.6574400,1.6574400,1.6643547,-0.0418909,-0.0327566,-0.1027956,-0.0086676,-0.0747583,-0.3636729,-1.2700790,-3.5719640
1.6624400,1.6624400,1.6693547,-0.0413813,-0.0323581,-0.1015453,-0.0085622,-0.0738489,-0.3592496,-1.2546350,-3.5285579
1.6674400,1.6674400,1.6743547,-0.0408791,-0.0319654,-0.1003129,-0.0084583,-0.0729527,-0.3548901,-1.2394137,-3.4857765
1.6724400,1.6724400,1.6793547,-0.0403841,-0.0315783,-0.0990983,-0.0083558,-0.0720693,-0.3505933,-1.2244113,-3.4436094
1.6774400,1.6774400,1.6843547,-0.0398963,-0.0311968,-0.0979011,-0.0082549,-0.0711987,-0.3463581,-1.2096240,-3.4020462
1.6824400,1.6824400,1.6893547,-0.0394154,-0.0308208,-0.0967210,-0.0081554,-0.0703405,-0.3421836,-1.1950483,-3.3610770
1.6874400,1.6874400,1.6943547,-0.0389413,-0.0304501,-0.0955578,-0.0080573,-0.0694945,-0.3380687,-1.1806807,-3.3206918
1.6924400,1.6924400,1.6993547,-0.0384741,-0.0300848,-0.0944112,-0.0079606,-0.0686607,-0.3340124,-1.1665177,-3.2808810
1.6974400,1.6974400,1.7043547,-0.0380135,-0.0297246,-0.0932809,-0.0078653,-0.0678386,-0.3300138,-1.1525559,-3.2416351
1.7024400,1.7024400,1.7093547,-0.0375594,-0.0293695,-0.0921666,-0.0077714,-0.0670283,-0.3260719,-1.1387920,-3.2029447
1.7074400,1.7074400,1.7143547,-0.0371117,-0.0290194,-0.0910681,-0.0076787,-0.0662294,-0.3221858,-1.1252227,-3.1648006
1.7124400,1.7124400,1.7193547,-0.0366703,-0.0286743,-0.0899851,-0.0075874,-0.0654417,-0.3183545,-1.1118447,-3.1271940
1.7174400,1.7174400,1.7243547,-0.0362352,-0.0283341,-0.0889173,-0.0074974,-0.0646652,-0.3145771,-1.0986551,-3.0901160
1.7224400,1.7224400,1.7293547,-0.0358062,-0.0279986,-0.0878645,-0.0074086,-0.0638996,-0.3108528,-1.0856506,-3.0535579
1.7274400,1.7274400,1.7343547,-0.0353832,-0.0276678,-0.0868265,-0.0073211,-0.0631447,-0.3071807,-1.0728283,-3.0175113
1.7324400,1.7324400,1.7393547,-0.0349661,-0.0273417,-0.0858030,-0.0072348,-0.0624003,-0.3035599,-1.0601852,-2.9819679
1.7374400,1.7374400,1.7443547,-0.0345548,-0.0270201,-0.0847938,-0.0071497,-0.0616664,-0.2999896,-1.0477183,-2.9469194
1.7424400,1.7424400,1.7493547,-0.0341492,-0.0267030,-0.0837986,-0.0070658,-0.0609426,-0.2964690,-1.0354248,-2.9123580
1.7474400,1.7474400,1.7543547,-0.0337493,-0.0263902,-0.0828172,-0.0069830,-0.0602289,-0.2929973,-1.0233019,-2.8782756
1.7524400,1.7524400,1.7593547,-0.0333549,-0.0260819,-0.0818495,-0.0069014,-0.0595251,-0.2895736,-1.0113469,-2.8446647
1.7574400,1.7574400,1.7643547,-0.0329660,-0.0257777,-0.0808951,-0.0068210,-0.0588310,-0.2861973,-0.9995570,-2.8115176
1.7624400,1.7624400,1.7693547,-0.0325824,-0.0254778,-0.0799538,-0.0067416,-0.0581465,-0.2828675,-0.9879296,-2.7788269
1.7674400,1.7674400,1.7743547,-0.0322041,-0.0251820,-0.0790256,-0.0066633,-0.0574714,-0.2795835,-0.9764621,-2.7465852
1.7724400,1.7724400,1.7793547,-0.0318310,-0.0248902,-0.0781100,-0.0065861,-0.0568056,-0.2763446,-0.9651520,-2.7147855
1.7774400,1.7774400,1.7843547,-0.0314631,-0.0246025,-0.0772070,-0.0065100,-0.0561489,-0.2731501,-0.9539966,-2.6834207
1.7824400,1.7824400,1.7893547,-0.0311001,-0.0243187,-0.0763164,-0.0064349,-0.0555012,-0.2699992,-0.9429936,-2.6524839
1.7874400,1.7874400,1.7943547,-0.0307421,-0.0240387,-0.0754378,-0.0063608,-0.0548623,-0.2668912,-0.9321405,-2.6219682
1.7924400,1.7924400,1.7993547,-0.0303889,-0.0237626,-0.0745713,-0.0062877,-0.0542321,-0.2638255,-0.9214351,-2.5918671
1.7974400,1.7974400,1.8043547,-0.0300406,-0.0234902,-0.0737165,-0.0062157,-0.0536104,-0.2608015,-0.9108748,-2.5621740
1.8024400,1.8024400,1.8093547,-0.0296970,-0.0232215,-0.0728732,-0.0061446,-0.0529972,-0.2578183,-0.9004575,-2.5328825
1.8074400,1.8074400,1.8143547,-0.0293580,-0.0229564,-0.0720414,-0.0060744,-0.0523922,-0.2548755,-0.8901808,-2.5039863
1.8124400,1.8124400,1.8193547,-0.0290236,-0.0226949,-0.0712208,-0.0060052,-0.0517954,-0.2519724,-0.8800427,-2.4754791
1.8174400,1.8174400,1.8243547,-0.0286936,-0.0224369,-0.0704112,-0.0059370,-0.0512066,-0.2491083,-0.8700409,-2.4473550
1.8224400,1.8224400,1.8293547,-0.0283681,-0.0221824,-0.0696125,-0.0058696,-0.0506258,-0.2462826,-0.8601733,-2.4196079
1.8274400,1.8274400,1.8343547,-0.0280470,-0.0219313,-0.0688244,-0.0058032,-0.0500527,-0.2434948,-0.8504378,-2.3922320
1.8324400,1.8324400,1.8393547,-0.0277302,-0.0216836,-0.0680470,-0.0057376,-0.0494872,-0.2407442,-0.8408323,-2.3652216
1.8374400,1.8374400,1.8443547,-0.0274176,-0.0214391,-0.0672798,-0.0056729,-0.0489294,-0.2380303,-0.8313549,-2.3385708
1.8424400,1.8424400,1.8493547,-0.0271091,-0.0211979,-0.0665229,-0.0056091,-0.0483789,-0.2353525,-0.8220035,-2.3122743
1.8474400,1.8474400,1.8543547,-0.0268047,-0.0209599,-0.0657761,-0.0055461,-0.0478357,-0.2327103,-0.8127762,-2.2863266
1.8524400,1.8524400,1.8593547,-0.0265044,-0.0207251,-0.0650391,-0.0054840,-0.0472998,-0.2301030,-0.8036711,-2.2607222
1.8574400,1.8574400,1.8643547,-0.0262081,-0.0204933,-0.0643119,-0.0054227,-0.0467709,-0.2275302,-0.7946864,-2.2354559
1.8624400,1.8624400,1.8693547,-0.0259156,-0.0202647,-0.0635942,-0.0053622,-0.0462490,-0.2249914,-0.7858201,-2.2105226
1.8674400,1.8674400,1.8743547,-0.0256270,-0.0200390,-0.0628860,-0.0053024,-0.0457339,-0.2224860,-0.7770705,-2.1859171
1.8724400,1.8724400,1.8793547,-0.0253422,-0.0198163,-0.0621871,-0.0052435,-0.0452257,-0.2200134,-0.7684358,-2.1616345
1.8774400,1.8774400,1.8843547,-0.0250611,-0.0195965,-0.0614974,-0.0051854,-0.0447241,-0.2175733,-0.7599141,-2.1376699
1.8824400,1.8824400,1.8893547,-0.0247837,-0.0193796,-0.0608167,-0.0051280,-0.0442290,-0.2151651,-0.7515040,-2.1140183
1.8874400,1.8874400,1.8943547,-0.0245099,-0.0191655,-0.0601449,-0.0050713,-0.0437404,-0.2127883,-0.7432035,-2.0906752
1.8924400,1.8924400,1.8993547,-0.0242397,-0.0189542,-0.0594818,-0.0050154,-0.0432582,-0.2104425,-0.7350111,-2.0676358
1.8974400,1.8974400,1.9043547,-0.0239730,-0.0187457,-0.0588273,-0.0049602,-0.0427823,-0.2081271,-0.7269251,-2.0448955
1.9024400,1.9024400,1.9093547,-0.0237098,-0.0185398,-0.0581814,-0.0049058,-0.0423125,-0.2058418,-0.7189440,-2.0224499
1.9074400,1.9074400,1.9143547,-0.0234499,-0.0183366,-0.0575438,-0.0048520,-0.0418488,-0.2035861,-0.7110662,-2.0002945
1.9124400,1.9124400,1.9193547,-0.0231935,-0.0181361,-0.0569144,-0.0047989,-0.0413911,-0.2013594,-0.7032900,-1.9784250
1.9174400,1.9174400,1.9243547,-0.0229403,-0.0179381,-0.0562931,-0.0047465,-0.0409392,-0.1991615,-0.6956140,-1.9568371
1.9224400,1.9224400,1.9293547,-0.0226904,-0.0177427,-0.0556798,-0.0046948,-0.0404932,-0.1969918,-0.6880368,-1.9355267
1.9274400,1.9274400,1.9343547,-0.0224437,-0.0175498,-0.0550744,-0.0046438,-0.0400530,-0.1948500,-0.6805567,-1.9144895
1.9324400,1.9324400,1.9393547,-0.0222001,-0.0173593,-0.0544768,-0.0045934,-0.0396183,-0.1927356,-0.6731725,-1.8937215
1.9374400,1.9374400,1.9443547,-0.0219597,-0.0171713,-0.0538868,-0.0045436,-0.0391892,-0.1906483,-0.6658825,-1.8732188
1.9424400,1.9424400,1.9493547,-0.0217223,-0.0169857,-0.0533043,-0.0044945,-0.0387656,-0.1885876,-0.6586856,-1.8529775
1.9474400,1.9474400,1.9543547,-0.0214879,-0.0168025,-0.0527292,-0.0044460,-0.0383474,-0.1865530,-0.6515802,-1.8329936
1.9524400,1.9524400,1.9593547,-0.0212566,-0.0166215,-0.0521615,-0.0043982,-0.0379345,-0.1845444,-0.6445651,-1.8132633
1.9574400,1.9574400,1.9643547,-0.0210281,-0.0164429,-0.0516009,-0.0043509,-0.0375268,-0.1825612,-0.6376389,-1.7937831
1.9624400,1.9624400,1.9693547,-0.0208026,-0.0162665,-0.0510474,-0.0043042,-0.0371243,-0.1806031,-0.6308004,-1.7745491
1.9674400,1.9674400,1.9743547,-0.0205799,-0.0160924,-0.0505009,-0.0042581,-0.0367269,-0.1786697,-0.6240481,-1.7555578
1.9724400,1.9724400,1.9793547,-0.0203600,-0.0159205,-0.0499613,-0.0042126,-0.0363345,-0.1767607,-0.6173809,-1.7368057
1.9774400,1.9774400,1.9843547,-0.0201429,-0.0157507,-0.0494285,-0.0041677,-0.0359470,-0.1748757,-0.6107975,-1.7182892
1.9824400,1.9824400,1.9893547,-0.0199285,-0.0155830,-0.0489024,-0.0041234,-0.0355643,-0.1730143,-0.6042968,-1.7000050
1.9874400,1.9874400,1.9943547,-0.0197167,-0.0154175,-0.0483829,-0.0040796,-0.0351865,-0.1711763,-0.5978774,-1.6819497
1.9924400,1.9924400,1.9993547,-0.0195077,-0.0152540,-0.0478698,-0.0040363,-0.0348134,-0.1693612,-0.5915383,-1.6641199
1.9974400,1.9974400,2.0043547,-0.0193012,-0.0150925,-0.0473632,-0.0039936,-0.0344449,-0.1675688,-0.5852783,-1.6465124
