# r[nm],d[nm],daligned[nm],UC(d)[kJ/mol],UK(d)[kJ/mol],UCl(d)[kJ/mol],UC2A(d)[kJ/mol],UC4A(d)[kJ/mol],UCPlus(d)[kJ/mol],UCMinus(d)[kJ/mol],UCMoreLJ(d)[kJ/mol],UCLessLJ(d)[kJ/mol]
-1.3818020,-1.3818020,-1.4219689,1800.0576553,1350.5485965,5686.3451740,214.3341475,4116.6218184,1840.1190396,1759.9976407,2103.5394764,1346.0362780
-1.3768020,-1.3768020,-1.4169689,1759.3269537,1302.5749590,5575.9378031,209.5113369,4024.0562906,1789.8239661,1728.8299413,2055.5245448,1315.6689689
-1.3718020,-1.3718020,-1.4119689,1711.4333676,1249.6877991,5442.4757962,203.8476427,3915.1301150,1732.4427044,1690.4240308,1999.0657271,1279.9612774
-1.3668020,-1.3668020,-1.4069689,1657.1419423,1192.3880754,5288.4331605,197.4343064,3791.5817757,1668.7183653,1645.5655193,1935.0648883,1239.4835928
-1.3618020,-1.3618020,-1.4019689,1597.2922820,1131.2284098,5116.5228474,190.3713493,3655.3196802,1599.4694385,1595.1151254,1864.5117864,1194.8618932
-1.3568020,-1.3568020,-1.3969689,1532.7754672,1066.7971463,4929.6229666,182.7647778,3508.3697347,1525.5655515,1539.9853829,1804.0979611,1146.7605354
-1.3518020,-1.3518020,-1.3919689,1464.5108818,999.7023559,4730.7027067,174.7237640,3352.8227181,1447.9045133,1481.1172503,1723.6250190,1095.8649779
-1.3468020,-1.3468020,-1.3869689,1393.4238620,930.5564289,4522.7508743,166.3579085,3190.7835273,1367.3901820,1419.4575421,1639.8248817,1042.8651175
-1.3418020,-1.3418020,-1.3819689,1320.4249714,859.9618171,4308.7096044,157.7746702,3024.3241171,1284.9119562,1355.9379865,1553.7709568,988.4398367
-1.3368020,-1.3368020,-1.3769689,1246.3915561,788.4983832,4091.4153304,149.0770401,2855.4416191,1201.3265434,1291.4565687,1466.4974942,933.2432525
-1.3318020,-1.3318020,-1.3719689,1172.1520687,716.7126988,3873.5485629,140.3615155,2686.0227450,1117.4424874,1226.8616501,1378.9811058,877.8930285
-1.3268020,-1.3268020,-1.3669689,1098.4734692,645.1095029,3657.5934649,131.7164257,2517.8151741,1034.0077625,1162.9391759,1292.1259138,822.9609818
-1.3218020,-1.3218020,-1.3619689,1026.0518406,574.1454126,3445.8076578,123.2206649,2352.4062330,951.7005691,1100.4031120,1206.7524878,768.9660862
-1.3168020,-1.3168020,-1.3569689,955.5061976,504.2248683,3240.2021909,114.9428961,2191.2088155,871.1233060,1039.8890891,1123.5905464,716.3698564
-1.3118020,-1.3118020,-1.3519689,887.3753293,435.6981942,3042.5311709,106.9413015,2035.4541810,792.7995582,981.9511005,1043.2752353,665.5739935
-1.3068020,-1.3068020,-1.3469689,822.1174100,368.8615838,2854.2902038,99.2639373,1886.1910227,717.1738338,927.0609863,966.3466679,616.9200955
-1.3018020,-1.3018020,-1.3419689,760.1120308,303.9587625,2676.7225509,91.9496788,1759.9311202,644.6137008,875.6103608,893.2523208,570.6911713
-1.2968020,-1.2968020,-1.3369689,701.6642570,241.1840441,2510.8317435,85.0296191,1626.0940804,575.4139288,827.9145853,824.3518171,527.1146664
-1.2918020,-1.2918020,-1.3319689,647.0102947,180.6864857,2357.3993293,78.5286444,1500.8667102,509.8022168,784.2183726,759.9236057,486.3666863
-1.2868020,-1.2868020,-1.3269689,596.3243477,122.5748457,2217.0064331,72.4668607,1384.6540912,447.9460921,744.7026033,700.1730447,448.5771071
-1.2818020,-1.2818020,-1.3219689,549.7262716,66.9230643,2090.0578737,66.8606349,1277.7379497,389.9605837,709.4919585,645.2414250,413.8352731
-1.2768020,-1.2768020,-1.3169689,507.2896608,13.7760131,1976.8076963,61.7232148,1180.2949108,335.9163117,678.6630034,595.2155047,382.1960061
-1.2718020,-1.2718020,-1.3119689,469.0500517,-36.8447094,1877.3851113,57.0650665,1092.4150170,285.8476741,652.2523887,550.1371835,353.6856771
-1.2668020,-1.2668020,-1.3069689,435.0129659,-84.9351213,1807.4610890,52.8941268,1014.1199052,239.7608659,630.2648594,510.0129953,328.3081429
-1.2618020,-1.2618020,-1.3019689,405.1615757,-130.5034935,1735.7083155,49.2161062,945.3801467,197.6415103,612.6807579,474.8231616,306.0504139
-1.2568020,-1.2568020,-1.2969689,379.4638237,-173.5653977,1677.6704531,46.0348782,886.1313588,159.4617352,599.4627331,444.5299988,286.8880079
-1.2518020,-1.2518020,-1.2919689,357.8788987,-214.1392591,1633.2183023,43.3529145,836.2887963,125.1865698,590.5615836,419.0855363,270.7899902
-1.2468020,-1.2468020,-1.2869689,340.3630058,-252.2424815,1602.2090570,41.1716982,795.7602102,94.7795676,585.9217991,398.4382476,257.7236438
-1.2418020,-1.2418020,-1.2819689,326.8743649,-287.8881863,1584.5018507,39.4920676,764.4568294,68.2075860,585.4880801,382.5388289,247.6585453
-1.2368020,-1.2368020,-1.2769689,317.3773125,-321.0825879,1579.9705600,38.3144683,742.3023726,45.4446701,589.2135075,371.3449535,240.5696750
-1.2318020,-1.2318020,-1.2719689,311.8453494,-351.8230112,1588.5137846,37.6391181,729.2400352,26.4750184,597.0671055,364.8249170,236.4392739
-1.2268020,-1.2268020,-1.2669689,310.2630765,-380.0965579,1610.0619585,37.4660960,725.2374206,11.2950317,609.0360730,362.9601255,235.2575258
-1.2218020,-1.2218020,-1.2619689,312.6271494,-405.8794209,1644.5815661,37.7953798,730.2893992,-0.0855375,625.1205361,365.7464635,237.0225471
-1.2168020,-1.2168020,-1.2569689,318.9464850,-429.1368495,1692.0764498,38.6268530,744.4188875,-7.6433337,645.3246921,373.1946407,241.7402648
-1.2118020,-1.2118020,-1.2519689,329.2418330,-449.8237678,1752.5861968,39.9602891,767.6755398,-11.3420610,669.6508619,385.3295693,249.4244228
-1.2068020,-1.2068020,-1.2469689,343.5445841,-467.8860509,1826.1816017,41.7953020,800.1323510,-11.1340790,698.1002392,402.1887127,260.0964352
-1.2018020,-1.2018020,-1.2419689,361.8945797,-483.2624641,1897.3161132,44.1312363,841.8801709,-6.9629384,730.6790226,423.8193063,273.7844979
-1.1968020,-1.1968020,-1.2369689,384.3368013,-495.8872514,1997.3798479,46.9669818,893.0201410,1.2331608,767.4040745,450.2744136,290.5214971
-1.1918020,-1.1918020,-1.2319689,410.9170102,-505.6933614,2110.8397727,50.3006989,953.6540860,13.5170137,808.3019571,481.6078720,310.3416714
-1.1868020,-1.1868020,-1.2269689,441.6764964,-512.6162856,2237.7880804,54.1294567,1023.8729212,29.9471867,853.4006649,517.8682161,333.2763346
-1.1818020,-1.1818020,-1.2219689,476.6460639,-516.5984795,2378.2824458,58.4488103,1103.7431804,50.5719732,902.7187158,559.0916550,359.3490309
-1.1768020,-1.1768020,-1.2169689,515.8393243,-517.5943173,2532.3249783,63.2523718,1193.2918292,75.4225938,956.2557278,605.2941792,388.5703374
-1.1718020,-1.1718020,-1.2119689,559.2453678,-515.5755081,2699.8391084,68.5314414,1292.4896021,104.5057472,1013.9849285,656.4629048,420.9323657
-1.1668020,-1.1668020,-1.2069689,606.8209259,-510.5368715,2880.6448654,74.2747249,1401.2331909,137.7956538,1075.8461891,712.5468183,456.4029701
-1.1618020,-1.1618020,-1.2019689,658.4822079,-502.5023416,3074.4331480,80.4680744,1519.3267111,175.2257803,1141.7386344,773.4471421,494.9197221
-1.1568020,-1.1568020,-1.1969689,714.0966497,-491.5310305,3280.7397401,87.0940943,1646.4629864,216.6804820,1211.5128174,839.0076041,536.3838000
-1.1518020,-1.1518020,-1.1919689,773.4748635,-477.7231502,3498.9199831,94.1314145,1782.2052996,261.9868478,1284.9628793,909.0049466,580.6540066
-1.1468020,-1.1468020,-1.1869689,836.3631251,-461.2255571,3728.1251654,101.5535317,1910.3292701,310.9070827,1361.8191675,983.1400695,627.5411753
-1.1418020,-1.1418020,-1.1819689,902.4367729,-442.2366530,3967.2818211,109.3273129,2061.3723042,363.1318004,1441.7417454,1061.0302494,676.8032504
-1.1368020,-1.1368020,-1.1769689,971.2949251,-421.0103547,4215.0752272,117.4114302,2218.7750503,418.2746326,1524.3152175,1142.2029111,728.1413493
-1.1318020,-1.1318020,-1.1719689,1042.4569345,-397.8588350,4469.9384349,125.7550555,2381.4378003,475.8685759,1609.0452931,1226.0914491,781.1971193
-1.1268020,-1.1268020,-1.1669689,1115.3609969,-373.1537377,4730.0481527,134.2971114,2548.0762902,535.3644912,1695.3575026,1312.0335867,835.5516996
-1.1218020,-1.1218020,-1.1619689,1189.3652960,-347.3255942,4993.3287016,142.9661350,2717.2243678,596.1321405,1782.5984515,1399.2727260,890.7265759
-1.1168020,-1.1168020,-1.1569689,1263.7520125,-320.8612073,5257.4650768,151.6805132,2887.2431690,657.4640893,1854.3988365,1486.9626739,946.1865686
-1.1118020,-1.1118020,-1.1519689,1337.7344347,-294.2988313,5519.9258662,160.3494428,3056.3373422,718.5827123,1941.2450578,1574.1760238,1001.3451342
-1.1068020,-1.1068020,-1.1469689,1410.4672896,-268.2210605,5777.9964057,168.8744958,3222.5785912,778.6504250,2026.6430548,1659.9163354,1055.5720686
-1.1018020,-1.1018020,-1.1419689,1481.0602734,-243.2454389,6028.8220905,177.1512903,3383.9364842,836.7831186,2109.6963288,1743.1340839,1108.2035940
-1.0968020,-1.0968020,-1.1369689,1548.5945923,-220.0129198,6269.4612411,185.0715903,3538.3161001,892.0666135,2189.4814716,1822.7461601,1158.5546916
-1.0918020,-1.0918020,-1.1319689,1612.1421521,-199.1744295,6496.9463669,192.5257224,3683.6016887,943.5757703,2265.0674345,1882.0173895,1205.9334087
-1.0868020,-1.0868020,-1.1269689,1670.7868578,-181.3759119,6708.3521074,199.4052019,3817.7051177,990.3957214,2335.5368948,1951.1500441,1249.6567386
-1.0818020,-1.0818020,-1.1219689,1723.6473208,-167.2423480,6900.8676153,205.6055028,3938.6175132,1031.6445237,2400.0090186,2013.4640091,1289.0675505
-1.0768020,-1.0768020,-1.1169689,1769.9001356,-157.3613414,7071.8707063,211.0288807,4044.4621833,1066.4963947,2457.6627771,2067.9886219,1323.5519434
-1.0718020,-1.0718020,-1.1119689,1808.8027855,-152.2669324,7219.0007874,215.5871399,4133.5466934,1094.2045949,2507.7598767,2113.8485751,1352.5563246
-1.0668020,-1.0668020,-1.1069689,1839.7154067,-152.4243362,7340.2274212,219.2042326,4204.4118494,1114.1229713,2549.6663141,2150.2893199,1375.6034752
-1.0618020,-1.0618020,-1.1019689,1846.4778305,-158.2162972,7433.9114133,221.8185729,4255.8753660,1125.7251847,2582.8715757,2176.6997149,1392.3068756
-1.0568020,-1.0568020,-1.0969689,1859.9920932,-169.9317014,7498.8555315,223.3849596,4287.0681573,1128.6207126,2607.0045732,2192.6308522,1402.3826115
-1.0518020,-1.0518020,-1.0919689,1864.3856438,-187.7569965,7534.3423846,223.8760144,4297.4614815,1122.5668522,2621.8455348,2197.8101401,1405.6582808
-1.0468020,-1.0468020,-1.0869689,1859.5841419,-211.7708425,7540.1575670,223.2830642,4286.8835902,1107.4761256,2627.3332576,2192.1499434,1402.0784581
-1.0418020,-1.0418020,-1.0819689,1845.6724856,-241.9422548,7516.5968989,221.6164231,4255.5250421,1083.4187202,2623.5673504,2175.7503431,1391.7064402
-1.0368020,-1.0368020,-1.0769689,1838.5334929,-278.1323240,7464.4573861,218.9050602,4203.9324149,1050.6198432,2610.8053497,2148.8958778,1374.7221850
-1.0318020,-1.0318020,-1.0719689,1807.2740408,-320.0994166,7385.0123568,215.1956690,4132.9907391,1009.4521314,2589.4548509,2112.0464316,1351.4165489
-1.0268020,-1.0268020,-1.0669689,1768.0628277,-367.5075791,7279.9720247,210.5511872,4043.8955442,960.4235076,2560.0610484,2065.8227320,1322.1821144
-1.0218020,-1.0218020,-1.0619689,1721.5462455,-419.9377169,7151.4314361,205.0488371,3938.1159127,904.1610932,2523.2902985,2010.9871800,1287.5010662
-1.0168020,-1.0168020,-1.0569689,1668.4717848,-476.9009891,7001.8083245,198.7777836,3817.3503449,841.3919685,2479.9105018,1948.4209463,1247.9307056
-1.0118020,-1.0118020,-1.0519689,1609.6660086,-537.8537749,6833.7737983,191.8365173,3683.4775161,772.9216948,2430.7692231,1879.0984155,1204.0872875
-1.0068020,-1.0068020,-1.0469689,1546.0116055,-602.2135217,6650.1789848,184.3300773,3538.5041587,699.6115777,2376.7705341,1819.7012349,1156.6289120
-1.0018020,-1.0018020,-1.0419689,1478.4241593,-669.3747819,6453.9807708,176.3672291,3384.5123053,622.3556521,2318.8515672,1740.0265304,1106.2382046
-0.9968020,-0.9968020,-1.0369689,1407.8295658,-738.7247858,6248.1696016,168.0577021,3223.6080064,542.0583179,2257.9597143,1656.8068843,1053.6054790
-0.9918020,-0.9918020,-1.0319689,1335.1429256,-809.6579690,6035.7019758,159.5095807,3057.8734012,459.6134502,2195.0313017,1571.1210524,999.4130006
-0.9868020,-0.9868020,-1.0269689,1261.2495994,-881.5889753,5819.4398226,150.8269240,2889.3237017,375.8856678,2130.9724317,1484.0127322,944.3208616
-0.9818020,-0.9818020,-1.0219689,1186.9889478,-953.9637687,5602.0984233,142.1076755,2719.8702705,291.6942794,2066.6425169,1396.4713946,888.9548584
-0.9768020,-0.9768020,-1.0169689,1113.1411008,-1026.2686188,5386.2039760,133.4419149,2551.2905752,207.8002489,2002.8408534,1309.4166870,833.8966270
-0.9718020,-0.9718020,-1.0119689,1040.4169280,-1098.0368411,5174.0613474,124.9105043,2385.2054045,124.8963479,1940.2964088,1223.6866102,779.6761657
-0.9668020,-0.9668020,-1.0069689,969.4512175,-1168.8532924,4967.7320367,116.5841925,2223.0633598,43.6005019,1879.6608338,1140.0294771,726.7667490
-0.9618020,-0.9618020,-1.0019689,900.7989304,-1238.3567197,4769.0219329,108.5232502,2066.1323202,-35.5478061,1837.1459994,1059.0994971,675.5821355
-0.9568020,-0.9568020,-0.9969689,834.9342835,-1306.2401414,4579.4780755,100.7777016,1915.4973158,-112.0883231,1781.9568901,981.4556956,626.4758837
-0.9518020,-0.9518020,-0.9919689,772.2523275,-1372.2494979,4400.3933655,93.3881583,1787.7051529,-185.6383379,1730.1429924,907.5637737,579.7425289
-0.9468020,-0.9468020,-0.9869689,713.0726331,-1436.1808504,4232.8179931,86.3871452,1652.2083128,-255.8889074,1682.0341644,837.8004536,535.6203310
-0.9418020,-0.9418020,-0.9819689,657.6446685,-1497.8764213,4077.5762658,79.8006671,1525.2236741,-322.5994124,1637.8886270,772.4598182,494.2952837
-0.9368020,-0.9368020,-0.9769689,606.1544517,-1557.2197735,3935.2875089,73.6496890,1407.1831219,-385.5908598,1597.8984845,711.7611526,455.9060722
-0.9318020,-0.9318020,-0.9719689,558.7320749,-1614.1304124,3806.3897676,67.9512643,1298.3916268,-444.7383343,1562.1918772,655.8578152,420.5496765
-0.9268020,-0.9268020,-0.9669689,515.4597329,-1668.5580701,3691.1651419,62.7192318,1199.0453629,-499.9629648,1530.8127394,604.8467016,388.2873393
-0.9218020,-0.9218020,-0.9619689,476.3799252,-1720.4769016,3589.7657169,57.9645939,1109.2502265,-551.2237329,1503.6308900,558.7779184,359.1506432
-0.9168020,-0.9168020,-0.9569689,441.5035522,-1785.5208882,3502.2392085,53.6957720,1029.0401242,-598.5094003,1480.2491362,517.6643353,333.1474870
-0.9118020,-0.9118020,-0.9519689,410.8176697,-1832.4140105,3428.5535930,49.9188931,958.3945150,-641.8307828,1460.4367018,481.4907441,310.2678143
-0.9068020,-0.9068020,-0.9469689,384.2927296,-1876.8118074,3368.6201472,46.6381636,897.2547946,-681.2135512,1444.6076784,450.2224089,290.4890301
-0.9018020,-0.9018020,-0.9419689,361.8891888,-1918.7324298,3322.3144559,43.8563007,845.5392097,-716.6916963,1433.2146525,423.8128515,273.7811046
-0.8968020,-0.8968020,-0.9369689,343.5634252,-1958.1937453,3289.4950676,41.5749548,803.1560772,-748.3017560,1426.4219416,402.2107653,260.1113288
-0.8918020,-0.8918020,-0.9319689,329.2728985,-1995.2099447,3270.0195760,39.7950696,770.0151501,-776.0778729,1424.2425883,385.3659897,249.4485366
-0.8868020,-0.8868020,-0.9269689,318.9804439,-2029.7887781,3263.7579793,38.5171533,746.0370291,-800.0477252,1426.6443122,373.2344762,241.7664383
-0.8818020,-0.8818020,-0.9219689,312.6575410,-2061.9294350,3270.6032300,37.7414597,731.1605573,-820.2293562,1433.5886445,365.7821615,237.0457368
-0.8768020,-0.8768020,-0.9169689,310.2864675,-2091.6210781,3290.4789222,37.4680912,725.3481645,-836.6289176,1445.0442342,362.9876872,235.2750159
-0.8718020,-0.8718020,-0.9119689,311.8614317,-2118.8420319,3323.3440878,37.6970445,728.5891420,-849.2393295,1460.9912627,364.8439842,236.4508191
-0.8668020,-0.8668020,-0.9069689,317.3889129,-2143.5596259,3369.1950870,38.4282224,740.9008372,-858.0398637,1481.4219635,371.3588169,240.5775149
-0.8618020,-0.8618020,-0.9019689,326.8873625,-2165.7306940,3428.0645808,39.6614230,762.3277642,-862.9966473,1506.3383677,382.5543558,247.6672835
-0.8568020,-0.8568020,-0.8969689,340.3861841,-2185.3027266,3500.0175792,41.3962987,792.9386239,-864.0640899,1535.7465927,398.4657401,257.7400439
-0.8518020,-0.8518020,-0.8919689,357.9237585,-2202.2156760,3585.1445646,43.6322604,832.8212360,-861.1872315,1569.6441682,419.1385301,270.8227615
-0.8468020,-0.8468020,-0.8869689,379.5443573,-2216.4044094,3683.5517013,46.3683082,882.0753890,-854.3050069,1607.9887585,444.6249946,286.9476152
-0.8418020,-0.8418020,-0.8819689,405.2939804,-2227.8018020,3795.3481678,49.6027752,940.8036379,-843.3544140,1650.6210107,474.9792714,306.1488912
-0.8368020,-0.8368020,-0.8769689,435.2152705,-2236.3424522,3920.6306890,53.3329816,1009.1001008,-828.2755622,1697.1599663,510.2514889,328.4588627
-0.8318020,-0.8318020,-0.8719689,469.3416443,-2241.9669896,4059.4654007,57.5548209,1087.0373520,-809.0175580,1747.1952053,550.4809268,353.9030342
-0.8268020,-0.8268020,-0.8669689,507.6907204,-2244.6269294,4211.8672597,62.2623263,1174.6515617,-785.5451619,1800.8063705,595.6882899,382.4950069
-0.8218020,-0.8218020,-0.8619689,550.2571064,-2244.2900043,4377.7773103,67.4472857,1271.9261057,-757.8461195,1856.7824274,645.8671938,414.2310400
-0.8168020,-0.8168020,-0.8569689,597.0046518,-2240.9458783,4557.0382414,73.0989433,1378.7739519,-725.9390304,1904.3072348,700.9750135,449.0843157
-0.8118020,-0.8118020,-0.8519689,647.8583318,-2234.6121172,4749.3688026,79.2037463,1495.0192319,-689.8815774,1969.9571418,760.9233047,486.9989514
-0.8068020,-0.8068020,-0.8469689,702.6959925,-2225.3402556,4954.3378036,85.7449931,1620.3785139,-649.7788892,2039.5297749,825.5680670,527.8838903
-0.8018020,-0.8018020,-0.8419689,761.3402346,-2213.2217648,5171.3385745,92.7021871,1754.4424026,-605.7917606,2112.8311304,894.7001751,571.6068747
-0.7968020,-0.7968020,-0.8369689,823.5507643,-2198.3936932,5399.5649206,100.0499638,1881.0171062,-558.1444072,2189.6048365,968.0363615,617.9887516
-0.7918020,-0.7918020,-0.8319689,889.0175789,-2181.0437186,5637.9897385,107.7566436,2030.6733995,-507.1313856,2269.5254440,1045.2111828,666.7983943
-0.7868020,-0.7868020,-0.8269689,957.3553862,-2161.4143273,5885.3475677,115.7826548,2186.8874036,-453.1232814,2352.1929544,1125.7704417,717.7485432
-0.7818020,-0.7818020,-0.8219689,1028.0996786,-2139.8058254,6140.1224073,124.0791512,2348.5961203,-396.5707432,2437.1290011,1209.1665587,770.4928787
-0.7768020,-0.7768020,-0.8169689,1100.7048783,-2116.5778817,6400.5421277,132.5871319,2514.5521804,-338.0064463,2523.7751035,1294.7563854,824.6246381
-0.7718020,-0.7718020,-0.8119689,1174.5449468,-2092.1493238,6664.5807208,141.2372041,2683.3252934,-278.0445912,2611.4933854,1381.8019233,879.6770701
-0.7668020,-0.7668020,-0.8069689,1248.9167989,-2066.9959450,6929.9694696,149.9497399,2853.3100718,-217.3775972,2699.5700956,1469.4743483,935.1259803
-0.7618020,-0.7618020,-0.8019689,1323.0467787,-2041.6461351,7194.2178527,158.6356541,3022.7408145,-156.7697312,2787.2221893,1556.8616451,990.3945596
-0.7568020,-0.7568020,-0.7969689,1396.1003445,-2016.6742292,7454.6446422,167.1979180,3189.7135791,-97.0475242,2873.6071139,1642.9800231,1044.8606041
-0.7518020,-0.7518020,-0.7919689,1467.1949679,-1992.6915671,7708.4192148,175.5331874,3352.2155593,-39.0869680,2957.8358044,1726.7891238,1097.8661335
-0.7468020,-0.7468020,-0.7869689,1535.4160964,-1970.3353669,7952.6125812,183.5338113,3508.1614175,16.2023581,3038.9887354,1807.2108373,1148.7292911
-0.7418020,-0.7418020,-0.7819689,1599.8358510,-1950.2556408,8184.2570902,191.0901997,3655.4358264,67.8959039,3116.1346987,1867.5102443,1196.7582845
-0.7368020,-0.7368020,-0.7769689,1659.5339542,-1933.1005086,8400.4131980,198.0934121,3791.9410764,115.0750068,3188.3518022,1937.8846848,1241.2669887
-0.7318020,-0.7318020,-0.7719689,1713.6202198,-1919.5003765,8598.2411636,204.4379055,3915.6482204,156.8493237,3254.7500165,2001.6436734,1281.5917137
-0.7268020,-0.7268020,-0.7669689,1761.2577877,-1910.0515596,8775.0750773,210.0243542,4024.6499057,192.3800225,3314.4944535,2057.8006868,1317.1085276
-0.7218020,-0.7218020,-0.7619689,1801.6861823,-1905.2999939,8928.4962816,214.7624382,4117.2127970,220.9028135,3366.8284516,2105.4592471,1347.2504477
-0.7168020,-0.7168020,-0.7569689,1834.2430877,-1905.7257343,9056.4030615,218.5734842,4191.8273585,241.7498400,3411.0954861,2143.8387379,1371.5237689
-0.7118020,-0.7118020,-0.7519689,1856.7824274,-1911.7289322,9157.0734683,221.3928462,4247.2527569,254.3694441,3446.7589150,2172.2976943,1389.5227933
-0.7068020,-0.7068020,-0.7469689,1858.0602091,-1923.6179481,9229.2183266,223.1719147,4282.5547808,258.3428826,3473.4186350,2190.3534723,1400.9422700
-0.7018020,-0.7018020,-0.7419689,1864.2899598,-1941.6001724,9272.0218528,223.8796578,4297.1349375,253.3971832,3490.8238358,2197.6973441,1405.5869424
-0.6968020,-0.6968020,-0.7369689,1861.3268125,-1965.7760036,9285.1678655,223.5036191,4290.7492853,239.4135068,3498.8812175,2194.2042711,1403.3777290
-0.6918020,-0.6918020,-0.7319689,1849.2238764,-1996.1362796,9268.8502627,222.0503226,4263.5160554,216.4305989,3497.6582532,2179.9368603,1394.3542262
-0.6868020,-0.6868020,-0.7269689,1843.8301544,-2032.5632849,9223.7672274,219.5450622,4215.9116768,184.6431579,3487.3813270,2155.1433062,1378.6734057
-0.6818020,-0.6818020,-0.7219689,1814.2325745,-2074.8352713,9151.0994538,216.0310887,4148.7554117,144.3952108,3468.4288388,2120.2494210,1356.6045750
-0.6768020,-0.6768020,-0.7169689,1776.5647781,-2122.6342513,9052.4734895,211.5682335,4063.1833826,96.1688373,3441.3196196,2075.8451611,1328.5208551
-0.6718020,-0.6718020,-0.7119689,1731.4535722,-2175.5566631,8929.9120197,206.2310390,3960.6132923,40.5688132,3406.6972318,2022.6663211,1294.8876036
-0.6668020,-0.6668020,-0.7069689,1679.6279738,-2233.1263716,8785.7735165,200.1064839,3842.7015666,-21.6960687,3365.3109170,1961.5722948,1256.2483487
-0.6618020,-0.6618020,-0.7019689,1621.9005419,-2294.8093753,8622.6841136,193.2914128,3711.2949572,-89.8341062,3317.9940906,1893.5209581,1213.2089043
-0.6568020,-0.6568020,-0.6969689,1559.1446041,-2360.0295335,8443.4648060,185.8897810,3568.3788184,-162.9932520,3265.6413608,1835.1828866,1166.4203914
-0.6518020,-0.6518020,-0.6919689,1492.2710060,-2428.1846198,8251.0571258,178.0098334,3416.0243032,-240.2841499,3209.1850625,1756.3497305,1116.5619028
-0.6468020,-0.6468020,-0.6869689,1422.2053287,-2498.6620370,8048.4503064,169.7613216,3256.3366264,-320.8026988,3149.5722568,1673.7535914,1064.3235177
-0.6418020,-0.6418020,-0.6819689,1349.8664262,-2570.8535955,7838.6126476,161.2528581,3091.4063297,-403.6512974,3087.7430505,1588.4776861,1010.3902997
-0.6368020,-0.6368020,-0.6769689,1276.1470010,-2644.1688542,7624.4293660,152.5894846,2923.2651751,-487.9580544,3024.6109571,1501.5743673,955.4278149
-0.6318020,-0.6318020,-0.6719689,1201.8967738,-2718.0466344,7408.6487013,143.8705195,2753.8479288,-572.8934105,2961.0458588,1414.0453184,900.0695837
-0.6268020,-0.6268020,-0.6669689,1127.9086278,-2791.9644430,7193.8374921,135.1877373,2584.9608976,-657.6837965,2897.8599527,1326.8252208,844.9067505
-0.6218020,-0.6218020,-0.6619689,1054.9079331,-2865.4456656,6982.3468721,126.6239314,2418.2576794,-741.6221232,2835.7968899,1240.7691693,790.4801246
-0.6168020,-0.6168020,-0.6569689,983.5450905,-2938.0645065,6776.2882125,118.2519209,2255.2222149,-824.0750675,2775.5241492,1156.6438814,737.2746209
-0.6118020,-0.6118020,-0.6519689,914.3911874,-3009.4487547,6577.5189733,110.1340739,2097.1588960,-904.4872640,2717.6285395,1075.1225771,685.7160211
-0.6068020,-0.6068020,-0.6469689,847.9365393,-3079.2805410,6387.6377405,102.3224161,1945.1892127,-982.3826288,2662.6146081,996.7832593,636.1698861
-0.6018020,-0.6018020,-0.6419689,784.5917984,-3147.2953141,6207.9874416,94.8593495,1815.8953148,-1057.3631379,2610.9056354,922.1100208,588.9423833
-0.5968020,-0.5968020,-0.6369689,724.6912508,-3213.2793064,6039.6655344,87.7788947,1678.7630316,-1129.1054374,2562.8468397,851.4969309,544.2827439
-0.5918020,-0.5918020,-0.6319689,668.4978896,-3277.0657821,5883.5398610,81.1082358,1550.0399041,-1197.3556997,2518.7103797,785.2540164,502.3870455
-0.5868020,-0.5868020,-0.6269689,616.2098453,-3338.5303658,5740.2688393,74.8692429,1430.1852929,-1261.9231438,2478.7017352,723.6148409,463.4030045
-0.5818020,-0.5818020,-0.6219689,567.9677663,-3397.5857382,5610.3247021,69.0796840,1319.5281322,-1322.6726261,2442.9670598,666.7452064,427.4354740
-0.5768020,-0.5768020,-0.6169689,523.8627738,-3454.1759649,5494.0185926,63.7540043,1218.2848823,-1379.5166771,2411.6011288,614.7525315,394.5523597
-0.5718020,-0.5718020,-0.6119689,483.9446543,-3508.2706935,5391.5264525,58.9037528,1126.5780224,-1432.4073171,2380.8044470,567.6955112,364.7906941
-0.5668020,-0.5668020,-0.6069689,448.2299963,-3559.8594221,5302.9147869,54.5378471,1044.4544299,-1481.3279405,2354.6072481,525.5937168,338.1626471
-0.5618020,-0.5618020,-0.6019689,416.7100298,-3608.9460054,5228.1655492,50.6628456,971.9031076,-1526.2855045,2333.3395880,488.4368530,314.6613121
-0.5568020,-0.5568020,-0.5969689,389.3579804,-3655.5435314,5167.1995382,47.2833045,908.8718277,-1567.3032123,2316.9504906,456.1934439,294.2661859
-0.5518020,-0.5518020,-0.5919689,366.1358113,-3699.6696680,5116.4164766,44.4022027,855.2823612,-1604.4138365,2305.3776479,428.8187818,276.9483353
-0.5468020,-0.5468020,-0.5869689,347.0002818,-3741.3425538,5076.9707751,42.0213710,811.0440504,-1637.6537876,2298.2935743,406.2620212,262.6752309
-0.5418020,-0.5418020,-0.5819689,331.9082659,-3780.5772817,5052.2821639,40.1418686,776.0655553,-1667.0580012,2295.2893435,388.4723464,251.4151001
-0.5368020,-0.5368020,-0.5769689,320.8212316,-3817.3830074,5039.9188788,38.7642725,750.2646619,-1692.6556919,2296.9717759,375.4041458,243.1404699
-0.5318020,-0.5318020,-0.5719689,313.7087264,-3851.7607005,5041.8889133,37.8888761,733.5760848,-1714.4670017,2303.2753124,367.0211098,237.8305410
-0.5268020,-0.5268020,-0.5669689,310.5507535,-3883.7015469,5058.3131437,37.5158067,725.9572225,-1732.5005588,2314.1487620,363.2991833,235.4723012
-0.5218020,-0.5218020,-0.5619689,311.3390917,-3913.1860065,5089.1015882,37.6450804,727.3918478,-1746.7519549,2329.5572172,364.2283712,236.0607180
-0.5168020,-0.5168020,-0.5569689,316.0777762,-3940.1835261,5134.2184904,38.2766189,737.8917192,-1772.8442398,2349.4829125,369.8134821,239.5986054
-0.5118020,-0.5118020,-0.5519689,324.7829271,-3964.6529071,5193.6816082,39.4102437,757.4961084,-1779.4638622,2373.9250348,380.0738950,246.0965839
-0.5068020,-0.5068020,-0.5469689,337.4818895,-3986.5433276,5267.5581975,41.0456429,786.2692393,-1782.2084767,2402.8984901,395.0423315,255.5730578
-0.5018020,-0.5018020,-0.5419689,354.2114680,-4005.7960171,5355.9576849,43.1822881,824.2956371,-1781.0247321,2436.4316240,414.7625379,268.0536952
-0.4968020,-0.4968020,-0.5369689,375.0150661,-4022.3465806,5459.0210246,45.8192811,871.6733938,-1775.8524472,2474.5628968,439.2858045,283.5698491
-0.4918020,-0.4918020,-0.5319689,399.9387282,-4036.1279646,5576.9067424,48.9551162,928.5053730,-1750.9875001,2517.3365152,468.6663460,302.1556948
-0.4868020,-0.4868020,-0.5269689,429.0262255,-4047.0740497,5707.1041997,52.5873511,994.8884005,-1737.6511009,2564.7970299,502.9556233,323.8442816
-0.4818020,-0.4818020,-0.5219689,462.3133365,-4055.1238431,5845.0761744,56.7122037,1070.9005289,-1720.1489176,2616.9829274,542.1956914,348.6628775
-0.4768020,-0.4768020,-0.5169689,499.8214104,-4060.2262279,5996.6268426,61.3241163,1156.5865121,-1698.4419832,2673.9192661,586.4116436,376.6278997
-0.4718020,-0.4718020,-0.5119689,541.5502765,-4062.3452060,6161.7139648,66.4153561,1251.9416994,-1672.5128015,2735.6094418,635.6032452,407.7395364
-0.4668020,-0.4668020,-0.5069689,587.4705920,-4061.4655442,6340.2019523,71.9756992,1356.8946379,-1642.3731214,2801.6732064,689.7358940,441.9760692
-0.4618020,-0.4618020,-0.5019689,637.5157841,-4057.5987044,6531.8364584,77.9921768,1471.2887690,-1608.0721100,2867.4625788,748.7311081,479.2879285
-0.4568020,-0.4568020,-0.4969689,691.5738010,-4050.7889051,6736.2183953,84.4487586,1594.8637143,-1569.7047086,2937.2112113,812.4567961,519.5915944
-0.4518020,-0.4518020,-0.4919689,749.4789443,-4041.1191259,6952.7782231,91.3257805,1727.2367547,-1527.4199062,3010.7366955,880.7176259,562.7635341
-0.4468020,-0.4468020,-0.4869689,811.0040978,-4028.7168320,7180.7515153,98.5989598,1852.2441197,-1481.4286138,3087.7957099,953.2458641,608.6344197
-0.4418020,-0.4418020,-0.4819689,875.8537145,-4013.7591653,7419.1569417,106.2380087,2000.4894993,-1432.0107833,3168.0771129,1029.6931086,656.9839024
-0.4368020,-0.4368020,-0.4769689,943.6579569,-3996.4773205,7666.7779256,114.2050582,2155.4841864,-1379.5213737,3251.1961882,1109.6233806,707.5362451
-0.4318020,-0.4318020,-0.4719689,1013.9684060,-3977.1598125,7922.1492985,122.4532125,2316.2017813,-1324.3947494,3336.6904620,1192.5080662,759.9571230
-0.4268020,-0.4268020,-0.4669689,1086.2557590,-3956.1543346,8183.5502854,130.9255490,2481.4319233,-1267.1470899,3424.0175087,1277.7232029,813.8519076
-0.4218020,-0.4218020,-0.4619689,1159.9099176,-3933.8679230,8449.0050924,139.5547462,2649.7805527,-1208.3764098,3512.5551457,1364.5495830,868.7657320
-0.4168020,-0.4168020,-0.4569689,1234.2428162,-3910.7651763,8716.2922136,148.2631700,2819.6764052,-1148.7598363,3601.6043694,1452.1760882,924.1856000
-0.4118020,-0.4118020,-0.4519689,1308.4942705,-3887.3643308,8982.9633350,156.9635404,2989.3843675,-1089.0478656,3690.3953072,1539.7065837,979.5447461
-0.4068020,-0.4068020,-0.4469689,1381.8410144,-3864.2310670,9246.3723734,165.5603127,3157.0260782,-1030.0554261,3778.0963556,1626.1705715,1034.2293735
-0.4018020,-0.4018020,-0.4419689,1453.4089637,-3841.9700194,9503.7147622,173.9512569,3320.6078596,-972.6497115,3863.8265395,1710.5376471,1087.5877972
-0.3968020,-0.3968020,-0.4369689,1522.2885860,-3821.2140696,9752.0765987,182.0294050,3478.0557042,-917.7348988,3946.6709714,1791.7356185,1138.9419034
-0.3918020,-0.3918020,-0.4319689,1587.5530856,-3802.6116266,9988.4927192,189.6853606,3627.2566534,-866.2340450,4025.6991169,1853.0308438,1187.6007076
-0.3868020,-0.3868020,-0.4269689,1648.2789350,-3786.8122217,10210.0122054,196.8098442,3766.1055011,-819.0686260,4099.9853967,1924.6168315,1232.8756614
-0.3818020,-0.3818020,-0.4219689,1703.5681127,-3774.4508681,10413.7692855,203.2964160,3892.5553700,-777.1363565,4168.6314826,1989.7938594,1274.0972334
-0.3768020,-0.3768020,-0.4169689,1752.5712603,-3766.1317395,10597.0571171,209.0442895,4004.6703680,-741.2880775,4230.7894988,2047.5606713,1310.6321731
-0.3718020,-0.3718020,-0.4119689,1794.5108548,-3762.4118049,10757.4015744,213.9611346,4100.6782692,-712.3046121,4285.6852225,2097.0006927,1341.9007881
-0.3668020,-0.3668020,-0.4069689,1828.7034135,-3763.7851081,10892.6319348,217.9657581,4179.0210074,-690.8745649,4332.6403060,2137.3082156,1367.3935039
-0.3618020,-0.3618020,-0.4019689,1855.0535797,-3770.6683885,11000.9453205,220.9905451,4238.4007326,-677.5740500,4371.0925322,2167.8122853,1386.6859716
-0.3568020,-0.3568020,-0.3969689,1856.0613823,-3783.3887128,11080.9618895,222.9835508,4277.8192885,-672.8492927,4400.6131566,2187.9971776,1399.4520184
-0.3518020,-0.3518020,-0.3919689,1864.1382297,-3802.1737069,11131.7681165,223.9101424,4296.6092088,-677.0029394,4420.9204981,2197.5184787,1405.4738180
-0.3468020,-0.3468020,-0.3869689,1863.0316272,-3827.1448664,11152.9460186,223.7541111,4294.4547020,-690.1847506,4431.8891045,2196.2139728,1404.6487760
-0.3418020,-0.3418020,-0.3819689,1852.7628940,-3858.3142755,11144.5868546,222.5181975,4271.4015730,-712.3871405,4433.5540278,2184.1087916,1396.9927872
-0.3368020,-0.3368020,-0.3769689,1849.1887795,-3895.5848904,11107.2885974,220.2240052,4227.8555795,-743.4457847,4426.1099895,2161.4145635,1382.6396971
-0.3318020,-0.3318020,-0.3719689,1821.2506561,-3938.7543638,11042.1373031,216.9113061,4164.5693115,-783.0452595,4409.9054723,2128.5226080,1361.8369979
-0.3268020,-0.3268020,-0.3669689,1785.1718585,-3987.5222029,10950.6733189,212.6367724,4082.6182638,-830.7294194,4385.4320370,2085.9915214,1334.9379769
-0.3218020,-0.3218020,-0.3619689,1741.5172521,-4041.4998922,10834.8440155,207.4721993,3983.3673045,-885.9159863,4353.3093911,2034.5297775,1302.3907122
-0.3168020,-0.3168020,-0.3569689,1690.9967082,-4100.2234672,10696.9453617,201.5023037,3868.4291918,-947.9146250,4314.2669421,1974.9742000,1264.7244578
-0.3118020,-0.3118020,-0.3519689,1634.4080870,-4163.1679258,10539.5551268,194.8222040,3739.6171265,-1015.9476339,4269.1227085,1908.2653375,1222.5340687
-0.3068020,-0.3068020,-0.3469689,1572.6146834,-4229.7628008,10365.4607784,187.5346939,3598.8935269,-1089.1722901,4218.7605576,1851.0393196,1176.4631858
-0.3018020,-0.3018020,-0.3419689,1506.5219996,-4299.4081947,10177.5852314,179.7474250,3448.3172786,-1166.7038615,4164.1067614,1773.1493548,1127.1869181
-0.2968020,-0.2968020,-0.3369689,1437.0548019,-4371.4906059,9978.9135008,171.5701094,3289.9916346,-1247.6383302,4106.1068346,1691.2587266,1075.3947373
-0.2918020,-0.2918020,-0.3319689,1365.1353370,-4445.3979319,9772.4230421,163.1118401,3126.0147504,-1331.0739562,4045.7035308,1606.4772707,1021.7742365
-0.2868020,-0.2868020,-0.3269689,1291.6634550,-4520.5331251,9561.0201575,154.4786117,2958.4345492,-1416.1309377,3983.8167482,1519.8657652,966.9963107
-0.2818020,-0.2818020,-0.3219689,1217.4992282,-4596.3260916,9347.4843453,145.7711086,2789.2092548,-1501.9685813,3921.3259383,1432.4380969,911.7021982
-0.2768020,-0.2768020,-0.3169689,1143.4484831,-4672.2435417,9134.4219183,137.0828149,2620.1745348,-1587.7995683,3859.0554351,1345.1442053,856.4926935
-0.2718020,-0.2718020,-0.3119689,1070.2514843,-4747.7966280,8924.2296543,128.4984979,2453.0177953,-1672.9010813,3797.7629505,1258.8567428,801.9197106
-0.2668020,-0.2668020,-0.3069689,998.5748420,-4822.5463269,8719.0687044,120.0931220,2289.2597859,-1772.2638212,3738.1313065,1174.3615357,748.4802494
-0.2618020,-0.2618020,-0.3019689,929.0065635,-4896.1066225,8520.8485080,111.9312645,2130.2433327,-1854.0323996,3680.7633280,1092.3517495,696.6127065
-0.2568020,-0.2568020,-0.2969689,862.0540434,-4968.1456422,8331.2200638,104.0671051,1977.1287308,-1933.3538057,3626.1796937,1013.4255209,646.6953765
-0.2518020,-0.2518020,-0.2919689,798.1446904,-5038.3849619,8151.5775958,96.5450263,1846.5290858,-2009.8122610,3574.8194432,938.0866957,599.0469198
-0.2468020,-0.2468020,-0.2869689,737.6288218,-5106.5973424,7983.0674443,89.4007656,1707.9880330,-2083.0673264,3527.0427714,866.7482417,553.9285198
-0.2418020,-0.2418020,-0.2819689,680.7844169,-5172.6031897,7826.6028857,82.6629245,1577.7658060,-2152.8490691,3483.1357043,799.7378515,511.5474274
-0.2368020,-0.2368020,-0.2769689,627.8233106,-5236.2660349,7682.8835516,76.3545209,1456.3600400,-2218.9518128,3443.3162354,737.3052443,472.0615771
-0.2318020,-0.2318020,-0.2719689,578.8984164,-5297.4873245,7552.4181454,70.4942799,1344.1275463,-2281.2268774,3403.4487651,679.6306807,435.5849688
-0.2268020,-0.2268020,-0.2669689,534.1115944,-5356.2007927,7435.5492399,65.0974982,1241.3091892,-2339.5746938,3367.5144084,626.8342384,402.1935215
-0.2218020,-0.2218020,-0.2619689,493.5218198,-5412.3666573,7332.4790640,60.1765281,1148.0483185,-2393.9366352,3336.5383421,578.9854427,371.9311349
-0.2168020,-0.2168020,-0.2569689,457.1533472,-5465.9658491,7243.2953290,55.7410579,1064.4092085,-2444.2868649,3310.5235790,536.1128988,344.8157276
-0.2118020,-0.2118020,-0.2519689,425.0036215,-5516.9944487,7162.5755494,51.7983722,990.3949360,-2490.6244466,3289.4432801,498.2136289,320.8450760
-0.2068020,-0.2068020,-0.2469689,397.0507314,-5565.4857635,7092.5958067,48.3536859,925.9642456,-2532.9659192,3273.2496207,465.2618762,300.0023573
-0.2018020,-0.2018020,-0.2419689,373.2602683,-5616.0282259,7037.8112698,45.4105505,871.0470488,-2571.3384883,3261.8818902,437.2171935,282.2613705
-0.1968020,-0.1968020,-0.2369689,353.5915044,-5663.3210333,6998.0339323,42.9712745,825.5582947,-2605.7739510,3255.2737114,414.0316911,267.5914211
-0.1918020,-0.1918020,-0.2319689,338.0028324,-5707.4076198,6973.0783584,41.0372964,789.4100275,-2636.3034331,3253.3593019,395.6563597,255.9617453
-0.1868020,-0.1868020,-0.2269689,326.4563722,-5748.3194888,6962.7781894,39.6094778,762.5215054,-2662.9529922,3256.0787324,382.0463993,247.3451775
-0.1818020,-0.1818020,-0.2219689,318.9216041,-5786.0730813,6966.9994037,38.6883107,744.8273017,-2685.7401206,3263.3821555,373.1654766,241.7207039
-0.1768020,-0.1768020,-0.2169689,315.3779045,-5820.7614272,6985.6502913,38.2740487,736.2833406,-2704.6711668,3275.2329915,368.9888375,239.0747686
-0.1718020,-0.1718020,-0.2119689,315.8160135,-5852.4325413,7018.6881181,38.3667755,736.8708437,-2719.7396835,3291.6100663,369.5052621,239.4016064
-0.1668020,-0.1668020,-0.2069689,320.2386192,-5880.6401927,7066.1224649,38.9664314,746.5981695,-2730.9257094,3312.5086956,374.7179325,242.7031624
-0.1618020,-0.1618020,-0.2019689,328.6602446,-5905.3219654,7125.7859816,40.0728084,765.5005416,-2738.1959845,3337.9407077,384.6442917,248.9890349
-0.1568020,-0.1568020,-0.1969689,341.1064282,-5926.7758890,7199.4959887,41.6855153,793.6376579,-2741.5050997,3367.2707954,399.3148887,258.2764187
-0.1518020,-0.1518020,-0.1919689,357.6120030,-5944.9052527,7287.7059737,43.8038924,831.0891824,-2740.7975805,3400.9076233,418.7711285,270.5895841
-0.1468020,-0.1468020,-0.1869689,378.2182945,-5959.4878044,7390.5391560,46.4268633,877.9481277,-2736.0108993,3439.1079046,443.0618563,285.9583398
-0.1418020,-0.1418020,-0.1819689,402.9692206,-5970.4099193,7508.1356363,49.5527077,934.3121515,-2727.0794053,3481.9085010,472.2387947,304.4152396
-0.1368020,-0.1368020,-0.1769689,431.9064231,-5977.5533787,7640.6352187,53.1787482,1000.2728181,-2713.9391487,3529.3463182,506.3509082,325.9916964
-0.1318020,-0.1318020,-0.1719689,465.0635761,-5980.8008976,7778.9490476,57.3009627,1075.9029139,-2696.5335622,3581.4519012,545.4377796,350.7133696
-0.1268020,-0.1268020,-0.1669689,502.4599641,-5984.9084601,7929.7682274,61.9135600,1161.2419574,-2674.8199355,3638.2420655,589.5220729,378.5951122
-0.1218020,-0.1218020,-0.1619689,544.0933994,-5986.6622404,8093.9825295,67.0085862,1256.2801136,-2648.7765920,3699.7116501,638.6011771,409.6355961
-0.1168020,-0.1168020,-0.1569689,589.9325729,-5985.2106892,8271.4359088,72.5756108,1360.9408057,-2618.4106404,3765.8245218,692.6381726,443.8116316
-0.1118020,-0.1118020,-0.1519689,639.9089956,-5980.5524780,8461.8527846,78.6014724,1475.0624122,-2583.7661297,3832.3019222,751.5523187,481.0722187
-0.1068020,-0.1068020,-0.1469689,693.9087466,-5972.7181047,8664.8120131,85.0699620,1598.3795451,-2544.9323906,3901.4676852,815.2093206,521.3324437
-0.1018020,-0.1018020,-0.1419689,751.7643001,-5961.7758692,8879.7211267,91.9612488,1730.5045171,-2502.0522978,3974.2986992,883.4116919,564.4674111
-0.0968020,-0.0968020,-0.1369689,813.2467461,-5947.8375724,9105.7918462,99.2508940,1855.2686151,-2455.3301370,4050.5414305,955.8895850,610.3064556
-0.0918020,-0.0918020,-0.1319689,878.0587695,-5931.0636860,9342.0180125,106.9084639,2003.2705950,-2405.0387182,4129.8740586,1032.2925131,658.6279101
-0.0868020,-0.0868020,-0.1269689,945.8287801,-5911.6677111,9587.1571940,114.8959510,2158.0168058,-2351.5253393,4211.9007009,1112.1824313,709.1547308
-0.0818020,-0.0818020,-0.1219689,1016.1066117,-5889.9194327,9839.7172985,123.1662895,2318.4758777,-2295.2161839,4296.1472085,1195.0286660,761.5512903
-0.0768020,-0.0768020,-0.1169689,1088.3612104,-5866.1467700,10097.9495238,131.6620646,2483.4324395,-2236.6187332,4382.0589553,1280.2051907,815.4216545
-0.0718020,-0.0718020,-0.1119689,1161.9807129,-5840.7359388,10359.8489211,140.3142808,2651.4873692,-2176.3217907,4469.0010178,1366.9907168,870.3096406
-0.0668020,-0.0668020,-0.1069689,1236.2752666,-5814.1296754,10623.1636907,149.0415598,2821.0642823,-2114.9927662,4556.2611008,1454.5720197,925.7009201
-0.0618020,-0.0618020,-0.1019689,1310.4828701,-5786.8233232,10885.4140901,157.7510813,2990.4228847,-2053.3719426,4643.0554842,1542.0508221,981.0273727
-0.0568020,-0.0568020,-0.0969689,1383.7784033,-5759.3586589,11143.9214934,166.3419925,3157.6795786,-1992.2635525,4717.2077872,1628.4544407,1035.6738192
-0.0518020,-0.0518020,-0.0919689,1455.2858854,-5732.3154313,11395.8477159,174.7098799,3320.8354032,-1932.5236275,4785.8351540,1712.7502353,1088.9871608
-0.0468020,-0.0468020,-0.0869689,1524.0938407,-5706.3006929,11636.3551907,182.7500046,3477.8110367,-1875.0447382,4854.3176500,1793.8637228,1140.2878347
-0.0418020,-0.0418020,-0.0819689,1589.2734790,-5681.9361306,11837.2850623,190.3585027,3626.4881954,-1820.7379163,4921.0655195,1855.0589103,1188.8833687
-0.0368020,-0.0368020,-0.0769689,1649.8992242,-5659.8437236,12028.5404284,197.4326368,3764.7563616,-1770.5122256,4984.6331002,1926.5268913,1234.0836845
-0.0318020,-0.0318020,-0.0719689,1705.0709484,-5640.6301785,12205.9581935,203.8715483,3890.5633869,-1709.6115214,5043.7089839,1991.5654610,1275.2176694
-0.0268020,-0.0268020,-0.0669689,1753.9371243,-5624.8706994,12365.7985691,209.5781217,4001.9681751,-1670.1557812,5097.1150053,2049.1708075,1311.6504329
-0.0218020,-0.0218020,-0.0619689,1795.7179902,-5613.0927301,12504.7605990,214.4617312,4097.1933878,-1637.2714208,5143.8111429,2098.4237210,1342.8005765
-0.0168020,-0.0168020,-0.0569689,1829.7277322,-5605.7603576,12620.0086511,218.4413287,4174.6759536,-1611.6335565,5182.9038648,2138.5157678,1368.1567537
-0.0118020,-0.0118020,-0.0519689,1855.0535797,-5603.2600764,12709.2031951,221.4484108,4233.1131310,-1593.8047125,5213.6558214,2168.7731620,1387.2927777
-0.0068020,-0.0068020,-0.0469689,1856.6382564,-5605.8885821,12770.5302155,223.4295663,4271.5019731,-1584.2175146,5235.4951057,2188.6772192,1399.8805618
-0.0018020,-0.0018020,-0.0419689,1864.4452486,-5613.8431868,12802.7246050,224.3484480,4289.1702887,-1583.1611080,5248.0226190,2197.8804046,1405.7002657
0.0031980,0.0031980,-0.0369689,1863.0343447,-5627.2153341,12805.0838912,224.1870937,4285.7975623,-1590.7719755,5251.0163952,2196.2171763,1404.6471450
0.0081980,0.0081980,-0.0319689,1852.4238187,-5645.9875437,12777.4696884,222.9465686,4261.4247714,-1607.0296224,5244.4320628,2183.7090765,1396.7347587
0.0131980,0.0131980,-0.0269689,1848.4712429,-5670.0339445,12720.2953229,220.6469313,4216.4525965,-1631.7573504,5228.3989581,2160.5638040,1382.0943714
0.0181980,0.0181980,-0.0219689,1820.1003163,-5699.1243689,12634.4991190,217.3265519,4151.6281001,-1664.6280851,5203.2117273,2127.1683129,1360.9705769
0.0231980,0.0231980,-0.0169689,1783.5449344,-5732.9318050,12521.5038170,213.0408337,4068.0205415,-1705.1749677,5169.3175673,2084.0762795,1333.7133590
0.0281980,0.0281980,-0.0119689,1739.3599464,-5771.0428325,12383.1634721,207.8604124,3966.9875231,-1752.8061816,5127.2995280,2031.9905583,1300.7669828
0.0331980,0.0331980,-0.0069689,1688.2495693,-5812.9705307,12221.6999115,201.8689250,3850.1331162,-1822.4643914,5077.8565312,1971.7414840,1262.6562574
0.0381980,0.0381980,-0.0019689,1631.0050364,-5858.1692424,12039.6313710,195.1604581,3719.2599506,-1882.0833264,5021.7809292,1904.2620454,1219.9708196
0.0431980,0.0431980,0.0030311,1568.4818258,-5906.0505139,11839.6962718,187.8367891,3576.3174563,-1946.4570359,4959.9345354,1846.1858306,1173.3481623
0.0481980,0.0481980,0.0080311,1501.5761858,-5955.9995121,11624.7752251,180.0045394,3423.3485061,-2014.6988434,4893.2240972,1767.3306659,1123.4561454
0.0531980,0.0531980,0.0130311,1431.2019200,-6007.3912421,11397.8142762,171.7723515,3262.4366419,-2085.9055302,4822.5771585,1684.3752856,1070.9757138
0.0581980,0.0581980,0.0180311,1358.2683104,-6059.6059488,11161.7521466,163.2481912,3095.6558729,-2159.1792802,4748.9191794,1598.4043728,1016.5844767
0.0631980,0.0631980,0.0230311,1283.6599359,-6112.0431760,10919.4538362,154.5368593,2925.0247469,-2233.6477391,4673.1526559,1510.4610443,960.9417130
0.0681980,0.0681980,0.0280311,1208.2189870,-6164.1340664,10673.6524503,145.7377802,2752.4660401,-2308.4815977,4596.1388252,1421.5384263,904.6752438
0.0731980,0.0731980,0.0330311,1132.7305040,-6215.3516109,10426.9005599,136.9431137,2579.7730172,-2382.9092836,4518.6823683,1332.5621995,848.3704818
0.0781980,0.0781980,0.0380311,1057.9107861,-6265.2186789,10181.5318408,128.2362225,2408.5828110,-2456.2285212,4441.5193446,1244.3768721,792.5618253
0.0831980,0.0831980,0.0430311,984.3990420,-6313.3137817,9939.6331926,119.6905154,2240.3570881,-2527.8146889,4365.3084205,1157.7358804,737.7264371
0.0881980,0.0881980,0.0480311,912.7521909,-6359.2746258,9703.0270594,111.3686842,2076.3698259,-2597.1260539,4290.6253046,1073.2954237,684.2803285
0.0931980,0.0931980,0.0530311,843.4425836,-6402.7996057,9473.2632684,103.3223551,1917.7017367,-2663.7060871,4217.9601746,991.6117807,632.5765834
0.0981980,0.0981980,0.0580311,776.8583135,-6443.6474490,9251.6193923,95.5921794,1780.8560745,-2727.1831633,4147.7177835,913.1417240,582.9054844
0.1031980,0.1031980,0.0630311,713.3057191,-6481.6352780,9039.1084299,88.2083856,1635.2857096,-2787.2680128,4080.2198641,838.2455588,535.4962715
0.1081980,0.1081980,0.0680311,653.0136569,-6516.6353778,8836.4924785,81.1917803,1497.1377577,-2843.7493338,4015.7094175,767.1922670,490.5202410
0.1131980,0.1131980,0.0730311,596.1391306,-6548.5709664,8644.3010380,74.5551209,1366.7684931,-2896.4879824,3954.3564547,700.1662432,448.0948899
0.1181980,0.1181980,0.0780311,542.7738882,-6577.4112574,8462.8526249,68.3046836,1244.3852286,-2945.4101480,3896.2647791,637.2751427,408.2888220
0.1231980,0.1231980,0.0830311,492.9516419,-6603.3622195,8292.2784667,62.4417734,1130.0634329,-2990.4998947,3841.4794206,578.5584199,371.1271365
0.1281980,0.1281980,0.0880311,446.6555962,-6633.1048097,8132.5471817,56.9639222,1023.7644582,-3031.7914051,3789.9943791,523.9961974,336.5970397
0.1331980,0.1331980,0.0930311,403.8260117,-6659.0418039,7983.4895103,51.8656310,925.3531398,-3069.3612185,3741.7603831,473.5181607,304.6534288
0.1381980,0.1381980,0.0980311,364.3675534,-6681.3330066,7844.8223309,47.1386888,834.6147047,-3103.3206978,3696.6924224,427.0122196,275.2242262
0.1431980,0.1431980,0.1030311,328.1561986,-6702.0392249,7716.1713680,42.7722466,751.2706048,-3133.8089116,3654.6768705,384.3327089,248.2152941
0.1481980,0.1481980,0.1080311,295.0455098,-6719.2674337,7597.0921599,38.7528534,674.9930505,-3160.9860645,3615.5780580,345.3079263,223.5148444
0.1531980,0.1531980,0.1130311,264.8721388,-6733.1852541,7487.0890005,35.0645900,605.4181255,-3185.0275642,3579.2442110,309.7468348,200.9973889
0.1581980,0.1581980,0.1180311,237.4605370,-6744.0255894,7385.6316991,31.6893200,542.1574279,-3206.1187750,3545.5127025,277.4448160,180.5274032
0.1631980,0.1631980,0.1230311,212.6269948,-6752.0197398,7292.1701058,28.6070033,484.8082064,-3225.9143747,3514.2146034,248.1884730,161.9629655
0.1681980,0.1681980,0.1280311,190.1832811,-6757.3939817,7206.1464413,25.7960543,432.9619645,-3245.1337300,3485.1785431,221.7596397,145.1596067
0.1731980,0.1731980,0.1330311,169.9402302,-6760.3669107,7127.0055274,23.2338396,386.2115042,-3261.4578286,3458.2339115,197.9389087,129.9743923
0.1781980,0.1781980,0.1380311,151.7115522,-6761.1474599,7054.2030694,20.8974682,344.1564155,-3275.7132282,3433.2134500,176.5090745,116.2698810
0.1831980,0.1831980,0.1430311,135.3178487,-6759.9335041,6987.2121656,18.7648962,306.4071231,-3287.8262767,3409.9552860,157.2588032,103.9172580
0.1881980,0.1881980,0.1480311,120.5903622,-6756.9109594,6925.5282391,16.8161141,272.5877835,-3297.6123218,3388.3044733,139.9865232,92.7979434
0.1931980,0.1931980,0.1530311,107.3736440,-6752.2532950,6868.6725932,15.0340305,242.3385121,-3305.2990956,3368.1141007,124.5040474,82.8034821
0.1981980,0.1981980,0.1580311,95.5264468,-6746.1213805,6816.1947860,13.4047481,215.3175022,-3311.0975153,3349.2460307,110.6390688,73.8342179
0.2031980,0.2031980,0.1630311,84.9208099,-6738.6635976,6767.6740148,11.9171667,191.2034673,-3315.2018063,3331.5713288,98.2358023,65.7976378
0.2081980,0.2081980,0.1680311,75.4400657,-6730.0161581,6722.7196826,10.5621130,169.6984270,-3317.7899135,3314.9704369,87.1537570,58.6070874
0.2131980,0.2131980,0.1730311,66.9767648,-6720.3035737,6680.9713078,9.3313668,150.5302637,-3319.0241252,3299.3331406,77.2654210,52.1810687
0.2181980,0.2181980,0.1780311,59.4311773,-6711.5437148,6642.0979164,8.2169128,133.4540492,-3319.0518512,3284.5583762,68.4539181,46.4429366
0.2231980,0.2231980,0.1830311,52.7104480,-6702.2163154,6605.7970405,7.2105658,118.2513426,-3318.0065002,3270.5539141,60.6113098,41.3207676
0.2281980,0.2281980,0.1880311,46.7281345,-6691.7111066,6571.7934286,6.3039395,104.7275198,-3316.0084169,3257.2359531,53.6375988,36.7473863
0.2331980,0.2331980,0.1930311,41.4039205,-6680.1768645,6539.8375565,5.4886359,92.7081171,-3313.1658456,3244.5286526,47.4401383,32.6606865
0.2381980,0.2381980,0.1980311,36.6635450,-6667.7448220,6509.7040119,4.7564956,82.0354030,-3309.5758922,3232.3636260,41.9332316,29.0042718
0.2431980,0.2431980,0.2030311,32.4390787,-6654.5305428,6481.1898137,4.0997643,72.5658687,-3305.3254676,3220.6794144,37.0379705,25.7281894
0.2481980,0.2481980,0.2080311,28.6695019,-6640.6356468,6454.1127130,3.5111284,64.1686020,-3300.4921958,3209.4209544,32.6824390,22.7893633
0.2531980,0.2531980,0.2130311,25.3012831,-6626.1493845,6428.3095124,2.9836816,56.7241608,-3295.1452775,3198.5390534,28.8022252,20.1513943
0.2581980,0.2581980,0.2180311,22.2885487,-6611.1500652,6403.6344336,2.5109182,50.1236978,-3290.2400104,3187.9898795,25.3409241,17.7836728
0.2631980,0.2631980,0.2230311,19.5925729,-6595.7063433,6379.9575514,2.0867739,44.2683680,-3284.8334269,3177.7344727,22.2502216,15.6600757
0.2681980,0.2681980,0.2280311,17.1806369,-6579.8783716,6357.1633104,1.7056595,39.0691200,-3278.9170956,3167.7382829,19.4892949,13.7576677
0.2731980,0.2731980,0.2330311,15.0246080,-6563.7188308,6335.1491328,1.3624677,34.4467939,-3272.5598909,3157.9707360,17.0236009,12.0557215
0.2781980,0.2781980,0.2380311,13.0996469,-6547.2738443,6313.8241214,1.0526423,30.3322247,-3265.8218136,3148.4048311,14.8234084,10.5351548
0.2831980,0.2831980,0.2430311,11.3832955,-6530.5837889,6293.1078624,0.7724113,26.6659727,-3258.7551079,3139.0167676,12.8624830,9.1782912
0.2881980,0.2881980,0.2480311,9.8549716,-6513.6840110,6272.9293237,0.5190964,23.3974555,-3251.4052474,3129.7856038,11.1171615,7.9687744
0.2931980,0.2931980,0.2530311,8.4957367,-6496.6054572,6253.2258493,0.2912286,20.4835616,-3243.8118015,3120.6929453,9.5658294,6.8915029
0.2981980,0.2981980,0.2580311,7.2881712,-6479.3752289,6233.9422442,0.0882803,17.8870768,-3236.0091968,3111.7226613,8.1886642,5.9325489
0.3031980,0.3031980,0.2630311,6.2162640,-6462.0170691,6215.0299462,-0.0898831,15.5752867,-3228.0273836,3102.8606285,6.9674814,5.0790898
0.3081980,0.3081980,0.2680311,5.2653093,-6444.5517884,6196.4462778,-0.2435554,13.5189569,-3219.8924187,3094.0945004,5.8856027,4.3193667
0.3131980,0.3131980,0.2730311,4.4218331,-6426.9976375,6178.1537744,-0.3735286,11.6916881,-3211.6269738,3085.4135000,4.9277419,3.6426594
0.3181980,0.3181980,0.2780311,3.6735452,-6409.3706331,6160.1195813,-0.4811750,10.0695183,-3203.2507793,3076.8082342,4.0799239,3.0392840
0.3231980,0.3231980,0.2830311,3.0093110,-6391.6848424,6142.3149147,-0.5683459,8.6306454,-3194.7810103,3068.2705282,3.3294299,2.5006571
0.3281980,0.3281980,0.2880311,2.4191731,-6373.9526299,6124.7145818,-0.6371912,7.3552089,-3186.2326224,3059.7932782,2.6647686,2.0194409
0.3331980,0.3331980,0.2930311,1.8944547,-6356.1848746,6107.2965522,-0.6899760,6.2251233,-3177.6186437,3051.3703203,2.0757064,1.5896719
0.3381980,0.3381980,0.2980311,1.4278974,-6338.3911570,6090.0415782,-0.7289328,5.2239567,-3168.9504282,3042.9963145,1.5533772,1.2067274
0.3431980,0.3431980,0.3030311,1.0136992,-6320.5799237,6072.9328587,-0.7561606,4.3368448,-3160.2378762,3034.6666420,1.0904038,0.8670644
0.3481980,0.3481980,0.3080311,0.6473439,-6302.7586293,6055.9557398,-0.7735674,3.5504523,-3151.4896249,3026.3773143,0.6808942,0.5678114
0.3531980,0.3531980,0.3130311,0.3252399,-6284.9338610,6039.0974527,-0.7828443,2.8530021,-3142.7132141,3018.1248938,0.3202255,0.3063638
0.3581980,0.3581980,0.3180311,0.0442982,-6267.1114463,6022.3468800,-0.7854625,2.2343511,-3133.9152300,3009.9064229,0.0046602,0.0801015
0.3631980,0.3631980,0.3230311,-0.1984144,-6249.2965470,6005.6943515,-0.7826836,1.6860169,-3125.1014297,3001.7193622,-0.2690708,-0.1137382
0.3681980,0.3681980,0.3280311,-0.4058775,-6231.4937414,5989.1314633,-0.7755779,1.2010554,-3116.2768489,2993.5615364,-0.5040932,-0.2780610
0.3731980,0.3731980,0.3330311,-0.5811768,-6213.7070951,5972.6509193,-0.7650457,0.7737690,-3107.4458958,2985.4310867,-0.7035669,-0.4158444
0.3781980,0.3781980,0.3380311,-0.7274692,-6195.9402236,5956.2463913,-0.7518386,0.3993228,-3098.6124323,2977.3264288,-0.8707304,-0.5300436
0.3831980,0.3831980,0.3430311,-0.8479028,-6178.1963460,5939.9123971,-0.7365810,0.0733828,-3089.7798442,2969.2462164,-1.0088600,-0.6235031
0.3881980,0.3881980,0.3480311,-0.9455295,-6160.4783326,5923.6441926,-0.7197886,-0.2081440,-3080.9511022,2961.1893099,-1.1211902,-0.6988903
0.3931980,0.3931980,0.3530311,-1.0232337,-6142.7887459,5907.4376774,-0.7018855,-0.4492443,-3072.1288152,2953.1547479,-1.2108327,-0.7586538
0.3981980,0.3981980,0.3580311,-1.0836816,-6125.1298766,5891.2893130,-0.6832187,-0.6538319,-3063.3152760,2944.9555368,-1.2807099,-0.8050028
0.4031980,0.4031980,0.3630311,-1.1292945,-6107.5113104,5874.8981260,-0.6640712,-0.8257194,-3054.5125014,2936.7772282,-1.3335115,-0.8399033
0.4081980,0.4081980,0.3680311,-1.1622390,-6089.9616719,5858.4465813,-0.6446721,-0.9685637,-3045.7323308,2928.6339497,-1.3716713,-0.8650863
0.4131980,0.4131980,0.3730311,-1.1844316,-6072.4470397,5842.0814392,-0.6252061,-1.0858124,-3036.9782947,2920.5090312,-1.3973621,-0.8820628
0.4181980,0.4181980,0.3780311,-1.1975520,-6054.9689348,5825.7957865,-0.6058212,-1.1806619,-3028.2388616,2912.3828584,-1.4125020,-0.8921429
0.4231980,0.4231980,0.3830311,-1.2030612,-6037.5287231,5809.5837658,-0.5866345,-1.2560321,-3019.5153118,2904.2938035,-1.4187697,-0.8964564
0.4281980,0.4281980,0.3880311,-1.2022225,-6020.1276328,5793.3529856,-0.5677382,-1.3145571,-3010.8087730,2896.2392671,-1.4176241,-0.8959737
0.4331980,0.4331980,0.3930311,-1.1961233,-6002.7667700,5777.1981905,-0.5492036,-1.3585890,-3002.1202391,2888.2170612,-1.4103252,-0.8915249
0.4381980,0.4381980,0.3980311,-1.1856953,-5985.4471323,5761.1188418,-0.5310851,-1.3902095,-2993.4505875,2880.2144403,-1.3979568,-0.8838184
0.4431980,0.4431980,0.4030311,-1.1717346,-5968.1696205,5745.1098107,-0.5134227,-1.4112491,-2984.8005931,2872.2325675,-1.3814469,-0.8734573
0.4481980,0.4481980,0.4080311,-1.1549193,-5950.9350491,5729.1536065,-0.4962454,-1.4233077,-2976.1709412,2864.2813137,-1.3615878,-0.8609536
0.4531980,0.4531980,0.4130311,-1.1358257,-5933.7441549,5713.2359428,-0.4795726,-1.4277778,-2967.5622383,2856.3543896,-1.3390536,-0.8467413
0.4581980,0.4581980,0.4180311,-1.1149419,-5916.5976059,5697.3845795,-0.4634160,-1.4258667,-2958.9750216,2848.4567411,-1.3144168,-0.8311876
0.4631980,0.4631980,0.4230311,-1.0926810,-5899.4960073,5681.5854790,-0.4477814,-1.4186177,-2950.4097671,2840.5870937,-1.2881616,-0.8146026
0.4681980,0.4681980,0.4280311,-1.0693913,-5882.4399084,5665.8475732,-0.4326695,-1.4069306,-2941.8668971,2832.7443647,-1.2606971,-0.7972472
0.4731980,0.4731980,0.4330311,-1.0453657,-5865.4298075,5650.1684272,-0.4180770,-1.3915790,-2933.3467861,2824.9276326,-1.2323678,-0.7793411
0.4781980,0.4781980,0.4380311,-1.0208503,-5848.5031849,5634.5455445,-0.4039975,-1.3732273,-2924.8607389,2817.1361123,-1.2034626,-0.7610683
0.4831980,0.4831980,0.4430311,-0.9960507,-5831.7755282,5618.9767943,-0.3904223,-1.3524448,-2916.4815437,2809.3691341,-1.1742234,-0.7425825
0.4881980,0.4881980,0.4480311,-0.9711381,-5815.0915755,5603.4603554,-0.3773406,-1.3297186,-2908.1243008,2801.6261259,-1.1448520,-0.7240117
0.4931980,0.4931980,0.4530311,-0.9462548,-5798.4517225,5587.9946692,-0.3647403,-1.3054645,-2899.7892584,2793.9065987,-1.1155156,-0.7054623
0.4981980,0.4981980,0.4580311,-0.9215179,-5781.9875970,5572.5784002,-0.3526081,-1.2800371,-2891.5345075,2786.2101339,-1.0863524,-0.6870216
0.5031980,0.5031980,0.4630311,-0.8970237,-5765.5927589,5557.2104029,-0.3409301,-1.2537380,-2883.3226485,2778.5363730,-1.0574754,-0.6687616
0.5081980,0.5081980,0.4680311,-0.8728504,-5749.2406421,5541.8896937,-0.3296919,-1.2268231,-2875.1323977,2770.8850090,-1.0289770,-0.6507407
0.5131980,0.5131980,0.4730311,-0.8490609,-5733.0544797,5526.6154272,-0.3188788,-1.1995093,-2867.0187507,2763.2557785,-1.0009313,-0.6330057
0.5181980,0.5181980,0.4780311,-0.8257054,-5716.9179918,5511.3868762,-0.3084759,-1.1719795,-2858.9371958,2755.6484556,-0.9733973,-0.6155942
0.5231980,0.5231980,0.4830311,-0.8028230,-5700.8601966,5496.2034148,-0.2984684,-1.1443879,-2850.8898740,2748.0628463,-0.9464211,-0.5985353
0.5281980,0.5281980,0.4880311,-0.7804438,-5684.9163856,5481.0645036,-0.2888416,-1.1168634,-2842.9055116,2740.4987844,-0.9200381,-0.5818514
0.5331980,0.5331980,0.4930311,-0.7585897,-5669.0138896,5465.9696779,-0.2795812,-1.0895138,-2834.9420731,2732.9561271,-0.8942744,-0.5655591
0.5381980,0.5381980,0.4980311,-0.7372766,-5653.2363727,5450.9185367,-0.2706729,-1.0624282,-2827.0375746,2725.4347518,-0.8691484,-0.5496699
0.5431980,0.5431980,0.5030311,-0.7165144,-5637.5073466,5435.0990144,-0.2621028,-1.0356802,-2819.1616221,2717.5288926,-0.8446720,-0.5341914
0.5481980,0.5481980,0.5080311,-0.6963087,-5621.8698814,5419.2056613,-0.2538575,-1.0093298,-2811.3289922,2709.5854282,-0.8208517,-0.5191278
0.5531980,0.5531980,0.5130311,-0.6766612,-5606.2984020,5403.3694770,-0.2459239,-0.9834253,-2803.5324711,2701.6701838,-0.7976894,-0.5044802
0.5581980,0.5581980,0.5180311,-0.6575703,-5590.8070593,5387.5901635,-0.2382894,-0.9580053,-2795.7743906,2693.7830523,-0.7751834,-0.4902476
0.5631980,0.5631980,0.5230311,-0.6390320,-5575.3783239,5371.8674444,-0.2309417,-0.9330998,-2788.0498405,2685.9239319,-0.7533287,-0.4764269
0.5681980,0.5681980,0.5280311,-0.6210398,-5560.0340952,5356.2010609,-0.2238690,-0.9087317,-2780.3665028,2678.0927253,-0.7321181,-0.4630134
0.5731980,0.5731980,0.5330311,-0.6035859,-5544.7533949,5340.5907695,-0.2170599,-0.8849175,-2772.7156513,2670.2893391,-0.7115419,-0.4500011
0.5781980,0.5781980,0.5380311,-0.5866607,-5529.5420638,5325.0363394,-0.2105036,-0.8616688,-2765.0999619,2662.5136832,-0.6915891,-0.4373830
0.5831980,0.5831980,0.5430311,-0.5702538,-5514.3829285,5309.5375511,-0.2041895,-0.8389926,-2757.5113453,2654.7656698,-0.6722473,-0.4251512
0.5881980,0.5881980,0.5480311,-0.5543535,-5499.2620719,5294.0941940,-0.1981075,-0.8168921,-2749.9421433,2647.0452130,-0.6535028,-0.4132972
0.5931980,0.5931980,0.5530311,-0.5389480,-5484.1795827,5278.7060651,-0.1922481,-0.7953676,-2742.3923936,2639.3522290,-0.6353416,-0.4018119
0.5981980,0.5981980,0.5580311,-0.5240247,-5469.1355448,5263.3729683,-0.1866020,-0.7744165,-2734.8621314,2631.6866349,-0.6177488,-0.3906861
0.6031980,0.6031980,0.5630311,-0.5095705,-5454.1300376,5248.0947126,-0.1811602,-0.7540341,-2727.3513896,2624.0483488,-0.6007092,-0.3799101
0.6081980,0.6081980,0.5680311,-0.4955726,-5439.1631359,5232.8711115,-0.1759144,-0.7342139,-2719.8601984,2616.4372897,-0.5842073,-0.3694742
0.6131980,0.6131980,0.5730311,-0.4820176,-5424.2349106,5217.7019824,-0.1708563,-0.7149479,-2712.3885863,2608.8533770,-0.5682277,-0.3593685
0.6181980,0.6181980,0.5780311,-0.4688924,-5409.3454286,5202.5871456,-0.1659783,-0.6962269,-2704.9365797,2601.2965303,-0.5527548,-0.3495832
0.6231980,0.6231980,0.5830311,-0.4561838,-5394.4947530,5187.5264237,-0.1612729,-0.6780406,-2697.5042032,2593.7666696,-0.5377730,-0.3401085
0.6281980,0.6281980,0.5880311,-0.4438788,-5379.6829434,5172.5196416,-0.1567330,-0.6603780,-2690.0914796,2586.2637149,-0.5232670,-0.3309347
0.6331980,0.6331980,0.5930311,-0.4319646,-5364.9100559,5157.5666254,-0.1523519,-0.6432277,-2682.6984302,2578.7875860,-0.5092217,-0.3220523
0.6381980,0.6381980,0.5980311,-0.4204285,-5350.1761432,5142.6672026,-0.1481230,-0.6265775,-2675.3250746,2571.3382027,-0.4956223,-0.3134517
0.6431980,0.6431980,0.6030311,-0.4092582,-5335.4812552,5127.8212016,-0.1440401,-0.6104151,-2667.9714310,2563.9154846,-0.4824539,-0.3051238
0.6481980,0.6481980,0.6080311,-0.3984415,-5320.8254384,5113.0284513,-0.1400975,-0.5947279,-2660.6375163,2556.5193511,-0.4697025,-0.2970595
0.6531980,0.6531980,0.6130311,-0.3879666,-5306.2087364,5098.2887811,-0.1362893,-0.5795034,-2653.3233459,2549.1497210,-0.4573541,-0.2892501
0.6581980,0.6581980,0.6180311,-0.3778220,-5291.6311901,5083.6020206,-0.1326102,-0.5647287,-2646.0289342,2541.8065132,-0.4453949,-0.2816869
0.6631980,0.6631980,0.6230311,-0.3679964,-5277.0928375,5068.9679997,-0.1290550,-0.5503912,-2638.7542942,2534.4896460,-0.4338119,-0.2743615
0.6681980,0.6681980,0.6280311,-0.3584790,-5262.5937139,5054.3865478,-0.1256189,-0.5364783,-2631.4994375,2527.1990372,-0.4225922,-0.2672658
0.6731980,0.6731980,0.6330311,-0.3492591,-5248.1338522,5039.8574947,-0.1222970,-0.5229776,-2624.2643750,2519.9346045,-0.4117232,-0.2603920
0.6781980,0.6781980,0.6380311,-0.3403265,-5233.7132824,5025.3806698,-0.1190849,-0.5098767,-2617.0491163,2512.6962651,-0.4011929,-0.2537324
0.6831980,0.6831980,0.6430311,-0.3316714,-5219.3320324,5010.9559020,-0.1159783,-0.4971635,-2609.8536697,2505.4839357,-0.3909897,-0.2472796
0.6881980,0.6881980,0.6480311,-0.3232840,-5204.9901273,4996.5830203,-0.1129731,-0.4848262,-2602.6780429,2498.2975328,-0.3811022,-0.2410264
0.6931980,0.6931980,0.6530311,-0.3151551,-5190.6875901,4982.2618529,-0.1100653,-0.4728532,-2595.5222421,2491.1369724,-0.3715193,-0.2349659
0.6981980,0.6981980,0.6580311,-0.3072757,-5176.4244415,4967.9922281,-0.1072512,-0.4612330,-2588.3862730,2484.0021702,-0.3622307,-0.2290915
0.7031980,0.7031980,0.6630311,-0.2996372,-5162.2006996,4953.7739734,-0.1045271,-0.4499545,-2581.2701399,2476.8930413,-0.3532260,-0.2233966
0.7081980,0.7081980,0.6680311,-0.2922312,-5148.0163807,4939.6069162,-0.1018897,-0.4390070,-2574.1738464,2469.8095009,-0.3444954,-0.2178751
0.7131980,0.7131980,0.6730311,-0.2850496,-5133.8714987,4925.4908831,-0.0993356,-0.4283799,-2567.0973951,2462.7514635,-0.3360293,-0.2125209
0.7181980,0.7181980,0.6780311,-0.2780847,-5119.7660652,4911.4257008,-0.0968618,-0.4180630,-2560.0407876,2455.7188433,-0.3278187,-0.2073282
0.7231980,0.7231980,0.6830311,-0.2713289,-5105.7000900,4897.4111952,-0.0944651,-0.4080462,-2553.0040246,2448.7115544,-0.3198546,-0.2022914
0.7281980,0.7281980,0.6880311,-0.2647750,-5091.6735807,4883.4471920,-0.0921427,-0.3983200,-2545.9871060,2441.7295104,-0.3121285,-0.1974052
0.7331980,0.7331980,0.6930311,-0.2584161,-5077.6865428,4869.5335165,-0.0898919,-0.3888749,-2538.9900308,2434.7726248,-0.3046323,-0.1926643
0.7381980,0.7381980,0.6980311,-0.2522454,-5063.7389798,4855.6699937,-0.0877100,-0.3797020,-2532.0127972,2427.8408108,-0.2973580,-0.1880637
0.7431980,0.7431980,0.7030311,-0.2462565,-5049.8308932,4841.8564481,-0.0855945,-0.3707923,-2525.0554022,2420.9339812,-0.2902980,-0.1835987
0.7481980,0.7481980,0.7080311,-0.2404432,-5035.9622828,4828.0927040,-0.0835429,-0.3621373,-2518.1178424,2414.0520488,-0.2834449,-0.1792645
0.7531980,0.7531980,0.7130311,-0.2347994,-5022.1331461,4814.3785856,-0.0815529,-0.3537289,-2511.2001134,2407.1949261,-0.2767917,-0.1750568
0.7581980,0.7581980,0.7180311,-0.2293193,-5008.3434790,4800.7139164,-0.0796224,-0.3455590,-2504.3022097,2400.3625255,-0.2703315,-0.1709711
0.7631980,0.7631980,0.7230311,-0.2239975,-4994.5932753,4787.0985201,-0.0777492,-0.3376199,-2497.4241255,2393.5547590,-0.2640579,-0.1670034
0.7681980,0.7681980,0.7280311,-0.2188286,-4980.8825272,4773.5322199,-0.0759311,-0.3299041,-2490.5658537,2386.7715388,-0.2579645,-0.1631497
0.7731980,0.7731980,0.7330311,-0.2138073,-4967.2112250,4760.0148390,-0.0741664,-0.3224045,-2483.7273866,2380.0127767,-0.2520452,-0.1594061
0.7781980,0.7781980,0.7380311,-0.2089289,-4953.5793571,4746.5462003,-0.0724531,-0.3151141,-2476.9087159,2373.2783845,-0.2462942,-0.1557689
0.7831980,0.7831980,0.7430311,-0.2041883,-4939.9869103,4733.1261265,-0.0707894,-0.3080261,-2470.1098323,2366.5682739,-0.2407059,-0.1522346
0.7881980,0.7881980,0.7480311,-0.1995812,-4926.4338694,4719.7544406,-0.0691735,-0.3011340,-2463.3307256,2359.8823564,-0.2352747,-0.1487997
0.7931980,0.7931980,0.7530311,-0.1951030,-4912.9202179,4706.4309650,-0.0676038,-0.2944316,-2456.5713851,2353.2205436,-0.2299956,-0.1454610
0.7981980,0.7981980,0.7580311,-0.1907495,-4899.4459372,4693.1555223,-0.0660788,-0.2879129,-2449.8317993,2346.5827470,-0.2248635,-0.1422152
0.8031980,0.8031980,0.7630311,-0.1865165,-4886.0110072,4679.9279351,-0.0645969,-0.2815718,-2443.1119558,2339.9688780,-0.2198735,-0.1390593
0.8081980,0.8081980,0.7680311,-0.1824002,-4872.6154062,4666.7480259,-0.0631566,-0.2754029,-2436.4118415,2333.3788480,-0.2150209,-0.1359903
0.8131980,0.8131980,0.7730311,-0.1783966,-4859.2591108,4653.6156173,-0.0617565,-0.2694006,-2429.7314428,2326.8125684,-0.2103014,-0.1330055
0.8181980,0.8181980,0.7780311,-0.1745022,-4845.9420960,4640.5305318,-0.0603953,-0.2635597,-2423.0707449,2320.2699507,-0.2057105,-0.1301020
0.8231980,0.8231980,0.7830311,-0.1707134,-4832.6643352,4627.4925922,-0.0590716,-0.2578750,-2416.4297329,2313.7509063,-0.2012441,-0.1272772
0.8281980,0.8281980,0.7880311,-0.1670268,-4819.4258003,4614.5016211,-0.0577843,-0.2523418,-2409.8083905,2307.2553467,-0.1968982,-0.1245287
0.8331980,0.8331980,0.7930311,-0.1634392,-4806.2264617,4601.5574414,-0.0565320,-0.2469552,-2403.2067014,2300.7831833,-0.1926689,-0.1218539
0.8381980,0.8381980,0.7980311,-0.1599473,-4793.0662880,4588.6598762,-0.0553137,-0.2417107,-2396.6246480,2294.3343278,-0.1885524,-0.1192505
0.8431980,0.8431980,0.8030311,-0.1565481,-4779.9452467,4575.8087484,-0.0541283,-0.2366038,-2390.0622124,2287.9086917,-0.1845453,-0.1167162
0.8481980,0.8481980,0.8080311,-0.1532387,-4766.8633035,4563.0038815,-0.0529746,-0.2316304,-2383.5193758,2281.5061868,-0.1806441,-0.1142488
0.8531980,0.8531980,0.8130311,-0.1500163,-4753.8204228,4550.2450989,-0.0518517,-0.2267862,-2376.9961189,2275.1267249,-0.1768453,-0.1118463
0.8581980,0.8581980,0.8180311,-0.1468781,-4740.8165676,4537.5322244,-0.0507586,-0.2220673,-2370.4924217,2268.7702178,-0.1731459,-0.1095066
0.8631980,0.8631980,0.8230311,-0.1438215,-4727.8516994,4524.8650818,-0.0496942,-0.2174700,-2364.0082634,2262.4365776,-0.1695426,-0.1072277
0.8681980,0.8681980,0.8280311,-0.1408439,-4714.9257783,4512.2434954,-0.0486578,-0.2129904,-2357.5436227,2256.1257164,-0.1660325,-0.1050078
0.8731980,0.8731980,0.8330311,-0.1379430,-4702.0387631,4499.6672896,-0.0476483,-0.2086250,-2351.0984777,2249.8375464,-0.1626128,-0.1028450
0.8781980,0.8781980,0.8380311,-0.1351163,-4689.1906112,4487.1362891,-0.0466651,-0.2043703,-2344.6728058,2243.5719800,-0.1592806,-0.1007375
0.8831980,0.8831980,0.8430311,-0.1323617,-4676.3812786,4474.6503189,-0.0457071,-0.2002231,-2338.2665836,2237.3289298,-0.1560333,-0.0986838
0.8881980,0.8881980,0.8480311,-0.1296768,-4663.6107201,4462.2092044,-0.0447737,-0.1961801,-2331.8797875,2231.1083084,-0.1528683,-0.0966821
0.8931980,0.8931980,0.8530311,-0.1270596,-4650.8788892,4449.8127712,-0.0438641,-0.1922382,-2325.5123929,2224.9100286,-0.1497831,-0.0947308
0.8981980,0.8981980,0.8580311,-0.1245081,-4638.1857381,4437.4608453,-0.0429776,-0.1883943,-2319.1643748,2218.7340035,-0.1467752,-0.0928285
0.9031980,0.9031980,0.8630311,-0.1220202,-4625.5312177,4425.1532530,-0.0421134,-0.1846456,-2312.8357076,2212.5801461,-0.1438424,-0.0909736
0.9081980,0.9081980,0.8680311,-0.1195941,-4612.9152777,4412.8898210,-0.0412709,-0.1809893,-2306.5263652,2206.4483700,-0.1409824,-0.0891648
0.9131980,0.9131980,0.8730311,-0.1172279,-4600.3378667,4400.6703764,-0.0404494,-0.1774226,-2300.2363207,2200.3385885,-0.1381930,-0.0874007
0.9181980,0.9181980,0.8780311,-0.1149199,-4587.7989319,4388.4947467,-0.0396483,-0.1739430,-2293.9655468,2194.2507155,-0.1354722,-0.0856799
0.9231980,0.9231980,0.8830311,-0.1126683,-4575.2984196,4376.3627597,-0.0388670,-0.1705479,-2287.7140156,2188.1846649,-0.1328179,-0.0840012
0.9281980,0.9281980,0.8880311,-0.1104715,-4562.8362746,4364.2742437,-0.0381049,-0.1672349,-2281.4816987,2182.1403507,-0.1302282,-0.0823633
0.9331980,0.9331980,0.8930311,-0.1083279,-4550.4124408,4352.2290274,-0.0373614,-0.1640015,-2275.2685672,2176.1176874,-0.1277012,-0.0807651
0.9381980,0.9381980,0.8980311,-0.1062359,-4538.0268610,4340.2269400,-0.0366359,-0.1608456,-2269.0745915,2170.1165895,-0.1252351,-0.0792054
0.9431980,0.9431980,0.9030311,-0.1041940,-4525.6794768,4328.2678110,-0.0359280,-0.1577649,-2262.8997417,2164.1369718,-0.1228281,-0.0776831
0.9481980,0.9481980,0.9080311,-0.1022009,-4513.3702287,4316.3514704,-0.0352371,-0.1547572,-2256.7439873,2158.1787492,-0.1204785,-0.0761971
0.9531980,0.9531980,0.9130311,-0.1002551,-4501.0990564,4304.4777487,-0.0345628,-0.1518204,-2250.6072971,2152.2418370,-0.1181847,-0.0747464
0.9581980,0.9581980,0.9180311,-0.0983552,-4488.8658982,4292.6464769,-0.0339045,-0.1489527,-2244.4896398,2146.3261508,-0.1159450,-0.0733299
0.9631980,0.9631980,0.9230311,-0.0965000,-4476.6706916,4280.8574863,-0.0332618,-0.1461520,-2238.3909833,2140.4316060,-0.1137580,-0.0719467
0.9681980,0.9681980,0.9280311,-0.0946882,-4464.5133731,4269.1106089,-0.0326342,-0.1434165,-2232.3112951,2134.5581188,-0.1116222,-0.0705959
0.9731980,0.9731980,0.9330311,-0.0929186,-4452.3938781,4257.4056771,-0.0320214,-0.1407444,-2226.2505423,2128.7056053,-0.1095361,-0.0692766
0.9781980,0.9781980,0.9380311,-0.0911899,-4440.3121411,4245.7425238,-0.0314228,-0.1381338,-2220.2086915,2122.8739818,-0.1074983,-0.0679878
0.9831980,0.9831980,0.9430311,-0.0895012,-4428.2680958,4234.1209823,-0.0308382,-0.1355832,-2214.1857089,2117.0631652,-0.1055075,-0.0667287
0.9881980,0.9881980,0.9480311,-0.0878512,-4416.2616746,4222.5408865,-0.0302671,-0.1330908,-2208.1815601,2111.2730723,-0.1035624,-0.0654985
0.9931980,0.9931980,0.9530311,-0.0862388,-4404.2928095,4211.0020709,-0.0297091,-0.1306551,-2202.1962104,2105.5036203,-0.1016618,-0.0642964
0.9981980,0.9981980,0.9580311,-0.0846632,-4392.3614311,4199.5043704,-0.0291638,-0.1282745,-2196.2296247,2099.7547267,-0.0998043,-0.0631217
1.0031980,1.0031980,0.9630311,-0.0831232,-4380.4674694,4188.0476204,-0.0286310,-0.1259475,-2190.2817673,2094.0263092,-0.0979889,-0.0619735
1.0081980,1.0081980,0.9680311,-0.0816178,-4368.6108536,4176.6316569,-0.0281103,-0.1236727,-2184.3526024,2088.3182858,-0.0962143,-0.0608512
1.0131980,1.0131980,0.9730311,-0.0801463,-4356.7915120,4165.2563165,-0.0276013,-0.1214487,-2178.4420934,2082.6305747,-0.0944796,-0.0597540
1.0181980,1.0181980,0.9780311,-0.0787075,-4345.0093718,4153.9214363,-0.0271037,-0.1192741,-2172.5502037,2076.9630944,-0.0927835,-0.0586814
1.0231980,1.0231980,0.9830311,-0.0773007,-4333.2643599,4142.6268537,-0.0266173,-0.1171476,-2166.6768960,2071.3157638,-0.0911251,-0.0576325
1.0281980,1.0281980,0.9880311,-0.0759250,-4321.5564020,4131.3724070,-0.0261417,-0.1150680,-2160.8221328,2065.6885018,-0.0895034,-0.0566069
1.0331980,1.0331980,0.9930311,-0.0745796,-4309.8854232,4120.1579350,-0.0256766,-0.1130340,-2154.9858762,2060.0812279,-0.0879174,-0.0556038
1.0381980,1.0381980,0.9980311,-0.0732637,-4298.2513479,4108.9832767,-0.0252217,-0.1110443,-2149.1680879,2054.4938616,-0.0863662,-0.0546227
1.0431980,1.0431980,1.0030311,-0.0719765,-4286.6540996,4097.8482721,-0.0247768,-0.1090979,-2143.3687292,2048.9263228,-0.0848487,-0.0536630
1.0481980,1.0481980,1.0080311,-0.0707172,-4275.0936012,4086.7527615,-0.0243417,-0.1071936,-2137.5877612,2043.3785318,-0.0833643,-0.0527241
1.0531980,1.0531980,1.0130311,-0.0694852,-4263.5697748,4075.6965860,-0.0239160,-0.1053304,-2131.8251446,2037.8504089,-0.0819119,-0.0518055
1.0581980,1.0581980,1.0180311,-0.0682797,-4252.0825420,4064.6795868,-0.0234995,-0.1035070,-2126.0808397,2032.3418749,-0.0804907,-0.0509068
1.0631980,1.0631980,1.0230311,-0.0671000,-4240.6318234,4053.7016063,-0.0230920,-0.1017227,-2120.3548064,2026.8528508,-0.0791001,-0.0500272
1.0681980,1.0681980,1.0280311,-0.0659454,-4229.2175394,4042.7624869,-0.0226932,-0.0999763,-2114.6470046,2021.3832580,-0.0777391,-0.0491664
1.0731980,1.0731980,1.0330311,-0.0648154,-4217.8396092,4031.8620719,-0.0223029,-0.0982668,-2108.9573935,2015.9330180,-0.0764070,-0.0483239
1.0781980,1.0781980,1.0380311,-0.0637093,-4206.4979519,4021.0002051,-0.0219209,-0.0965934,-2103.2859323,2010.5020528,-0.0751030,-0.0474993
1.0831980,1.0831980,1.0430311,-0.0626265,-4195.1924857,4010.1767309,-0.0215470,-0.0949551,-2097.6325798,2005.0902844,-0.0738265,-0.0466920
1.0881980,1.0881980,1.0480311,-0.0615663,-4183.9231282,3999.3914943,-0.0211810,-0.0933510,-2091.9972944,1999.6976354,-0.0725768,-0.0459016
1.0931980,1.0931980,1.0530311,-0.0605284,-4172.6897965,3988.6443406,-0.0208226,-0.0917804,-2086.3800344,1994.3240284,-0.0713532,-0.0451277
1.0981980,1.0981980,1.0580311,-0.0595119,-4161.4924071,3977.9351161,-0.0204718,-0.0902423,-2080.7807578,1988.9693866,-0.0701550,-0.0443699
1.1031980,1.1031980,1.0630311,-0.0585166,-4150.3308759,3967.2636674,-0.0201282,-0.0887359,-2075.1994222,1983.6336333,-0.0689816,-0.0436278
1.1081980,1.1081980,1.0680311,-0.0575417,-4139.2051185,3956.6298418,-0.0197917,-0.0872605,-2069.6359850,1978.3166921,-0.0678324,-0.0429009
1.1131980,1.1131980,1.0730311,-0.0565868,-4128.1150496,3946.0334872,-0.0194622,-0.0858153,-2064.0904033,1973.0184869,-0.0667068,-0.0421890
1.1181980,1.1181980,1.0780311,-0.0556515,-4117.0605837,3935.4744520,-0.0191394,-0.0843995,-2058.5626342,1967.7389419,-0.0656042,-0.0414917
1.1231980,1.1231980,1.0830311,-0.0547352,-4106.0416346,3924.9525851,-0.0188233,-0.0830125,-2053.0526342,1962.4779816,-0.0645240,-0.0408085
1.1281980,1.1281980,1.0880311,-0.0538375,-4095.0581158,3914.4677363,-0.0185135,-0.0816535,-2047.5603599,1957.2355308,-0.0634657,-0.0401392
1.1331980,1.1331980,1.0930311,-0.0529578,-4084.1099401,3904.0197557,-0.0182101,-0.0803219,-2042.0857674,1952.0115146,-0.0624288,-0.0394834
1.1381980,1.1381980,1.0980311,-0.0520959,-4073.1970201,3893.6084941,-0.0179128,-0.0790170,-2036.6288127,1946.8058584,-0.0614127,-0.0388408
1.1431980,1.1431980,1.1030311,-0.0512512,-4062.3192678,3883.2338028,-0.0176214,-0.0777382,-2031.1894516,1941.6184878,-0.0604170,-0.0382110
1.1481980,1.1481980,1.1080311,-0.0504234,-4051.4765947,3872.8955338,-0.0173359,-0.0764847,-2025.7676397,1936.4493289,-0.0594411,-0.0375938
1.1531980,1.1531980,1.1130311,-0.0496120,-4040.6689121,3862.5935397,-0.0170561,-0.0752561,-2020.3633323,1931.2983078,-0.0584846,-0.0369889
1.1581980,1.1581980,1.1180311,-0.0488167,-4029.8961306,3852.3276735,-0.0167818,-0.0740518,-2014.9764846,1926.1653511,-0.0575470,-0.0363959
1.1631980,1.1631980,1.1230311,-0.0480370,-4019.1581609,3842.0977890,-0.0165129,-0.0728711,-2009.6070516,1921.0503857,-0.0566279,-0.0358146
1.1681980,1.1681980,1.1280311,-0.0472726,-4008.4549127,3831.9037405,-0.0162494,-0.0717136,-2004.2549881,1915.9533387,-0.0557268,-0.0352447
1.1731980,1.1731980,1.1330311,-0.0465232,-3997.7862957,3821.7453828,-0.0159910,-0.0705786,-1998.9202487,1910.8741376,-0.0548434,-0.0346860
1.1781980,1.1781980,1.1380311,-0.0457883,-3987.1522193,3811.6225714,-0.0157377,-0.0694656,-1993.6027878,1905.8127100,-0.0539771,-0.0341381
1.1831980,1.1831980,1.1430311,-0.0450677,-3976.5525924,3801.5351623,-0.0154892,-0.0683742,-1988.3025596,1900.7689840,-0.0531276,-0.0336008
1.1881980,1.1881980,1.1480311,-0.0443611,-3965.9873235,3791.4830123,-0.0152457,-0.0673038,-1983.0195185,1895.7428879,-0.0522945,-0.0330739
1.1931980,1.1931980,1.1530311,-0.0436680,-3955.4563209,3781.4659784,-0.0150068,-0.0662540,-1977.7536182,1890.7343502,-0.0514775,-0.0325572
1.1981980,1.1981980,1.1580311,-0.0429882,-3944.9594927,3771.4839186,-0.0147725,-0.0652243,-1972.5048126,1885.7433000,-0.0506761,-0.0320504
1.2031980,1.2031980,1.1630311,-0.0423213,-3934.4967464,3761.5366911,-0.0145427,-0.0642141,-1967.2730553,1880.7696662,-0.0498900,-0.0315532
1.2081980,1.2081980,1.1680311,-0.0416672,-3924.0679895,3751.6241550,-0.0143172,-0.0632232,-1962.0583000,1875.8133786,-0.0491189,-0.0310655
1.2131980,1.2131980,1.1730311,-0.0410254,-3913.6731290,3741.7461698,-0.0140961,-0.0622509,-1956.8604999,1870.8743667,-0.0483624,-0.0305870
1.2181980,1.2181980,1.1780311,-0.0403958,-3903.3120719,3731.9025955,-0.0138792,-0.0612970,-1951.6796083,1865.9525606,-0.0476202,-0.0301176
1.2231980,1.2231980,1.1830311,-0.0397780,-3892.9847246,3722.0932930,-0.0136663,-0.0603610,-1946.5155784,1861.0478907,-0.0468919,-0.0296570
1.2281980,1.2281980,1.1880311,-0.0391718,-3882.6909935,3712.3181234,-0.0134574,-0.0594425,-1941.3683632,1856.1602877,-0.0461772,-0.0292050
1.2331980,1.2331980,1.1930311,-0.0385769,-3872.4307847,3702.5769486,-0.0132525,-0.0585411,-1936.2379156,1851.2896824,-0.0454759,-0.0287615
1.2381980,1.2381980,1.1980311,-0.0379930,-3862.2040041,3692.8696311,-0.0130514,-0.0576564,-1931.1241883,1846.4360060,-0.0447876,-0.0283262
1.2431980,1.2431980,1.2030311,-0.0374200,-3852.0105574,3683.1960338,-0.0128540,-0.0567881,-1926.0271342,1854.0422686,-0.0441121,-0.0278989
1.2481980,1.2481980,1.2080311,-0.0368575,-3841.8503500,3673.5560203,-0.0126602,-0.0559358,-1920.9467057,1849.3104719,-0.0434491,-0.0274796
1.2531980,1.2531980,1.2130311,-0.0363054,-3831.7232871,3663.9494547,-0.0124701,-0.0550991,-1915.8828554,1844.5662354,-0.0427982,-0.0270679
1.2581980,1.2581980,1.2180311,-0.0357634,-3821.6292738,3654.3762018,-0.0122834,-0.0542777,-1910.8355356,1839.7665027,-0.0421593,-0.0266638
1.2631980,1.2631980,1.2230311,-0.0352313,-3811.5682151,3644.8361268,-0.0121002,-0.0534713,-1905.8046988,1834.9930778,-0.0415320,-0.0262671
1.2681980,1.2681980,1.2280311,-0.0347088,-3801.5400155,3635.3290956,-0.0119203,-0.0526795,-1900.7902970,1830.2355425,-0.0409161,-0.0258776
1.2731980,1.2731980,1.2330311,-0.0341959,-3791.5445798,3625.8549745,-0.0117436,-0.0519021,-1895.7922826,1825.4943175,-0.0403114,-0.0254952
1.2781980,1.2781980,1.2380311,-0.0336922,-3781.5818123,3616.4136306,-0.0115702,-0.0511386,-1890.8106076,1820.7694064,-0.0397176,-0.0251196
1.2831980,1.2831980,1.2430311,-0.0331975,-3771.6516173,3607.0049314,-0.0113999,-0.0503889,-1885.8452240,1816.0607571,-0.0391345,-0.0247508
1.2881980,1.2881980,1.2480311,-0.0327117,-3761.7538989,3597.6287449,-0.0112326,-0.0496526,-1880.8960837,1811.3683075,-0.0385619,-0.0243887
1.2931980,1.2931980,1.2530311,-0.0322347,-3751.8885612,3588.2849399,-0.0110684,-0.0489294,-1875.9631387,1806.6919925,-0.0379995,-0.0240330
1.2981980,1.2981980,1.2580311,-0.0317661,-3742.0555080,3578.9733854,-0.0109071,-0.0482191,-1871.0463409,1802.0317471,-0.0374471,-0.0236836
1.3031980,1.3031980,1.2630311,-0.0313058,-3732.2546431,3569.6939514,-0.0107486,-0.0475214,-1866.1456420,1797.3875068,-0.0369045,-0.0233404
1.3081980,1.3081980,1.2680311,-0.0308536,-3722.4858703,3560.4465081,-0.0105930,-0.0468359,-1861.2609937,1792.7592073,-0.0363714,-0.0230033
1.3131980,1.3131980,1.2730311,-0.0304094,-3712.7490930,3551.2309263,-0.0104401,-0.0461626,-1856.3923478,1788.1467846,-0.0358478,-0.0226721
1.3181980,1.3181980,1.2780311,-0.0299730,-3703.0442149,3542.0470776,-0.0102899,-0.0455010,-1851.5396559,1783.5501748,-0.0353334,-0.0223468
1.3231980,1.3231980,1.2830311,-0.0295443,-3693.3711393,3532.8948338,-0.0101424,-0.0448510,-1846.7028696,1778.9693145,-0.0348280,-0.0220271
1.3281980,1.3281980,1.2880311,-0.0291230,-3683.7297697,3523.7740676,-0.0099974,-0.0442123,-1841.8819406,1774.4041404,-0.0343313,-0.0217130
1.3331980,1.3331980,1.2930311,-0.0287091,-3674.1200093,3514.6846518,-0.0098549,-0.0435847,-1837.0768204,1769.8545895,-0.0338434,-0.0214044
1.3381980,1.3381980,1.2980311,-0.0283023,-3664.5417614,3505.6264603,-0.0097149,-0.0429679,-1832.2874605,1765.3205990,-0.0333638,-0.0211011
1.3431980,1.3431980,1.3030311,-0.0279025,-3654.9949292,3496.5993670,-0.0095774,-0.0423618,-1827.5138125,1760.8021065,-0.0328926,-0.0208031
1.3481980,1.3481980,1.3080311,-0.0275096,-3645.4794159,3487.6032468,-0.0094422,-0.0417661,-1822.7558279,1756.2990498,-0.0324294,-0.0205101
1.3531980,1.3531980,1.3130311,-0.0271235,-3635.9951245,3478.6379747,-0.0093093,-0.0411806,-1818.0134581,1751.8113668,-0.0319742,-0.0202222
1.3581980,1.3581980,1.3180311,-0.0267439,-3626.5419582,3469.7034267,-0.0091787,-0.0406050,-1813.2866546,1747.3389960,-0.0315268,-0.0199393
1.3631980,1.3631980,1.3230311,-0.0263708,-3617.1198200,3460.7994789,-0.0090504,-0.0400393,-1808.5753690,1742.8818758,-0.0310869,-0.0196611
1.3681980,1.3681980,1.3280311,-0.0260040,-3607.7286131,3451.9260082,-0.0089242,-0.0394831,-1803.8795525,1738.4399451,-0.0306546,-0.0193876
1.3731980,1.3731980,1.3330311,-0.0256435,-3598.3682405,3443.0828920,-0.0088002,-0.0389364,-1799.1991568,1734.0131429,-0.0302295,-0.0191188
1.3781980,1.3781980,1.3380311,-0.0252890,-3589.0386053,3434.2700082,-0.0086782,-0.0383988,-1794.5341332,1729.6014085,-0.0298117,-0.0188545
1.3831980,1.3831980,1.3430311,-0.0249405,-3579.7396104,3425.4872351,-0.0085584,-0.0378703,-1789.8844333,1725.2046816,-0.0294008,-0.0185947
1.3881980,1.3881980,1.3480311,-0.0245978,-3570.4711591,3416.7344517,-0.0084405,-0.0373506,-1785.2500085,1720.8229019,-0.0289969,-0.0183392
1.3931980,1.3931980,1.3530311,-0.0242608,-3561.2331544,3408.0115375,-0.0083246,-0.0368396,-1780.6308102,1716.4560096,-0.0285996,-0.0180880
1.3981980,1.3981980,1.3580311,-0.0239295,-3552.0254993,3399.3183725,-0.0082106,-0.0363370,-1776.0267901,1712.1039449,-0.0282090,-0.0178409
1.4031980,1.4031980,1.3630311,-0.0236036,-3542.8480972,3390.6548371,-0.0080986,-0.0358428,-1771.4378995,1707.7666485,-0.0278249,-0.0175980
1.4081980,1.4081980,1.3680311,-0.0232832,-3533.7008511,3382.0208124,-0.0079884,-0.0353568,-1766.8640900,1703.4440612,-0.0274471,-0.0173591
1.4131980,1.4131980,1.3730311,-0.0229680,-3524.5836642,3373.4161799,-0.0078800,-0.0348787,-1762.3053132,1699.1361241,-0.0270756,-0.0171241
1.4181980,1.4181980,1.3780311,-0.0226580,-3515.4964399,3364.8408217,-0.0077734,-0.0344085,-1750.4407892,1694.8427785,-0.0267101,-0.0168930
1.4231980,1.4231980,1.3830311,-0.0223531,-3506.4390814,3356.2946203,-0.0076685,-0.0339460,-1745.9184204,1690.5639661,-0.0263507,-0.0166656
1.4281980,1.4281980,1.3880311,-0.0220531,-3497.4114922,3347.7774588,-0.0075654,-0.0334911,-1741.4109767,1686.2996286,-0.0259971,-0.0164420
1.4331980,1.4331980,1.3930311,-0.0217581,-3488.4135756,3339.2892208,-0.0074639,-0.0330435,-1736.9184092,1682.0497081,-0.0256493,-0.0162220
1.4381980,1.4381980,1.3980311,-0.0214678,-3479.4452352,3330.8297903,-0.0073641,-0.0326032,-1732.4406691,1677.8141469,-0.0253071,-0.0160056
1.4431980,1.4431980,1.4030311,-0.0211822,-3470.5063746,3322.3990519,-0.0072660,-0.0321700,-1727.9777074,1673.5928878,-0.0249704,-0.0157927
1.4481980,1.4481980,1.4080311,-0.0209012,-3461.5968973,3313.9968908,-0.0071694,-0.0317438,-1723.5294754,1669.3858733,-0.0246392,-0.0155832
1.4531980,1.4531980,1.4130311,-0.0206248,-3452.7167072,3305.6231924,-0.0070743,-0.0313244,-1719.0959245,1665.1930467,-0.0243133,-0.0153771
1.4581980,1.4581980,1.4180311,-0.0203528,-3443.8657081,3297.2778429,-0.0069808,-0.0309117,-1714.6770059,1661.0143511,-0.0239926,-0.0151743
1.4631980,1.4631980,1.4230311,-0.0200851,-3435.0438038,3288.9607289,-0.0068888,-0.0305057,-1710.2726709,1656.8497303,-0.0236771,-0.0149747
1.4681980,1.4681980,1.4280311,-0.0198217,-3426.2508984,3280.6717374,-0.0067982,-0.0301060,-1705.8828711,1652.6991279,-0.0233666,-0.0147783
1.4731980,1.4731980,1.4330311,-0.0195625,-3417.4868959,3272.4107560,-0.0067091,-0.0297128,-1701.5075580,1648.5624879,-0.0230610,-0.0145850
1.4781980,1.4781980,1.4380311,-0.0193073,-3408.7517007,3264.1776727,-0.0066215,-0.0293257,-1697.1466830,1644.4397547,-0.0227602,-0.0143948
1.4831980,1.4831980,1.4430311,-0.0190563,-3400.0452169,3255.9723761,-0.0065352,-0.0289448,-1692.8001979,1640.3308728,-0.0224643,-0.0142076
1.4881980,1.4881980,1.4480311,-0.0188091,-3391.3673491,3247.7947552,-0.0064502,-0.0285698,-1688.4680543,1636.2357868,-0.0221729,-0.0140234
1.4931980,1.4931980,1.4530311,-0.0185659,-3382.7180017,3239.6446995,-0.0063666,-0.0282007,-1684.1502039,1632.1544418,-0.0218861,-0.0138420
1.4981980,1.4981980,1.4580311,-0.0183264,-3374.0970794,3231.5220989,-0.0062843,-0.0278374,-1679.8465987,1628.0867830,-0.0216039,-0.0136635
1.5031980,1.5031980,1.4630311,-0.0180907,-3365.5044871,3223.4268440,-0.0062033,-0.0274798,-1675.5571904,1624.0327559,-0.0213260,-0.0134877
1.5081980,1.5081980,1.4680311,-0.0178586,-3356.9401296,3215.3588258,-0.0061236,-0.0271277,-1671.2819311,1619.9923061,-0.0210524,-0.0133147
1.5131980,1.5131980,1.4730311,-0.0176302,-3348.4039120,3207.3179355,-0.0060451,-0.0267810,-1667.0207727,1615.9653795,-0.0207831,-0.0131444
1.5181980,1.5181980,1.4780311,-0.0174053,-3339.8957394,3199.3040651,-0.0059678,-0.0264397,-1662.7736675,1611.9519223,-0.0205180,-0.0129767
1.5231980,1.5231980,1.4830311,-0.0171838,-3331.4155172,3191.3171070,-0.0058917,-0.0261037,-1658.5405676,1607.9518809,-0.0202569,-0.0128116
1.5281980,1.5281980,1.4880311,-0.0169658,-3322.9631509,3183.3569540,-0.0058168,-0.0257728,-1654.3214252,1603.9652019,-0.0199999,-0.0126490
1.5331980,1.5331980,1.4930311,-0.0167511,-3314.5385460,3175.4234994,-0.0057430,-0.0254470,-1650.1161928,1599.9918322,-0.0197468,-0.0124890
1.5381980,1.5381980,1.4980311,-0.0165396,-3306.1416083,3167.5166370,-0.0056704,-0.0251262,-1645.9248226,1596.0317187,-0.0194976,-0.0123313
1.5431980,1.5431980,1.5030311,-0.0163314,-3297.7722437,3159.6362609,-0.0055988,-0.0248103,-1641.7472674,1592.0848089,-0.0192521,-0.0121761
1.5481980,1.5481980,1.5080311,-0.0161264,-3289.4303583,3151.7822659,-0.0055284,-0.0244991,-1637.5834796,1588.1510502,-0.0190104,-0.0120233
1.5531980,1.5531980,1.5130311,-0.0159245,-3281.1158583,3143.9545471,-0.0054590,-0.0241927,-1633.4334120,1584.2303904,-0.0187724,-0.0118727
1.5581980,1.5581980,1.5180311,-0.0157256,-3272.8286500,3136.1530001,-0.0053907,-0.0238909,-1629.2970173,1580.3227775,-0.0185380,-0.0117244
1.5631980,1.5631980,1.5230311,-0.0155297,-3264.5686401,3128.3775211,-0.0053234,-0.0235936,-1625.1742484,1576.4281597,-0.0183071,-0.0115784
1.5681980,1.5681980,1.5280311,-0.0153368,-3256.3357353,3120.6280064,-0.0052572,-0.0233008,-1621.0650583,1572.5464854,-0.0180796,-0.0114346
1.5731980,1.5731980,1.5330311,-0.0151468,-3248.1298423,3112.9043530,-0.0051919,-0.0230124,-1616.9693999,1568.6777032,-0.0178556,-0.0112929
1.5781980,1.5781980,1.5380311,-0.0149596,-3239.9508684,3105.2064585,-0.0051276,-0.0227283,-1612.8872265,1564.8217621,-0.0176349,-0.0111533
1.5831980,1.5831980,1.5430311,-0.0147752,-3231.7987207,3097.5342205,-0.0050642,-0.0224484,-1608.8184912,1560.9786110,-0.0174175,-0.0110158
1.5881980,1.5881980,1.5480311,-0.0145935,-3223.6733066,3089.8875375,-0.0050018,-0.0221727,-1604.7631474,1557.1481995,-0.0172034,-0.0108804
1.5931980,1.5931980,1.5530311,-0.0144145,-3215.5745337,3082.2663082,-0.0049404,-0.0219011,-1600.7211485,1553.3304768,-0.0169924,-0.0107469
1.5981980,1.5981980,1.5580311,-0.0142382,-3207.5023099,3074.6704317,-0.0048798,-0.0216334,-1596.6924481,1549.5253929,-0.0167845,-0.0106155
1.6031980,1.6031980,1.5630311,-0.0140645,-3199.4565430,3067.0998078,-0.0048202,-0.0213697,-1592.6769997,1545.7328977,-0.0165797,-0.0104859
1.6081980,1.6081980,1.5680311,-0.0138933,-3191.4371413,3059.5543364,-0.0047614,-0.0211099,-1588.6747570,1541.9529414,-0.0163779,-0.0103583
1.6131980,1.6131980,1.5730311,-0.0137246,-3183.4440130,3052.0339181,-0.0047034,-0.0208539,-1584.6856740,1538.1854743,-0.0161791,-0.0102326
1.6181980,1.6181980,1.5780311,-0.0135584,-3175.4770667,3044.5384538,-0.0046464,-0.0206016,-1580.7097044,1534.4304470,-0.0159832,-0.0101087
1.6231980,1.6231980,1.5830311,-0.0133946,-3167.5362112,3037.0678449,-0.0045901,-0.0203530,-1576.7468024,1530.6878105,-0.0157901,-0.0099866
1.6281980,1.6281980,1.5880311,-0.0132333,-3159.6213553,3029.6219932,-0.0045347,-0.0201081,-1572.7969221,1526.9575157,-0.0155999,-0.0098662
1.6331980,1.6331980,1.5930311,-0.0130742,-3151.7324082,3022.2008008,-0.0044801,-0.0198666,-1568.8600176,1523.2395139,-0.0154124,-0.0097476
1.6381980,1.6381980,1.5980311,-0.0129175,-3143.8692793,3014.8041706,-0.0044263,-0.0196287,-1564.9360434,1519.5337565,-0.0152276,-0.0096308
1.6431980,1.6431980,1.6030311,-0.0127630,-3136.0318780,3007.4320054,-0.0043732,-0.0193942,-1561.0249539,1515.8401953,-0.0150455,-0.0095156
1.6481980,1.6481980,1.6080311,-0.0126107,-3128.2201141,3000.0842089,-0.0043210,-0.0191630,-1557.1267036,1512.1587821,-0.0148660,-0.0094021
1.6531980,1.6531980,1.6130311,-0.0124606,-3120.4338975,2992.7606849,-0.0042694,-0.0189352,-1553.2412472,1508.4894689,-0.0146891,-0.0092902
1.6581980,1.6581980,1.6180311,-0.0123127,-3112.6731385,2985.4613379,-0.0042186,-0.0187106,-1549.3685395,1504.8322082,-0.0145147,-0.0091799
1.6631980,1.6631980,1.6230311,-0.0121669,-3104.9377473,2978.1860725,-0.0041686,-0.0184893,-1545.5085353,1501.1869523,-0.0143428,-0.0090712
1.6681980,1.6681980,1.6280311,-0.0120231,-3097.2276346,2970.9347939,-0.0041192,-0.0182710,-1541.6611897,1497.5536540,-0.0141733,-0.0089640
1.6731980,1.6731980,1.6330311,-0.0118814,-3089.5427111,2963.7074077,-0.0040706,-0.0180559,-1537.8264577,1493.9322662,-0.0140063,-0.0088583
1.6781980,1.6781980,1.6380311,-0.0117417,-3081.8828879,2956.5038198,-0.0040226,-0.0178438,-1534.0042946,1490.3227421,-0.0138416,-0.0087542
1.6831980,1.6831980,1.6430311,-0.0116040,-3074.2480761,2949.3239368,-0.0039754,-0.0176348,-1530.1946557,1486.7250349,-0.0136793,-0.0086515
1.6881980,1.6881980,1.6480311,-0.0114682,-3066.6381874,2942.1676654,-0.0039288,-0.0174286,-1526.3974965,1483.1390981,-0.0135192,-0.0085503
1.6931980,1.6931980,1.6530311,-0.0113344,-3059.0531332,2935.0349128,-0.0038828,-0.0172254,-1522.6127724,1479.5648856,-0.0133614,-0.0084505
1.6981980,1.6981980,1.6580311,-0.0112024,-3051.4928255,2927.9255867,-0.0038375,-0.0170250,-1518.8404393,1476.0023511,-0.0132058,-0.0083521
1.7031980,1.7031980,1.6630311,-0.0110722,-3043.9571765,2920.8395950,-0.0037928,-0.0168274,-1515.0804528,1472.4514489,-0.0130524,-0.0082550
1.7081980,1.7081980,1.6680311,-0.0109439,-3036.4460985,2913.7768462,-0.0037488,-0.0166325,-1511.3327688,1468.9121333,-0.0129011,-0.0081594
1.7131980,1.7131980,1.6730311,-0.0108173,-3028.9595039,2906.7372491,-0.0037054,-0.0164404,-1507.5973435,1465.3843587,-0.0127519,-0.0080650
1.7181980,1.7181980,1.6780311,-0.0106926,-3021.4973058,2899.7207130,-0.0036625,-0.0162509,-1503.8741329,1461.8680799,-0.0126048,-0.0079720
1.7231980,1.7231980,1.6830311,-0.0105695,-3014.0594170,2892.7271474,-0.0036203,-0.0160641,-1500.1630934,1458.3632518,-0.0124597,-0.0078802
1.7281980,1.7281980,1.6880311,-0.0104481,-3006.6457509,2885.7564623,-0.0035786,-0.0158798,-1496.4641812,1454.8698294,-0.0123167,-0.0077897
1.7331980,1.7331980,1.6930311,-0.0103285,-2999.2562208,2878.8085681,-0.0035376,-0.0156981,-1492.7773528,1451.3877682,-0.0121756,-0.0077005
1.7381980,1.7381980,1.6980311,-0.0102104,-2991.8907406,2871.8833757,-0.0034971,-0.0155188,-1489.1025650,1447.9170236,-0.0120364,-0.0076125
1.7431980,1.7431980,1.7030311,-0.0100940,-2984.5492243,2864.9807962,-0.0034571,-0.0153421,-1485.4397745,1444.4575513,-0.0118992,-0.0075257
1.7481980,1.7481980,1.7080311,-0.0099792,-2977.2315859,2858.1007411,-0.0034177,-0.0151677,-1481.7889380,1441.0093071,-0.0117638,-0.0074401
1.7531980,1.7531980,1.7130311,-0.0098659,-2969.9377400,2851.2431225,-0.0033788,-0.0149957,-1478.1500126,1437.5722471,-0.0116303,-0.0073556
1.7581980,1.7581980,1.7180311,-0.0097542,-2962.6676012,2844.4078525,-0.0033405,-0.0148260,-1474.5229554,1434.1463277,-0.0114986,-0.0072723
1.7631980,1.7631980,1.7230311,-0.0096440,-2955.4210844,2837.5948440,-0.0033027,-0.0146587,-1470.9077236,1430.7315052,-0.0113687,-0.0071902
1.7681980,1.7681980,1.7280311,-0.0095352,-2948.1981047,2830.8040100,-0.0032654,-0.0144936,-1467.3042746,1427.3277362,-0.0112405,-0.0071091
1.7731980,1.7731980,1.7330311,-0.0094280,-2940.9985776,2824.0352640,-0.0032286,-0.0143307,-1463.7125658,1423.9349776,-0.0111141,-0.0070292
1.7781980,1.7781980,1.7380311,-0.0093222,-2933.8224186,2817.2885198,-0.0031923,-0.0141701,-1460.1325549,1420.5531865,-0.0109894,-0.0069503
1.7831980,1.7831980,1.7430311,-0.0092178,-2926.6695437,2810.5636916,-0.0031565,-0.0140116,-1456.5641995,1417.1823199,-0.0108663,-0.0068725
1.7881980,1.7881980,1.7480311,-0.0091148,-2919.5398689,2803.8606941,-0.0031212,-0.0138552,-1453.0074575,1413.8223353,-0.0107449,-0.0067957
1.7931980,1.7931980,1.7530311,-0.0090132,-2912.4333107,2797.1794421,-0.0030863,-0.0137009,-1449.4622868,1410.4731903,-0.0106252,-0.0067199
1.7981980,1.7981980,1.7580311,-0.0089130,-2905.3497855,2790.5198510,-0.0030519,-0.0135486,-1445.9286457,1407.1348426,-0.0105070,-0.0066452
1.8031980,1.8031980,1.7630311,-0.0088141,-2898.2892103,2783.8818365,-0.0030180,-0.0133984,-1442.4064921,1403.8072501,-0.0103904,-0.0065715
1.8081980,1.8081980,1.7680311,-0.0087165,-2891.2515021,2777.2653146,-0.0029845,-0.0132502,-1438.8957846,1400.4903709,-0.0102753,-0.0064987
1.8131980,1.8131980,1.7730311,-0.0086202,-2884.2365782,2770.6702017,-0.0029515,-0.0131040,-1435.3964816,1397.1841634,-0.0101618,-0.0064269
1.8181980,1.8181980,1.7780311,-0.0085252,-2877.2443563,2764.0964147,-0.0029189,-0.0129596,-1431.9085417,1393.8885860,-0.0100498,-0.0063560
1.8231980,1.8231980,1.7830311,-0.0084314,-2870.2747542,2757.5438707,-0.0028867,-0.0128172,-1428.4319236,1390.6035973,-0.0099393,-0.0062861
1.8281980,1.8281980,1.7880311,-0.0083389,-2863.3276900,2751.0124872,-0.0028550,-0.0126767,-1424.9665861,1387.3291563,-0.0098302,-0.0062171
1.8331980,1.8331980,1.7930311,-0.0082475,-2856.4030819,2744.5021820,-0.0028236,-0.0125380,-1421.5124883,1384.0652218,-0.0097225,-0.0061491
1.8381980,1.8381980,1.7980311,-0.0081574,-2849.5008486,2738.0128733,-0.0027927,-0.0124011,-1418.0695892,1380.8117532,-0.0096163,-0.0060819
1.8431980,1.8431980,1.8030311,-0.0080685,-2842.6209088,2731.5444798,-0.0027622,-0.0122660,-1414.6378480,1377.5687097,-0.0095114,-0.0060155
1.8481980,1.8481980,1.8080311,-0.0079807,-2835.7631818,2725.0969203,-0.0027321,-0.0121327,-1411.2172242,1374.3360508,-0.0094079,-0.0059501
1.8531980,1.8531980,1.8130311,-0.0078940,-2828.9275866,2718.6701141,-0.0027024,-0.0120010,-1407.8076772,1371.1137364,-0.0093058,-0.0058855
1.8581980,1.8581980,1.8180311,-0.0078085,-2822.1140431,2712.2639808,-0.0026731,-0.0118712,-1404.4091665,1367.9017263,-0.0092050,-0.0058217
1.8631980,1.8631980,1.8230311,-0.0077241,-2815.3224709,2705.8784405,-0.0026441,-0.0117429,-1401.0216521,1364.6999806,-0.0091054,-0.0057588
1.8681980,1.8681980,1.8280311,-0.0076408,-2808.5527902,2699.5134133,-0.0026155,-0.0116164,-1397.6450936,1361.5084594,-0.0090072,-0.0056967
1.8731980,1.8731980,1.8330311,-0.0075585,-2801.8049212,2693.1688200,-0.0025873,-0.0114914,-1394.2794512,1358.3271232,-0.0089103,-0.0056353
1.8781980,1.8781980,1.8380311,-0.0074773,-2795.0787846,2686.8445815,-0.0025595,-0.0113681,-1390.9246849,1355.1559326,-0.0088145,-0.0055748
1.8831980,1.8831980,1.8430311,-0.0073972,-2788.3743012,2680.5406193,-0.0025320,-0.0112464,-1387.5807550,1351.9948483,-0.0087201,-0.0055151
1.8881980,1.8881980,1.8480311,-0.0073180,-2781.6913921,2674.2568549,-0.0025049,-0.0111262,-1384.2476218,1348.8438312,-0.0086268,-0.0054561
1.8931980,1.8931980,1.8530311,-0.0072399,-2775.0299786,2667.9932105,-0.0024781,-0.0110075,-1380.9252459,1345.7028424,-0.0085347,-0.0053978
1.8981980,1.8981980,1.8580311,-0.0071628,-2768.3899823,2661.7496082,-0.0024516,-0.0108904,-1377.6135880,1342.5718432,-0.0084438,-0.0053403
1.9031980,1.9031980,1.8630311,-0.0070867,-2761.7713250,2655.5259710,-0.0024255,-0.0107747,-1374.3126087,1339.4507949,-0.0083541,-0.0052836
1.9081980,1.9081980,1.8680311,-0.0070115,-2755.1739289,2649.3222217,-0.0023998,-0.0106605,-1371.0222690,1336.3396592,-0.0082654,-0.0052275
1.9131980,1.9131980,1.8730311,-0.0069373,-2748.5977164,2643.1382837,-0.0023743,-0.0105478,-1367.7425298,1333.2383978,-0.0081779,-0.0051722
1.9181980,1.9181980,1.8780311,-0.0068640,-2742.0426099,2636.9740808,-0.0023492,-0.0104365,-1364.4733525,1330.1469726,-0.0080916,-0.0051176
1.9231980,1.9231980,1.8830311,-0.0067917,-2735.5085323,2630.8295368,-0.0023244,-0.0103266,-1361.2146981,1327.0653457,-0.0080063,-0.0050636
1.9281980,1.9281980,1.8880311,-0.0067202,-2728.9954069,2624.7045762,-0.0022999,-0.0102180,-1357.9665282,1323.9934794,-0.0079220,-0.0050103
1.9331980,1.9331980,1.8930311,-0.0066497,-2722.5031569,2618.5991237,-0.0022757,-0.0101109,-1354.7288043,1320.9313359,-0.0078389,-0.0049577
1.9381980,1.9381980,1.8980311,-0.0065800,-2716.0317059,2612.5131042,-0.0022518,-0.0100050,-1351.5014880,1317.8788780,-0.0077568,-0.0049058
1.9431980,1.9431980,1.9030311,-0.0065112,-2709.5809779,2606.4464430,-0.0022282,-0.0099005,-1348.2845411,1314.8360683,-0.0076757,-0.0048545
1.9481980,1.9481980,1.9080311,-0.0064433,-2703.1508970,2600.3990658,-0.0022049,-0.0097973,-1345.0779256,1311.8028697,-0.0075956,-0.0048039
1.9531980,1.9531980,1.9130311,-0.0063762,-2696.7413875,2594.3708986,-0.0021819,-0.0096954,-1341.8816035,1308.7792452,-0.0075165,-0.0047538
1.9581980,1.9581980,1.9180311,-0.0063099,-2690.3523741,2588.3618676,-0.0021592,-0.0095947,-1338.6955370,1305.7651581,-0.0074384,-0.0047044
1.9631980,1.9631980,1.9230311,-0.0062445,-2683.9837816,2582.3718993,-0.0021368,-0.0094953,-1335.5196884,1302.7605718,-0.0073612,-0.0046557
1.9681980,1.9681980,1.9280311,-0.0061799,-2677.6355352,2576.4009208,-0.0021146,-0.0093971,-1332.3540201,1299.7654496,-0.0072851,-0.0046075
1.9731980,1.9731980,1.9330311,-0.0061160,-2671.3075604,2570.4488592,-0.0020928,-0.0093002,-1329.1984948,1296.7797554,-0.0072098,-0.0045599
1.9781980,1.9781980,1.9380311,-0.0060530,-2664.9997827,2564.5156421,-0.0020712,-0.0092044,-1326.0530750,1293.8034529,-0.0071355,-0.0045129
1.9831980,1.9831980,1.9430311,-0.0059907,-2658.7121281,2558.6011973,-0.0020498,-0.0091098,-1322.9177237,1290.8365062,-0.0070621,-0.0044665
1.9881980,1.9881980,1.9480311,-0.0059292,-2652.4445227,2552.7054529,-0.0020287,-0.0090163,-1319.7924037,1287.8788793,-0.0069896,-0.0044206
1.9931980,1.9931980,1.9530311,-0.0058685,-2646.1968929,2546.8283375,-0.0020079,-0.0089240,-1316.6770782,1284.9305366,-0.0069180,-0.0043753
1.9981980,1.9981980,1.9580311,-0.0058085,-2639.9691654,2540.9697798,-0.0019873,-0.0088328,-1313.5717103,1281.9914426,-0.0068472,-0.0043306
