# r[nm],d[nm],daligned[nm],Ucline3(d)[kj/mol]
-1.3818020,-1.3818020,-1.4219689,12326.9859715
-1.3718020,-1.3718020,-1.4119689,13075.8555941
-1.3618020,-1.3618020,-1.4019689,14393.9144552
-1.3518020,-1.3518020,-1.3919689,16992.8217158
-1.3418020,-1.3418020,-1.3819689,18889.0838462
-1.3318020,-1.3318020,-1.3719689,17997.4676404
-1.3218020,-1.3218020,-1.3619689,18189.7682222
-1.3118020,-1.3118020,-1.3519689,18966.1090078
-1.3018020,-1.3018020,-1.3419689,19569.2156908
-1.2918020,-1.2918020,-1.3319689,20487.8858683
-1.2818020,-1.2818020,-1.3219689,21123.0655853
-1.2718020,-1.2718020,-1.3119689,16373.6660956
-1.2618020,-1.2618020,-1.3019689,12129.8568409
-1.2518020,-1.2518020,-1.2919689,9357.4507813
-1.2418020,-1.2418020,-1.2819689,7795.3230187
-1.2318020,-1.2318020,-1.2719689,7231.4287650
-1.2218020,-1.2218020,-1.2619689,6922.8464535
-1.2118020,-1.2118020,-1.2519689,6567.8690080
-1.2018020,-1.2018020,-1.2419689,5892.8186083
-1.1918020,-1.1918020,-1.2319689,5603.0710034
-1.1818020,-1.1818020,-1.2219689,5800.2704184
-1.1718020,-1.1718020,-1.2119689,6562.6347263
-1.1618020,-1.1618020,-1.2019689,7822.0786649
-1.1518020,-1.1518020,-1.1919689,9545.6049012
-1.1418020,-1.1418020,-1.1819689,11710.0885109
-1.1318020,-1.1318020,-1.1719689,14282.2745790
-1.1218020,-1.1218020,-1.1619689,17202.8040404
-1.1118020,-1.1118020,-1.1519689,16898.6766193
-1.1018020,-1.1018020,-1.1419689,16460.7686627
-1.0918020,-1.0918020,-1.1319689,16413.8541441
-1.0818020,-1.0818020,-1.1219689,15366.4180538
-1.0718020,-1.0718020,-1.1119689,13519.5648511
-1.0618020,-1.0618020,-1.1019689,12289.9716325
-1.0518020,-1.0518020,-1.0919689,11634.3239085
-1.0418020,-1.0418020,-1.0819689,11579.4784243
-1.0318020,-1.0318020,-1.0719689,12196.7204041
-1.0218020,-1.0218020,-1.0619689,12986.7381654
-1.0118020,-1.0118020,-1.0519689,14199.5411586
-1.0018020,-1.0018020,-1.0419689,16654.0019280
-0.9918020,-0.9918020,-1.0319689,18777.1759610
-0.9818020,-0.9818020,-1.0219689,17852.8082939
-0.9718020,-0.9718020,-1.0119689,18058.3228808
-0.9618020,-0.9618020,-1.0019689,18857.1593413
-0.9518020,-0.9518020,-0.9919689,19455.6175580
-0.9418020,-0.9418020,-0.9819689,20356.3806424
-0.9318020,-0.9318020,-0.9719689,21610.7626342
-0.9218020,-0.9218020,-0.9619689,16892.8905614
-0.9118020,-0.9118020,-0.9519689,12482.6823084
-0.9018020,-0.9018020,-0.9419689,9576.9765450
-0.8918020,-0.8918020,-0.9319689,7901.9812175
-0.8818020,-0.8818020,-0.9219689,7293.8715870
-0.8718020,-0.8718020,-0.9119689,6942.4986022
-0.8618020,-0.8618020,-0.9019689,6685.1679136
-0.8518020,-0.8518020,-0.8919689,5949.4233485
-0.8418020,-0.8418020,-0.8819689,5618.9861618
-0.8318020,-0.8318020,-0.8719689,5753.6194711
-0.8218020,-0.8218020,-0.8619689,6463.3723874
-0.8118020,-0.8118020,-0.8519689,7674.9568038
-0.8018020,-0.8018020,-0.8419689,9353.1124942
-0.7918020,-0.7918020,-0.8319689,11474.6953683
-0.7818020,-0.7818020,-0.8219689,14008.2512081
-0.7718020,-0.7718020,-0.8119689,16897.6200287
-0.7618020,-0.7618020,-0.8019689,16973.6293135
-0.7518020,-0.7518020,-0.7919689,16483.3783299
-0.7418020,-0.7418020,-0.7819689,16406.9662735
-0.7318020,-0.7318020,-0.7719689,15590.3053834
-0.7218020,-0.7218020,-0.7619689,13675.1277817
-0.7118020,-0.7118020,-0.7519689,12387.3265525
-0.7018020,-0.7018020,-0.7419689,11673.9788554
-0.6918020,-0.6918020,-0.7319689,11556.5544140
-0.6818020,-0.6818020,-0.7219689,12102.3452745
-0.6718020,-0.6718020,-0.7119689,12922.2738948
-0.6618020,-0.6618020,-0.7019689,14029.5149845
-0.6518020,-0.6518020,-0.6919689,16342.3830674
-0.6418020,-0.6418020,-0.6819689,18962.8671913
-0.6318020,-0.6318020,-0.6719689,17880.0638104
-0.6218020,-0.6218020,-0.6619689,18013.3204298
-0.6118020,-0.6118020,-0.6519689,18814.9821787
-0.6018020,-0.6018020,-0.6419689,19383.0528602
-0.5918020,-0.5918020,-0.6319689,20251.9666236
-0.5818020,-0.5818020,-0.6219689,21482.1711255
-0.5718020,-0.5718020,-0.6119689,17431.3019018
-0.5618020,-0.5618020,-0.6019689,12850.6858894
-0.5518020,-0.5518020,-0.5919689,9808.9568927
-0.5418020,-0.5418020,-0.5819689,8019.6306794
-0.5318020,-0.5318020,-0.5719689,7322.6745599
-0.5218020,-0.5218020,-0.5619689,6972.6348838
-0.5118020,-0.5118020,-0.5519689,6813.6214588
-0.5018020,-0.5018020,-0.5419689,5982.9404483
-0.4918020,-0.4918020,-0.5319689,5642.4749525
-0.4818020,-0.4818020,-0.5219689,5713.2091819
-0.4718020,-0.4718020,-0.5119689,6369.7957240
-0.4618020,-0.4618020,-0.5019689,7533.4259959
-0.4518020,-0.4518020,-0.4919689,9166.3812822
-0.4418020,-0.4418020,-0.4819689,11245.3978367
-0.4318020,-0.4318020,-0.4719689,13740.8341061
-0.4218020,-0.4218020,-0.4619689,16599.9180240
-0.4118020,-0.4118020,-0.4519689,17081.4157931
-0.4018020,-0.4018020,-0.4419689,16532.1446765
-0.3918020,-0.3918020,-0.4319689,16419.7705712
-0.3818020,-0.3818020,-0.4219689,15853.9046152
-0.3718020,-0.3718020,-0.4119689,13880.5668941
-0.3618020,-0.3618020,-0.4019689,12549.9955692
-0.3518020,-0.3518020,-0.3919689,11800.0005867
-0.3418020,-0.3418020,-0.3819689,11647.2884061
-0.3318020,-0.3318020,-0.3719689,12155.7026809
-0.3218020,-0.3218020,-0.3619689,12943.8411451
-0.3118020,-0.3118020,-0.3519689,13959.0493374
-0.3018020,-0.3018020,-0.3419689,16141.2409052
-0.2918020,-0.2918020,-0.3319689,19294.0788812
-0.2818020,-0.2818020,-0.3219689,18050.6816719
-0.2718020,-0.2718020,-0.3119689,18044.6654256
-0.2618020,-0.2618020,-0.3019689,18847.2869632
-0.2518020,-0.2518020,-0.2919689,19343.8211334
-0.2418020,-0.2418020,-0.2819689,20144.7269973
-0.2318020,-0.2318020,-0.2719689,21306.2839977
-0.2218020,-0.2218020,-0.2619689,17651.4178974
-0.2118020,-0.2118020,-0.2519689,13237.6551486
-0.2018020,-0.2018020,-0.2419689,10080.6859942
-0.1918020,-0.1918020,-0.2319689,8209.6849921
-0.1818020,-0.1818020,-0.2219689,7455.5413896
-0.1718020,-0.1718020,-0.2119689,7123.6428310
-0.1618020,-0.1618020,-0.2019689,7022.3443186
-0.1518020,-0.1518020,-0.1919689,6117.0058488
-0.1418020,-0.1418020,-0.1819689,5759.6214488
-0.1318020,-0.1318020,-0.1719689,5787.2068269
-0.1218020,-0.1218020,-0.1619689,6415.5224969
-0.1118020,-0.1118020,-0.1519689,7558.8846637
-0.1018020,-0.1018020,-0.1419689,9174.6939410
-0.0918020,-0.0918020,-0.1319689,9758.9323877
-0.0818020,-0.0818020,-0.1219689,9618.3873468
-0.0718020,-0.0718020,-0.1119689,9588.3602850
-0.0618020,-0.0618020,-0.1019689,9658.2838618
-0.0518020,-0.0518020,-0.0919689,9803.8887077
-0.0418020,-0.0418020,-0.0819689,9913.0726978
-0.0318020,-0.0318020,-0.0719689,9431.0678453
-0.0218020,-0.0218020,-0.0619689,9022.7827831
-0.0118020,-0.0118020,-0.0519689,8648.7382527
-0.0018020,-0.0018020,-0.0419689,8109.5457838
0.0081980,0.0081980,-0.0319689,6724.4815997
0.0181980,0.0181980,-0.0219689,5727.4837270
0.0281980,0.0281980,-0.0119689,4988.9850353
0.0381980,0.0381980,-0.0019689,4525.9856730
0.0481980,0.0481980,0.0080311,4261.4954576
0.0581980,0.0581980,0.0180311,4039.1023098
0.0681980,0.0681980,0.0280311,3997.6873293
0.0781980,0.0781980,0.0380311,3804.9996152
0.0881980,0.0881980,0.0480311,3503.4411034
0.0981980,0.0981980,0.0580311,3319.0940265
0.1081980,0.1081980,0.0680311,3256.4075599
0.1181980,0.1181980,0.0780311,3314.7504772
0.1281980,0.1281980,0.0880311,3378.3715627
0.1381980,0.1381980,0.0980311,3410.4104823
0.1481980,0.1481980,0.1080311,2582.7403933
0.1581980,0.1581980,0.1180311,1943.0490199
0.1681980,0.1681980,0.1280311,1470.8845016
0.1781980,0.1781980,0.1380311,1099.6465020
0.1881980,0.1881980,0.1480311,819.9008850
0.1981980,0.1981980,0.1580311,610.1959523
0.2081980,0.2081980,0.1680311,453.6248727
0.2181980,0.2181980,0.1780311,337.0840482
0.2281980,0.2281980,0.1880311,250.4966418
0.2381980,0.2381980,0.1980311,186.1255442
0.2481980,0.2481980,0.2080311,138.1206919
0.2581980,0.2581980,0.2180311,102.2261256
0.2681980,0.2681980,0.2280311,75.4089575
0.2781980,0.2781980,0.2380311,55.4368867
0.2881980,0.2881980,0.2480311,40.6059115
0.2981980,0.2981980,0.2580311,29.6165789
0.3081980,0.3081980,0.2680311,21.4833925
0.3181980,0.3181980,0.2780311,15.4588717
0.3281980,0.3281980,0.2880311,10.9815646
0.3381980,0.3381980,0.2980311,7.6349726
0.3481980,0.3481980,0.3080311,5.1124623
0.3581980,0.3581980,0.3180311,3.2009026
0.3681980,0.3681980,0.3280311,1.7677163
0.3781980,0.3781980,0.3380311,0.7277524
0.3881980,0.3881980,0.3480311,0.0106015
0.3981980,0.3981980,0.3580311,-0.4516275
0.4081980,0.4081980,0.3680311,-0.7249626
0.4181980,0.4181980,0.3780311,-0.8739194
0.4281980,0.4281980,0.3880311,-0.9611424
0.4381980,0.4381980,0.3980311,-1.0408143
0.4481980,0.4481980,0.4080311,-1.1470903
0.4581980,0.4581980,0.4180311,-1.2879889
0.4681980,0.4681980,0.4280311,-1.4508310
0.4781980,0.4781980,0.4380311,-1.6127798
0.4881980,0.4881980,0.4480311,-1.7505399
0.4981980,0.4981980,0.4580311,-1.8488371
0.5081980,0.5081980,0.4680311,-1.9049104
0.5181980,0.5181980,0.4780311,-1.9271204
0.5281980,0.5281980,0.4880311,-1.9295619
0.5381980,0.5381980,0.4980311,-1.9258725
0.5481980,0.5481980,0.5080311,-1.9250292
0.5581980,0.5581980,0.5180311,-1.9301030
0.5681980,0.5681980,0.5280311,-1.9388095
0.5781980,0.5781980,0.5380311,-1.9450474
0.5881980,0.5881980,0.5480311,-1.9418612
0.5981980,0.5981980,0.5580311,-1.9245294
0.6081980,0.6081980,0.5680311,-1.8917644
0.6181980,0.6181980,0.5780311,-1.8450351
0.6281980,0.6281980,0.5880311,-1.7872457
0.6381980,0.6381980,0.5980311,-1.7216501
0.6481980,0.6481980,0.6080311,-1.6512280
0.6581980,0.6581980,0.6180311,-1.5784295
0.6681980,0.6681980,0.6280311,-1.5051348
0.6781980,0.6781980,0.6380311,-1.4327140
0.6881980,0.6881980,0.6480311,-1.3621205
0.6981980,0.6981980,0.6580311,-1.2939843
0.7081980,0.7081980,0.6680311,-1.2286939
0.7181980,0.7181980,0.6780311,-1.1664617
0.7281980,0.7281980,0.6880311,-1.1073743
0.7381980,0.7381980,0.6980311,-1.0514308
0.7481980,0.7481980,0.7080311,-0.9985706
0.7581980,0.7581980,0.7180311,-0.9486941
0.7681980,0.7681980,0.7280311,-0.9016771
0.7781980,0.7781980,0.7380311,-0.8573813
0.7881980,0.7881980,0.7480311,-0.8156619
0.7981980,0.7981980,0.7580311,-0.7763725
0.8081980,0.8081980,0.7680311,-0.7393684
0.8181980,0.8181980,0.7780311,-0.7045095
0.8281980,0.8281980,0.7880311,-0.6716612
0.8381980,0.8381980,0.7980311,-0.6406954
0.8481980,0.8481980,0.8080311,-0.6114912
0.8581980,0.8581980,0.8180311,-0.5839348
0.8681980,0.8681980,0.8280311,-0.5579195
0.8781980,0.8781980,0.8380311,-0.5333455
0.8881980,0.8881980,0.8480311,-0.5101198
0.8981980,0.8981980,0.8580311,-0.4881555
0.9081980,0.9081980,0.8680311,-0.4673721
0.9181980,0.9181980,0.8780311,-0.4476943
0.9281980,0.9281980,0.8880311,-0.4290524
0.9381980,0.9381980,0.8980311,-0.4113813
0.9481980,0.9481980,0.9080311,-0.3946207
0.9581980,0.9581980,0.9180311,-0.3787146
0.9681980,0.9681980,0.9280311,-0.3636106
0.9781980,0.9781980,0.9380311,-0.3492602
0.9881980,0.9881980,0.9480311,-0.3356182
0.9981980,0.9981980,0.9580311,-0.3226426
1.0081980,1.0081980,0.9680311,-0.3102941
1.0181980,1.0181980,0.9780311,-0.2985362
1.0281980,1.0281980,0.9880311,-0.2873348
1.0381980,1.0381980,0.9980311,-0.2766582
1.0481980,1.0481980,1.0080311,-0.2664767
1.0581980,1.0581980,1.0180311,-0.2567625
1.0681980,1.0681980,1.0280311,-0.2474898
1.0781980,1.0781980,1.0380311,-0.2386343
1.0881980,1.0881980,1.0480311,-0.2301734
1.0981980,1.0981980,1.0580311,-0.2220858
1.1081980,1.1081980,1.0680311,-0.2143516
1.1181980,1.1181980,1.0780311,-0.2069522
1.1281980,1.1281980,1.0880311,-0.1998701
1.1381980,1.1381980,1.0980311,-0.1930888
1.1481980,1.1481980,1.1080311,-0.1865929
1.1581980,1.1581980,1.1180311,-0.1803680
1.1681980,1.1681980,1.1280311,-0.1744004
1.1781980,1.1781980,1.1380311,-0.1686772
1.1881980,1.1881980,1.1480311,-0.1631865
1.1981980,1.1981980,1.1580311,-0.1579167
1.2081980,1.2081980,1.1680311,-0.1528572
1.2181980,1.2181980,1.1780311,-0.1479980
1.2281980,1.2281980,1.1880311,-0.1433294
1.2381980,1.2381980,1.1980311,-0.1388424
1.2481980,1.2481980,1.2080311,-0.1345285
1.2581980,1.2581980,1.2180311,-0.1303798
1.2681980,1.2681980,1.2280311,-0.1263886
1.2781980,1.2781980,1.2380311,-0.1225477
1.2881980,1.2881980,1.2480311,-0.1188503
1.2981980,1.2981980,1.2580311,-0.1152900
1.3081980,1.3081980,1.2680311,-0.1118606
1.3181980,1.3181980,1.2780311,-0.1085565
1.3281980,1.3281980,1.2880311,-0.1053720
1.3381980,1.3381980,1.2980311,-0.1023021
1.3481980,1.3481980,1.3080311,-0.0993417
1.3581980,1.3581980,1.3180311,-0.0964863
1.3681980,1.3681980,1.3280311,-0.0937312
1.3781980,1.3781980,1.3380311,-0.0910724
1.3881980,1.3881980,1.3480311,-0.0885058
1.3981980,1.3981980,1.3580311,-0.0860276
1.4081980,1.4081980,1.3680311,-0.0836340
1.4181980,1.4181980,1.3780311,-0.0813218
1.4281980,1.4281980,1.3880311,-0.0790875
1.4381980,1.4381980,1.3980311,-0.0769280
1.4481980,1.4481980,1.4080311,-0.0748404
1.4581980,1.4581980,1.4180311,-0.0728218
1.4681980,1.4681980,1.4280311,-0.0708694
1.4781980,1.4781980,1.4380311,-0.0689807
1.4881980,1.4881980,1.4480311,-0.0671533
1.4981980,1.4981980,1.4580311,-0.0653846
1.5081980,1.5081980,1.4680311,-0.0636726
1.5181980,1.5181980,1.4780311,-0.0620149
1.5281980,1.5281980,1.4880311,-0.0604097
1.5381980,1.5381980,1.4980311,-0.0588548
1.5481980,1.5481980,1.5080311,-0.0573485
1.5581980,1.5581980,1.5180311,-0.0558889
1.5681980,1.5681980,1.5280311,-0.0544743
1.5781980,1.5781980,1.5380311,-0.0531030
1.5881980,1.5881980,1.5480311,-0.0517736
1.5981980,1.5981980,1.5580311,-0.0504843
