# r[nm],d[nm],daligned[nm],UC(d)[kJ/mol],UK(d)[kJ/mol],UCl(d)[kJ/mol],UC2A(d)[kJ/mol],UC4A(d)[kJ/mol],UCPlus(d)[kJ/mol],UCMinus(d)[kJ/mol],UCMoreLJ(d)[kJ/mol],UCLessLJ(d)[kJ/mol]
0.7500000,0.0000000,-0.0219615,223566.1875536,143284.3253612,894071.9021630,14044.9211995,629312.1481017,223293.8230328,223838.5520745,263548.4968584,166682.7047972
0.7550000,0.0050000,-0.0169615,200430.3646666,128389.2886824,801725.1914948,12577.9710478,564268.4792023,200158.3237043,200702.4056288,236275.0911069,149433.4884523
0.7600000,0.0100000,-0.0119615,177563.4221527,113668.0332257,710444.7531978,11128.8460879,499976.0841075,177291.7077127,177835.1365927,209318.6519725,132384.7393979
0.7650000,0.0150000,-0.0069615,155556.9500930,99501.5130662,622591.1999077,9735.1353977,438097.6778302,155285.5651106,155828.3350754,183376.5687982,115977.5253818
0.7700000,0.0200000,-0.0019615,134864.7792337,86181.9377313,539975.8084462,8425.6343927,379909.0338739,134593.7266153,135135.8318521,158983.8348773,100550.2058721
0.7750000,0.0250000,0.0030385,115802.1085724,73912.2152063,463856.9881640,7220.2950329,326296.4984562,115531.3911951,116072.8259498,136512.0190189,86337.7816176
0.7800000,0.0300000,0.0080385,98555.7062801,62812.5278905,394980.9110146,6130.8823035,277785.6112183,98285.3269909,98826.0855693,116181.2907898,73479.5000788
0.7850000,0.0350000,0.0130385,83201.5254540,52931.6843588,333651.7180779,5162.1030371,234590.5587074,82931.4870696,83471.5638384,98081.1866485,62031.9890843
0.7900000,0.0400000,0.0180385,69726.1795749,44260.9565077,279817.1281537,4312.9798936,196674.4763950,69456.4848811,69995.8742687,82195.9260464,51985.2681387
0.7950000,0.0450000,0.0230385,58049.2816204,36748.4719556,233157.5020147,3578.2791633,163812.1843832,57779.9333716,58318.6298692,68430.7456426,43279.4036428
0.8000000,0.0500000,0.0280385,48044.4354768,30312.7371921,193169.5436783,2949.8512924,135649.1451396,47775.4363957,48313.4345580,56636.6447936,35820.1593155
0.8050000,0.0550000,0.0330385,39557.4858818,24854.3937513,159239.0793723,2417.7953261,111752.7274287,39288.8386587,39826.1331050,46631.8992945,29492.6026780
0.8100000,0.0600000,0.0380385,32421.3529391,20265.7734408,130700.2246176,1971.4044790,91653.8820289,32153.0602318,32689.6456464,38219.5488804,24172.1651213
0.8150000,0.0650000,0.0430385,26467.3322877,16438.1762336,106880.4629644,1614.6214355,74878.8937022,26199.3967210,26735.2678545,31200.7183045,19733.0668951
0.8200000,0.0700000,0.0480385,21533.1166902,13267.0357963,87132.6540969,1307.6043068,60971.9263511,21265.5408554,21800.6925250,25384.0734973,16054.2977089
0.8250000,0.0750000,0.0530385,17468.0072041,10655.2744227,70855.8362776,1055.4724494,49509.6750809,17200.7936588,17735.2207494,20591.9646979,13023.5019886
0.8300000,0.0800000,0.0580385,14135.8671372,8515.2038913,57507.0275837,849.5488180,40109.6779924,13869.0184050,14402.7158694,16663.9086910,10539.1812370
0.8350000,0.0850000,0.0630385,11416.3686594,6769.3265780,46606.2175295,682.1731831,32433.8314618,11149.8872295,11682.8500894,13458.0583616,8511.6234612
0.8400000,0.0900000,0.0680385,9205.0254072,5350.3547001,37736.5156076,546.7021426,26188.4941192,8938.9137339,9471.1370805,10851.2411297,6862.9274819
0.8450000,0.0950000,0.0730385,7412.4222745,4200.7126189,30541.0960589,437.4581589,21122.3342384,7146.6827774,7678.1617717,8738.0509992,5526.4286936
0.8500000,0.1000000,0.0780385,5962.9651130,3271.7301117,24718.2256421,349.6482364,17022.8269195,5697.6001763,6228.3300497,7029.3746543,4445.7668868
0.8550000,0.1050000,0.0830385,4793.3901417,2522.6810864,20015.3307126,279.2675402,13712.0746663,4528.4021142,5058.3781693,5650.6342955,3573.7749197
0.8600000,0.1100000,0.0880385,3851.2016576,1919.7763276,16222.7760625,222.9986971,11042.4250163,3586.5928523,4115.8104630,4539.9459510,2871.3139318
0.8650000,0.1150000,0.0930385,3093.1492917,1449.9178549,13167.7993982,178.1138516,8892.1978706,2828.9219857,3357.3765976,3646.3244075,2306.1380431
0.8700000,0.1200000,0.0980385,2483.8122981,1060.8426982,10708.8708494,142.3837495,7161.7122706,2219.9687326,2747.6558637,2928.0143157,1851.8388518
0.8750000,0.1250000,0.1030385,1994.3265622,748.7181569,8730.6201072,113.9960255,5769.7130532,1745.6048823,2257.7841827,2350.9895368,1501.6322788
0.8800000,0.1300000,0.1080385,1616.0039736,498.4785397,7139.3861243,91.4828745,4650.2360698,1352.9344666,1864.3375401,1887.6368910,1208.5823346
0.8850000,0.1350000,0.1130385,1300.4278807,297.9420521,5859.3870662,73.6561488,3749.9103308,1037.7486190,1563.1071425,1530.3594880,973.3004376
0.8900000,0.1400000,0.1180385,1047.0543990,137.2861564,4829.4735115,59.5498503,3025.6710062,784.7674775,1309.3413205,1231.6729962,784.3945135
0.8950000,0.1450000,0.1230385,843.5867563,8.6083041,4000.4092278,48.3767940,2442.8440596,581.6942332,1105.4792793,991.8174438,632.6965425
0.9000000,0.1500000,0.1280385,680.1458234,-94.4382560,3332.6160395,39.5024157,1973.5577932,418.6497202,941.6419265,799.1469301,510.8410103
0.9050000,0.1550000,0.1330385,548.8050322,-176.9440117,2794.3184866,32.4247715,1610.1719486,287.7073333,809.9027311,644.3173091,412.9181599
0.9100000,0.1600000,0.1380385,443.2103188,-242.9879431,2360.0273532,26.7513459,1305.2658049,182.5129715,703.9076660,519.8381636,334.1906356
0.9150000,0.1650000,0.1430385,358.2712102,-295.8368050,2009.3067844,22.1723331,1059.1854392,97.9761247,618.5662956,419.7086467,270.8631612
0.9200000,0.1700000,0.1480385,289.9108283,-338.1104836,1740.5122580,18.4322431,860.3970531,30.0198653,549.8017825,339.1227824,219.8960294
0.9250000,0.1750000,0.1530385,234.8641922,-372.0390830,1511.0418497,15.3144636,699.6559451,-24.6210805,494.3492643,274.2318029,178.8538882
0.9300000,0.1800000,0.1580385,190.5153204,-438.6169304,1325.1044065,12.6477110,569.5504831,-68.5649935,449.5935053,221.9527988,145.7821161
0.9350000,0.1850000,0.1630385,154.7646346,-527.0231616,1174.2561569,10.3135340,464.1361250,-103.9214780,413.4380666,179.8140328,119.1069581
0.9400000,0.1900000,0.1680385,125.9218514,-596.6478386,1051.7203353,8.2372532,378.6422001,-132.4053436,384.1995924,145.8290871,97.5603246
0.9450000,0.1950000,0.1730385,102.6244774,-651.6048309,952.0540593,6.3738015,309.2371719,-155.4289991,360.4743032,118.3969513,80.1258678
0.9500000,0.2000000,0.1780385,83.7789467,-695.0746920,870.8820058,4.7028831,252.8402953,-174.4007491,340.2155818,96.2279953,65.9930800
0.9550000,0.2050000,0.1830385,68.5118198,-729.5243890,804.6834565,3.2266141,206.9695395,-204.7992150,320.6305331,78.2890364,54.5083302
0.9600000,0.2100000,0.1880385,56.1189465,-759.4385634,750.4829025,1.9558720,169.6195418,-246.9156861,302.7430882,63.7531179,45.1280034
0.9650000,0.2150000,0.1930385,46.0161624,-794.9132398,700.2679897,0.8923565,139.1675432,-280.3913655,281.3384242,51.9467450,37.3922980
0.9700000,0.2200000,0.1980385,37.7098320,-823.6099375,654.6068581,0.0212392,114.3029103,-307.0395182,258.0137180,42.3050823,30.9333606
0.9750000,0.2250000,0.2030385,30.8023689,-846.2315156,617.6077436,-0.6843027,93.9683013,-328.2966698,237.6906940,34.3552576,25.4948700
0.9800000,0.2300000,0.2080385,25.0122782,-864.1471139,582.1315481,-1.2540544,77.3021058,-345.3179486,221.3449452,27.7325935,20.9136857
0.9850000,0.2350000,0.2130385,20.1578412,-878.4110314,528.3622385,-1.7138183,63.5873899,-359.0776949,208.3847272,22.1907751,17.0668582
0.9900000,0.2400000,0.2180385,16.1032927,-889.8371341,484.6603120,-2.0828057,52.2248445,-371.3741778,198.1102887,17.5653293,13.8339955
0.9950000,0.2450000,0.2230385,12.7178251,-899.3584385,449.7844435,-2.3741445,42.7389625,-387.7079406,189.9206046,13.7185150,11.0941371
1.0000000,0.2500000,0.2280385,9.8695085,-911.1497319,421.9801740,-2.5967125,34.7889178,-402.3053054,183.3301396,10.5117711,8.7424419
1.0050000,0.2550000,0.2330385,7.4412344,-924.1537243,399.7744574,-2.7572119,28.1396796,-413.6910120,177.9686066,7.8103899,6.7056380
1.0100000,0.2600000,0.2380385,5.3483140,-934.9807039,381.9977412,-2.8618394,22.6067194,-422.5084834,173.5724465,5.5028666,4.9418735
1.0150000,0.2650000,0.2430385,3.5413354,-943.8054419,367.7236168,-2.9171918,18.0190940,-429.3264558,169.9590492,3.5150144,3.4270288
1.0200000,0.2700000,0.2480385,1.9930670,-951.0105717,356.1981076,-2.9304135,14.2101911,-434.7132919,166.9913156,1.8061169,2.1404975
1.0250000,0.2750000,0.2530385,0.6823646,-956.8997888,346.7665481,-2.9088757,11.0233872,-439.7018555,164.5478931,0.3522868,1.0584936
1.0300000,0.2800000,0.2580385,-0.4145865,-961.7063790,338.8419955,-2.8597173,8.3238403,-445.4431919,162.5082290,-0.8683573,0.1540791
1.0350000,0.2850000,0.2630385,-1.3252733,-965.6099146,331.9920873,-2.7894641,6.0098388,-451.2882317,160.7565618,-1.8816331,-0.5999283
1.0400000,0.2900000,0.2680385,-2.0780696,-968.7494302,326.0332740,-2.7038035,4.0152673,-456.4519821,159.2020143,-2.7164366,-1.2280130
1.0450000,0.2950000,0.2730385,-2.6989729,-971.2333526,320.9254179,-2.6075059,2.3002708,-460.8268083,157.7971641,-3.4013444,-1.7502223
1.0500000,0.3000000,0.2780385,-3.2094622,-973.1469622,316.6159785,-2.5044507,0.8372024,-464.4920289,156.5342597,-3.9614827,-2.1818323
1.0550000,0.3050000,0.2830385,-3.6258728,-974.5580049,312.9962697,-2.3977143,-0.3994670,-467.5426892,155.4225787,-4.4168235,-2.5341095
1.0600000,0.3100000,0.2880385,-3.9600561,-975.5209224,309.9191046,-2.2896861,-1.4367639,-470.0610375,154.4683681,-4.7820584,-2.8156201
1.0650000,0.3150000,0.2930385,-4.2207664,-976.0800432,307.2332237,-2.1821920,-2.3025263,-472.1147712,153.6677066,-5.0676607,-3.0335235
1.0700000,0.3200000,0.2980385,-4.4151346,-976.2719919,304.8259572,-2.0766086,-3.0231987,-473.7594089,153.0080952,-5.2814801,-3.1944795
1.0750000,0.3250000,0.3030385,-4.5497621,-976.1275086,302.6478264,-1.9739607,-3.6218199,-475.0408421,152.4724276,-5.4302186,-3.3050807
1.0800000,0.3300000,0.3080385,-4.6312805,-975.6728226,300.6962172,-1.8749945,-4.1169274,-475.9974423,152.0422874,-5.5203984,-3.3719165
1.0850000,0.3350000,0.3130385,-4.6664636,-974.9306900,298.9801361,-1.7802301,-4.5225361,-476.6617021,151.6999652,-5.5587618,-3.4014400
1.0900000,0.3400000,0.3180385,-4.6620842,-973.9221127,297.4987626,-1.6899970,-4.8489794,-477.0614950,151.4294609,-5.5522568,-3.3997797
1.0950000,0.3450000,0.3230385,-4.6246843,-972.7826611,296.2382540,-1.6044634,-5.1041655,-477.2210343,151.2168499,-5.5078180,-3.3725762
1.1000000,0.3500000,0.3280385,-4.5603642,-974.6324312,295.1763278,-1.5236642,-5.2947698,-477.1616051,151.0503000,-5.4321029,-3.3248779
1.1050000,0.3550000,0.3330385,-4.4746356,-980.8409258,294.2873102,-1.4475331,-5.4270626,-476.9021201,150.9199166,-5.3312744,-3.2610958
1.1100000,0.3600000,0.3380385,-4.3723454,-986.0923831,293.5455212,-1.3759347,-5.5073061,-476.4595448,150.8175187,-5.2108596,-3.1850083
1.1150000,0.3650000,0.3430385,-4.2576590,-989.9481771,292.9270902,-1.3086935,-5.5418239,-475.8492348,150.7363989,-5.0756824,-3.0997986
1.1200000,0.3700000,0.3480385,-4.1340880,-992.5644203,292.4107419,-1.2456163,-5.5368885,-475.0855955,150.6710952,-4.9298576,-3.0081139
1.1250000,0.3750000,0.3530385,-4.0045450,-994.0962611,291.9779969,-1.1865118,-5.4985514,-474.1892813,150.6171856,-4.7768255,-2.9121334
1.1300000,0.3800000,0.3580385,-3.8714151,-994.6805866,291.6130707,-1.1312004,-5.4324874,-473.2556347,150.5711097,-4.6194154,-2.8136373
1.1350000,0.3850000,0.3630385,-3.7366329,-994.4374577,291.3026334,-1.0795008,-5.3438853,-472.7686969,150.5300164,-4.4599225,-2.7140698
1.1400000,0.3900000,0.3680385,-3.6017559,-993.4721540,291.0355195,-1.0312045,-5.2373871,-473.5440991,150.4916365,-4.3001909,-2.6145942
1.1450000,0.3950000,0.3730385,-3.4680296,-991.8770266,290.8024340,-0.9860762,-5.1170682,-475.0826641,150.4541766,-4.1416909,-2.5161397
1.1500000,0.4000000,0.3780385,-3.3364424,-989.7331279,290.5956775,-0.9438846,-4.9864465,-476.4204072,150.4162305,-3.9855876,-2.4194418
1.1550000,0.4050000,0.3830385,-3.2077709,-987.1116395,290.4088991,-0.9044370,-4.8485110,-477.2595487,150.3767073,-3.8327967,-2.3250775
1.1600000,0.4100000,0.3880385,-3.0826190,-984.0804437,290.2368815,-0.8676177,-4.7057639,-477.5901466,150.3347716,-3.6840304,-2.2334935
1.1650000,0.4150000,0.3930385,-2.9614501,-981.8130797,290.0753549,-0.8334125,-4.5602703,-477.4631519,150.2897950,-3.5398370,-2.1450277
1.1700000,0.4200000,0.3980385,-2.8446109,-986.4706262,289.9208400,-0.8018556,-4.4137139,-476.9368348,150.2413158,-3.4006317,-2.0599240
1.1750000,0.4250000,0.4030385,-2.7323465,-990.7291430,289.7705141,-0.7729094,-4.2674538,-476.0655533,150.1890067,-3.2667173,-1.9783500
1.1800000,0.4300000,0.4080385,-2.6248139,-992.7658718,289.6221003,-0.7464045,-4.1225780,-474.8976964,150.1326480,-3.1382965,-1.9004172
1.1850000,0.4350000,0.4130385,-2.5221015,-992.9630444,289.4737728,-0.7220952,-3.9799532,-473.4761275,150.0721060,-3.0154839,-1.8262024
1.1900000,0.4400000,0.4180385,-2.4242547,-991.6741490,289.3240795,-0.6997313,-3.8402670,-471.8493812,150.0073152,-2.8983279,-1.7557570
1.1950000,0.4450000,0.4230385,-2.3312939,-989.1901991,289.1718766,-0.6790464,-3.7040645,-470.1909680,149.9382639,-2.7868376,-1.6890988
1.2000000,0.4500000,0.4280385,-2.2432127,-985.7495613,289.0162744,-0.6597417,-3.5717765,-469.1987835,149.8649825,-2.6810004,-1.6261898
1.2050000,0.4550000,0.4330385,-2.1599534,-981.5474958,288.8565924,-0.6415555,-3.4437386,-469.3742212,149.7875339,-2.5807728,-1.5669147
1.2100000,0.4600000,0.4380385,-2.0813753,-976.7601929,288.6923216,-0.6242704,-3.3202044,-469.7411275,149.7060060,-2.4860469,-1.5110789
1.2150000,0.4650000,0.4430385,-2.0072404,-971.7892273,288.5230936,-0.6075994,-3.2013599,-469.6036909,149.6205051,-2.3966153,-1.4584341
1.2200000,0.4700000,0.4480385,-1.9372345,-967.6893018,288.3486547,-0.5911694,-3.0873427,-468.8704922,149.5311511,-2.3121641,-1.4087280
1.2250000,0.4750000,0.4530385,-1.8710215,-964.2152503,288.1688448,-0.5746910,-2.9782599,-467.6148991,149.4380732,-2.2323089,-1.3617496
1.2300000,0.4800000,0.4580385,-1.8083048,-960.1458517,287.9835790,-0.5581052,-2.8741901,-465.9362138,149.3414072,-2.1566635,-1.3173423
1.2350000,0.4850000,0.4630385,-1.7488577,-955.2287820,287.7928336,-0.5415184,-2.7751645,-463.9467414,149.2412920,-2.0849043,-1.2753854
1.2400000,0.4900000,0.4680385,-1.6925115,-949.6061187,287.5966336,-0.5250175,-2.6811346,-461.7811265,149.1378682,-2.0167906,-1.2357720
1.2450000,0.4950000,0.4730385,-1.6391289,-943.4583965,287.3950424,-0.5085743,-2.5919495,-459.5566948,149.0312765,-1.9521429,-1.1984024
1.2500000,0.5000000,0.4780385,-1.5885903,-936.9392618,287.1881542,-0.4920927,-2.5073622,-457.2996846,148.9216559,-1.8908162,-1.1631815
1.2550000,0.5050000,0.4830385,-1.5407875,-930.1702475,286.9760861,-0.4754992,-2.4270660,-454.9545622,148.8091431,-1.8326877,-1.1300096
1.2600000,0.5100000,0.4880385,-1.4956097,-923.2456506,286.7589736,-0.4587951,-2.3507453,-452.4637114,148.6938718,-1.7776448,-1.0987602
1.2650000,0.5150000,0.4930385,-1.4529151,-916.2382762,286.5369648,-0.4420543,-2.2781142,-449.8088132,148.5759719,-1.7255614,-1.0692424
1.2700000,0.5200000,0.4980385,-1.4124838,-909.2043355,286.3102177,-0.4253949,-2.2089325,-447.0039826,148.4555694,-1.6762548,-1.0411720
1.2750000,0.5250000,0.5030385,-1.3739784,-902.1872941,286.0788961,-0.4089474,-2.1430091,-444.0783163,148.3327857,-1.6294275,-1.0141971
1.2800000,0.5300000,0.5080385,-1.3369661,-895.2207778,285.8431678,-0.3928320,-2.0801988,-441.0641504,148.2077378,-1.5846423,-0.9879785
1.2850000,0.5350000,0.5130385,-1.3010159,-888.3306911,285.6032021,-0.3771471,-2.0203892,-437.9914658,148.0805382,-1.5413859,-0.9622650
1.2900000,0.5400000,0.5180385,-1.2657991,-881.5367063,285.3591684,-0.3619658,-1.9634705,-434.8858524,147.9512946,-1.4991966,-0.9369045
1.2950000,0.5450000,0.5230385,-1.2311167,-874.8532805,285.1112349,-0.3473370,-1.9092861,-431.7681664,147.8201102,-1.4577574,-0.9118032
1.3000000,0.5500000,0.5280385,-1.1968545,-868.2903640,284.8595671,-0.3332893,-1.8575838,-428.6548939,147.6870834,-1.4168915,-0.8868836
1.3050000,0.5550000,0.5330385,-1.1629271,-861.8539569,284.6043278,-0.3198347,-1.8080071,-425.5587603,147.5523086,-1.3764957,-0.8620739
1.3100000,0.5600000,0.5380385,-1.1292576,-855.5466429,284.3456757,-0.3069730,-1.7601478,-422.4893766,147.4158753,-1.3364872,-0.8373215
1.3150000,0.5650000,0.5430385,-1.0957894,-849.3681743,284.0837652,-0.2946950,-1.7136262,-419.4538390,147.2778692,-1.2967945,-0.8126097
1.3200000,0.5700000,0.5480385,-1.0625063,-843.3161181,283.8187464,-0.2829856,-1.6681428,-416.4572500,147.1383717,-1.2573778,-0.7879638
1.3250000,0.5750000,0.5530385,-1.0294412,-837.3865199,283.5507644,-0.2718251,-1.6234789,-413.5031536,146.9974603,-1.2182473,-0.7634457
1.3300000,0.5800000,0.5580385,-0.9966699,-831.5745222,283.2799591,-0.2611916,-1.5794701,-410.5938909,146.8552088,-1.1794664,-0.7391410
1.3350000,0.5850000,0.5630385,-0.9642966,-825.8748814,283.0064658,-0.2510618,-1.5359864,-407.7308838,146.7116873,-1.1411402,-0.7151452
1.3400000,0.5900000,0.5680385,-0.9324366,-820.2823546,282.7304143,-0.2414118,-1.4929310,-404.9148584,146.5669624,-1.1033960,-0.6915521
1.3450000,0.5950000,0.5730385,-0.9012020,-814.7919557,282.4519295,-0.2322178,-1.4502497,-402.1460174,146.4210976,-1.0663650,-0.6684461
1.3500000,0.6000000,0.5780385,-0.8706923,-809.3990988,282.1711313,-0.2234564,-1.4079377,-399.4241731,146.2741531,-1.0301686,-0.6458975
1.3550000,0.6050000,0.5830385,-0.8409891,-804.0996572,281.8881346,-0.2151050,-1.3660372,-396.7488475,146.1261859,-0.9949091,-0.6239617
1.3600000,0.6100000,0.5880385,-0.8121543,-798.8899638,281.6030495,-0.2071419,-1.3246270,-394.1193484,145.9772506,-0.9606667,-0.6026788
1.3650000,0.6150000,0.5930385,-0.7842308,-793.7667763,281.3159816,-0.1995461,-1.2838081,-391.5348265,145.8273987,-0.9274984,-0.5820754
1.3700000,0.6200000,0.5980385,-0.7572447,-788.7272249,281.0270316,-0.1922981,-1.2436894,-388.9943179,145.6766793,-0.8954403,-0.5621664
1.3750000,0.6250000,0.6030385,-0.7312074,-783.7687520,280.7362960,-0.1853791,-1.2043761,-386.4967776,145.5251390,-0.8645101,-0.5429569
1.3800000,0.6300000,0.6080385,-0.7061188,-778.8890522,280.4438671,-0.1787714,-1.1659618,-384.0411037,145.3728221,-0.8347102,-0.5244444
1.3850000,0.6350000,0.6130385,-0.6819690,-774.0860172,280.1498329,-0.1724583,-1.1285242,-381.6261570,145.2197707,-0.8060311,-0.5066200
1.3900000,0.6400000,0.6180385,-0.6587414,-769.3576858,279.8542777,-0.1664242,-1.0921232,-379.2507765,145.0660246,-0.7784540,-0.4894706
1.3950000,0.6450000,0.6230385,-0.6364139,-764.7022029,279.5572818,-0.1606542,-1.0568016,-376.9137917,144.9116221,-0.7519531,-0.4729793
1.4000000,0.6500000,0.6280385,-0.6149604,-760.1177846,279.2589220,-0.1551344,-1.0225858,-374.6140323,144.7565991,-0.7264978,-0.4571271
1.4050000,0.6550000,0.6330385,-0.5943528,-755.6026923,278.9592715,-0.1498518,-0.9894885,-372.3503369,144.6009901,-0.7020539,-0.4418932
1.4100000,0.6600000,0.6380385,-0.5745610,-751.1552128,278.6584004,-0.1447940,-0.9575105,-370.1215595,144.4448278,-0.6785855,-0.4272558
1.4150000,0.6650000,0.6430385,-0.5555541,-746.7736456,278.3563753,-0.1399495,-0.9266430,-367.9265756,144.2881431,-0.6560554,-0.4131926
1.4200000,0.6700000,0.6480385,-0.5373011,-742.4562953,278.0532601,-0.1353075,-0.8968697,-365.7642870,144.1309658,-0.6344258,-0.3996814
1.4250000,0.6750000,0.6530385,-0.5197712,-738.2014689,277.7491156,-0.1308576,-0.8681685,-363.6336252,143.9733239,-0.6136596,-0.3866999
1.4300000,0.6800000,0.6580385,-0.5029338,-734.0074766,277.4439999,-0.1265903,-0.8405127,-361.5335550,143.8152442,-0.5937198,-0.3742261
1.4350000,0.6850000,0.6630385,-0.4867593,-729.8726354,277.1379684,-0.1224964,-0.8138728,-359.4630766,143.6567523,-0.5745706,-0.3622388
1.4400000,0.6900000,0.6680385,-0.4712189,-725.7952746,276.8310742,-0.1185676,-0.7882169,-357.4212276,143.4978724,-0.5561771,-0.3507171
1.4450000,0.6950000,0.6730385,-0.4562848,-721.7737420,276.5233676,-0.1147956,-0.7635119,-355.4070839,143.3386277,-0.5385057,-0.3396409
1.4500000,0.7000000,0.6780385,-0.4419301,-717.8064110,276.2148970,-0.1111729,-0.7397241,-353.4197605,143.1790402,-0.5215241,-0.3289909
1.4550000,0.7050000,0.6830385,-0.4281291,-713.8916868,275.9057086,-0.1076924,-0.7168196,-351.4584115,143.0191310,-0.5052013,-0.3187486
1.4600000,0.7100000,0.6880385,-0.4148572,-710.0280127,275.5958463,-0.1043473,-0.6947646,-349.5222301,142.8589201,-0.4895076,-0.3088960
1.4650000,0.7150000,0.6930385,-0.4020909,-706.2138752,275.2853523,-0.1011312,-0.6735259,-347.6104481,142.6984266,-0.4744148,-0.2994161
1.4700000,0.7200000,0.6980385,-0.3898077,-702.4478084,274.9742666,-0.0980382,-0.6530711,-345.7223348,142.5376688,-0.4598958,-0.2902926
1.4750000,0.7250000,0.7030385,-0.3779862,-698.7283973,274.6626279,-0.0950626,-0.6333683,-343.8571960,142.3766641,-0.4459251,-0.2815100
1.4800000,0.7300000,0.7080385,-0.3666060,-695.0542802,274.3504727,-0.0921989,-0.6143871,-342.0143730,142.2154290,-0.4324780,-0.2730533
1.4850000,0.7350000,0.7130385,-0.3556477,-691.4241502,274.0378362,-0.0894421,-0.5960977,-340.1932409,142.0539795,-0.4195315,-0.2649083
1.4900000,0.7400000,0.7180385,-0.3450928,-687.8367560,273.7247519,-0.0867874,-0.5784715,-338.3932074,141.8923306,-0.4070633,-0.2570617
1.4950000,0.7450000,0.7230385,-0.3349236,-684.2909018,273.4112521,-0.0842302,-0.5614812,-336.6137109,141.7304970,-0.3950524,-0.2495005
1.5000000,0.7500000,0.7280385,-0.3251236,-680.7854466,273.0973674,-0.0817662,-0.5451003,-334.8542194,141.5684924,-0.3834788,-0.2422125
1.5050000,0.7550000,0.7330385,-0.3156767,-677.3193036,272.7831272,-0.0793913,-0.5293036,-333.1142283,141.4063301,-0.3723236,-0.2351859
1.5100000,0.7600000,0.7380385,-0.3065679,-673.8914384,272.4685598,-0.0771016,-0.5140669,-331.3932596,141.2440228,-0.3615687,-0.2284098
1.5150000,0.7650000,0.7430385,-0.2977827,-670.5008673,272.1536919,-0.0748935,-0.4993670,-329.6908597,141.0815824,-0.3511970,-0.2218736
1.5200000,0.7700000,0.7480385,-0.2893074,-667.1466558,271.8385496,-0.0727634,-0.4851819,-328.0065981,140.9190207,-0.3411920,-0.2155671
1.5250000,0.7750000,0.7530385,-0.2811290,-663.8279157,271.5231574,-0.0707081,-0.4714904,-326.3400660,140.7563488,-0.3315384,-0.2094808
1.5300000,0.7800000,0.7580385,-0.2732350,-660.5438038,271.2075390,-0.0687244,-0.4582722,-324.6908751,140.5935772,-0.3222213,-0.2036056
1.5350000,0.7850000,0.7630385,-0.2656138,-657.2935190,270.8917173,-0.0668092,-0.4455083,-323.0586558,140.4307161,-0.3132267,-0.1979327
1.5400000,0.7900000,0.7680385,-0.2582540,-654.0763003,270.5757138,-0.0649599,-0.4331800,-321.4430564,140.2677754,-0.3045413,-0.1924539
1.5450000,0.7950000,0.7730385,-0.2511450,-650.8914247,270.2595496,-0.0631735,-0.4212699,-319.8437416,140.1047644,-0.2961524,-0.1871613
1.5500000,0.8000000,0.7780385,-0.2442765,-647.7382044,269.9432446,-0.0614476,-0.4097611,-318.2603916,139.9416919,-0.2880477,-0.1820473
1.5550000,0.8050000,0.7830385,-0.2376388,-644.6159855,269.6268180,-0.0597797,-0.3986377,-316.6927009,139.7785668,-0.2802159,-0.1771048
1.5600000,0.8100000,0.7880385,-0.2312227,-641.5241453,269.3102883,-0.0581675,-0.3878844,-315.1403774,139.6153971,-0.2726460,-0.1723269
1.5650000,0.8150000,0.7930385,-0.2250193,-638.4620905,268.9936731,-0.0566088,-0.3774865,-313.6031415,139.4521909,-0.2653273,-0.1677072
1.5700000,0.8200000,0.7980385,-0.2190203,-635.4292550,268.6769895,-0.0551014,-0.3674302,-312.0807252,139.2889557,-0.2582501,-0.1632393
1.5750000,0.8250000,0.8030385,-0.2132175,-632.4250989,268.3602538,-0.0536432,-0.3577020,-310.5728713,139.1256988,-0.2514047,-0.1589173
1.5800000,0.8300000,0.8080385,-0.2076034,-629.4491057,268.0434816,-0.0522325,-0.3482894,-309.0793327,138.9624274,-0.2447821,-0.1547356
1.5850000,0.8350000,0.8130385,-0.2021706,-626.5007816,267.7266880,-0.0508673,-0.3391800,-307.5998718,138.7991481,-0.2383736,-0.1506887
1.5900000,0.8400000,0.8180385,-0.1969120,-623.5796535,267.4098875,-0.0495458,-0.3303624,-306.1342596,138.6358674,-0.2321710,-0.1467714
1.5950000,0.8450000,0.8230385,-0.1918212,-620.6852674,267.0930940,-0.0482665,-0.3218253,-304.6822755,138.4725917,-0.2261663,-0.1429789
1.6000000,0.8500000,0.8280385,-0.1868916,-617.8171879,266.7763210,-0.0470276,-0.3135583,-303.2437064,138.3093268,-0.2203520,-0.1393064
1.6050000,0.8550000,0.8330385,-0.1821172,-614.9749959,266.4595812,-0.0458277,-0.3055511,-301.8183464,138.1460786,-0.2147210,-0.1357493
1.6100000,0.8600000,0.8380385,-0.1774922,-612.1582882,266.1428872,-0.0446654,-0.2977941,-300.4059965,137.9828526,-0.2092662,-0.1323034
1.6150000,0.8650000,0.8430385,-0.1730110,-609.3666763,265.8262508,-0.0435391,-0.2902779,-299.0064638,137.8196543,-0.2039812,-0.1289645
1.6200000,0.8700000,0.8480385,-0.1686682,-606.5997852,265.5096835,-0.0424476,-0.2829936,-297.6195612,137.6564887,-0.1988595,-0.1257286
1.6250000,0.8750000,0.8530385,-0.1644588,-603.8572524,265.1931965,-0.0413896,-0.2759328,-296.2451074,137.4933609,-0.1938953,-0.1225921
1.6300000,0.8800000,0.8580385,-0.1603779,-601.1387277,264.8768003,-0.0403638,-0.2690873,-294.8829263,137.3302757,-0.1890828,-0.1195511
1.6350000,0.8850000,0.8630385,-0.1564208,-598.4438715,264.5605053,-0.0393691,-0.2624494,-293.5328464,137.1672376,-0.1844163,-0.1166024
1.6400000,0.8900000,0.8680385,-0.1525831,-595.7723550,264.2443214,-0.0384044,-0.2560114,-292.1947011,137.0042512,-0.1798907,-0.1137425
1.6450000,0.8950000,0.8730385,-0.1488604,-593.1238586,263.9282581,-0.0374686,-0.2497663,-290.8683281,136.8413208,-0.1755008,-0.1109683
1.6500000,0.9000000,0.8780385,-0.1452487,-590.4980722,263.6123246,-0.0365607,-0.2437072,-289.5535693,136.6784505,-0.1712419,-0.1082768
1.6550000,0.9050000,0.8830385,-0.1417440,-587.8946941,263.2965298,-0.0356796,-0.2378275,-288.2502704,136.5156444,-0.1671092,-0.1056649
1.6600000,0.9100000,0.8880385,-0.1383426,-585.3134304,262.9808823,-0.0348245,-0.2321210,-286.9582808,136.3529063,-0.1630984,-0.1031299
1.6650000,0.9150000,0.8930385,-0.1350408,-582.7539950,262.6653904,-0.0339943,-0.2265814,-285.6774534,136.1902399,-0.1592051,-0.1006692
1.6700000,0.9200000,0.8980385,-0.1318352,-580.2161088,262.3500621,-0.0331884,-0.2212032,-284.4076446,136.0276490,-0.1554252,-0.0982800
1.6750000,0.9250000,0.9030385,-0.1287224,-577.6994992,262.0349051,-0.0324057,-0.2159806,-283.1487138,135.8651369,-0.1517548,-0.0959601
1.6800000,0.9300000,0.9080385,-0.1256993,-575.2039002,261.7199268,-0.0316456,-0.2109083,-281.9005236,135.7027071,-0.1481902,-0.0937069
1.6850000,0.9350000,0.9130385,-0.1227627,-572.7290516,261.4051345,-0.0309072,-0.2059812,-280.6629394,135.5403629,-0.1447278,-0.0915181
1.6900000,0.9400000,0.9180385,-0.1199098,-570.2746990,261.0905351,-0.0301898,-0.2011944,-279.4358293,135.3781074,-0.1413639,-0.0893917
1.6950000,0.9450000,0.9230385,-0.1171377,-567.8405931,260.7761353,-0.0294927,-0.1965431,-278.2190641,135.2159437,-0.1380954,-0.0873255
1.7000000,0.9500000,0.9280385,-0.1144437,-565.4264901,260.4619417,-0.0288152,-0.1920228,-277.0125173,135.0538748,-0.1349190,-0.0853175
1.7050000,0.9550000,0.9330385,-0.1118251,-563.0321507,260.1479606,-0.0281566,-0.1876291,-275.8160646,134.8919035,-0.1318315,-0.0833657
1.7100000,0.9600000,0.9380385,-0.1092795,-560.6573405,259.8341980,-0.0275164,-0.1833578,-274.6295842,134.7300326,-0.1288302,-0.0814682
1.7150000,0.9650000,0.9430385,-0.1068045,-558.3018294,259.5206598,-0.0268939,-0.1792048,-273.4529564,134.5682649,-0.1259120,-0.0796234
1.7200000,0.9700000,0.9480385,-0.1043977,-555.9653915,259.2073518,-0.0262886,-0.1751663,-272.2860639,134.4066029,-0.1230743,-0.0778293
1.7250000,0.9750000,0.9530385,-0.1020569,-553.6478052,258.8942795,-0.0256998,-0.1712385,-271.1287912,134.2450492,-0.1203145,-0.0760845
1.7300000,0.9800000,0.9580385,-0.0997799,-551.3488525,258.5814482,-0.0251271,-0.1674178,-269.9810252,134.0836063,-0.1176300,-0.0743872
1.7350000,0.9850000,0.9630385,-0.0975648,-549.0683193,258.2688630,-0.0245699,-0.1637008,-268.8426543,133.9222764,-0.1150183,-0.0727360
1.7400000,0.9900000,0.9680385,-0.0954094,-546.8059951,257.9565291,-0.0240277,-0.1600841,-267.7135692,133.7610620,-0.1124772,-0.0711294
1.7450000,0.9950000,0.9730385,-0.0933120,-544.5616729,257.6444512,-0.0235001,-0.1565646,-266.5936622,133.5999653,-0.1100043,-0.0695659
1.7500000,1.0000000,0.9780385,-0.0912705,-542.3351490,257.3326342,-0.0229866,-0.1531391,-265.4828274,133.4389885,-0.1075975,-0.0680441
1.7550000,1.0050000,0.9830385,-0.0892834,-540.1262229,257.0210825,-0.0224867,-0.1498046,-264.3809607,133.2781337,-0.1052547,-0.0665628
1.7600000,1.0100000,0.9880385,-0.0873488,-537.9346974,256.7098006,-0.0220000,-0.1465583,-263.2879596,133.1174029,-0.1029740,-0.0651207
1.7650000,1.0150000,0.9930385,-0.0854652,-535.7603782,256.3987927,-0.0215261,-0.1433975,-262.2037232,132.9567981,-0.1007532,-0.0637165
1.7700000,1.0200000,0.9980385,-0.0836309,-533.6030740,256.0880632,-0.0210645,-0.1403195,-261.1281523,132.7963214,-0.0985906,-0.0623491
1.7750000,1.0250000,1.0030385,-0.0818443,-531.4625964,255.7776159,-0.0206150,-0.1373216,-260.0611492,132.6359745,-0.0964844,-0.0610173
1.7800000,1.0300000,1.0080385,-0.0801042,-529.3387596,255.4674548,-0.0201772,-0.1344015,-259.0026176,132.4757593,-0.0944328,-0.0597201
1.7850000,1.0350000,1.0130385,-0.0784089,-527.2313807,255.1575838,-0.0197506,-0.1315568,-257.9524627,132.3156776,-0.0924342,-0.0584563
1.7900000,1.0400000,1.0180385,-0.0767571,-525.1402795,254.8480065,-0.0193350,-0.1287851,-256.9105913,132.1557312,-0.0904869,-0.0572250
1.7950000,1.0450000,1.0230385,-0.0751476,-523.0652782,254.5387265,-0.0189300,-0.1260842,-255.8769113,131.9959217,-0.0885893,-0.0560251
1.8000000,1.0500000,1.0280385,-0.0735790,-521.0062015,254.2297473,-0.0185353,-0.1234520,-254.8513323,131.8362507,-0.0867401,-0.0548557
1.8050000,1.0550000,1.0330385,-0.0720501,-518.9628766,253.9210723,-0.0181505,-0.1208864,-253.8337648,131.6767199,-0.0849376,-0.0537160
1.8100000,1.0600000,1.0380385,-0.0705597,-516.9351332,253.6127048,-0.0177754,-0.1183855,-252.8241210,131.5173308,-0.0831806,-0.0526049
1.8150000,1.0650000,1.0430385,-0.0691067,-514.9228033,253.3046479,-0.0174098,-0.1159473,-251.8223142,131.3580849,-0.0814676,-0.0515217
1.8200000,1.0700000,1.0480385,-0.0676900,-512.9257210,252.9969048,-0.0170532,-0.1135699,-250.8282589,131.1989837,-0.0797974,-0.0504655
1.8250000,1.0750000,1.0530385,-0.0663084,-510.9437229,252.6894785,-0.0167055,-0.1112516,-249.8418709,131.0400287,-0.0781687,-0.0494356
1.8300000,1.0800000,1.0580385,-0.0649611,-508.9766477,252.3823720,-0.0163664,-0.1089907,-248.8630672,130.8812212,-0.0765802,-0.0484311
1.8350000,1.0850000,1.0630385,-0.0636468,-507.0243361,252.0755880,-0.0160356,-0.1067853,-247.8917658,130.7225626,-0.0750309,-0.0474514
1.8400000,1.0900000,1.0680385,-0.0623648,-505.0866312,251.7691294,-0.0157129,-0.1046340,-246.9278860,130.5640543,-0.0735195,-0.0464956
1.8450000,1.0950000,1.0730385,-0.0611141,-503.1633780,251.4629989,-0.0153981,-0.1025352,-245.9713483,130.4056975,-0.0720450,-0.0455632
1.8500000,1.1000000,1.0780385,-0.0598937,-501.2544236,251.1571990,-0.0150909,-0.1004873,-245.0220742,130.2474934,-0.0706062,-0.0446534
1.8550000,1.1050000,1.0830385,-0.0587028,-499.3596169,250.8517324,-0.0147911,-0.0984890,-244.0799861,130.0894434,-0.0692023,-0.0437655
1.8600000,1.1100000,1.0880385,-0.0575405,-497.4788092,250.5466015,-0.0144986,-0.0965387,-243.1450078,129.9315486,-0.0678321,-0.0428991
1.8650000,1.1150000,1.0930385,-0.0564061,-495.6118532,250.2418087,-0.0142130,-0.0946351,-242.2170639,129.7738102,-0.0664948,-0.0420533
1.8700000,1.1200000,1.0980385,-0.0552988,-493.7586040,249.9373564,-0.0139342,-0.0927770,-241.2960801,129.6162293,-0.0651893,-0.0412278
1.8750000,1.1250000,1.1030385,-0.0542177,-491.9189182,249.6332469,-0.0136621,-0.0909629,-240.3819830,129.4588070,-0.0639149,-0.0404218
1.8800000,1.1300000,1.1080385,-0.0531622,-490.0926543,249.3294824,-0.0133963,-0.0891918,-239.4747004,129.3015445,-0.0626706,-0.0396350
1.8850000,1.1350000,1.1130385,-0.0521315,-488.2796729,249.0260650,-0.0131369,-0.0874623,-238.5741609,129.1444427,-0.0614556,-0.0388666
1.8900000,1.1400000,1.1180385,-0.0511250,-486.4798360,248.7229969,-0.0128835,-0.0857734,-237.6802941,128.9875028,-0.0602690,-0.0381162
1.8950000,1.1450000,1.1230385,-0.0501420,-484.6930075,248.4202802,-0.0126360,-0.0841239,-236.7930305,128.8307256,-0.0591101,-0.0373833
1.9000000,1.1500000,1.1280385,-0.0491818,-482.9190530,248.1179168,-0.0123942,-0.0825127,-235.9123015,128.6741123,-0.0579782,-0.0366675
1.9050000,1.1550000,1.1330385,-0.0482439,-481.1578400,247.8159086,-0.0121580,-0.0809388,-235.0380394,128.5176638,-0.0568724,-0.0359682
1.9100000,1.1600000,1.1380385,-0.0473275,-479.4092374,247.5142576,-0.0119273,-0.0794011,-234.1701776,128.3613809,-0.0557922,-0.0352850
1.9150000,1.1650000,1.1430385,-0.0464322,-477.6731159,247.2129657,-0.0117019,-0.0778987,-233.3086500,128.2052647,-0.0547367,-0.0346175
1.9200000,1.1700000,1.1480385,-0.0455573,-475.9493477,246.9120346,-0.0114816,-0.0764307,-232.4533917,128.0493160,-0.0537053,-0.0339653
1.9250000,1.1750000,1.1530385,-0.0447023,-474.2378067,246.6114660,-0.0112663,-0.0749960,-231.6043383,127.8935357,-0.0526974,-0.0333279
1.9300000,1.1800000,1.1580385,-0.0438667,-472.5383685,246.3112618,-0.0110558,-0.0735939,-230.7614266,127.7379246,-0.0517123,-0.0327049
1.9350000,1.1850000,1.1630385,-0.0430499,-470.8509099,246.0114234,-0.0108502,-0.0722234,-229.9245939,127.5824835,-0.0507494,-0.0320960
1.9400000,1.1900000,1.1680385,-0.0422515,-469.1753095,245.7119527,-0.0106491,-0.0708837,-229.0937785,127.4272134,-0.0498082,-0.0315007
1.9450000,1.1950000,1.1730385,-0.0414710,-467.5114475,245.4128510,-0.0104525,-0.0695740,-228.2689194,127.2721149,-0.0488881,-0.0309188
1.9500000,1.2000000,1.1780385,-0.0407078,-465.8592053,245.1141200,-0.0102604,-0.0682934,-227.4499563,127.1171889,-0.0479884,-0.0303498
1.9550000,1.2050000,1.1830385,-0.0399616,-464.2184660,244.8157612,-0.0100724,-0.0670413,-226.6368298,126.9624360,-0.0471087,-0.0297935
1.9600000,1.2100000,1.1880385,-0.0392319,-462.5891141,244.5177761,-0.0098886,-0.0658169,-225.8294812,126.8078571,-0.0462485,-0.0292495
1.9650000,1.2150000,1.1930385,-0.0385182,-460.9710354,244.2201659,-0.0097089,-0.0646194,-225.0278526,126.6534529,-0.0454072,-0.0287174
1.9700000,1.2200000,1.1980385,-0.0378202,-459.3641172,243.9229322,-0.0095331,-0.0634482,-224.2318867,126.4992240,-0.0445843,-0.0281970
1.9750000,1.2250000,1.2030385,-0.0371375,-457.7682483,243.6260763,-0.0093612,-0.0623026,-223.4415269,126.3451711,-0.0437795,-0.0276880
1.9800000,1.2300000,1.2080385,-0.0364696,-456.1833187,243.3295994,-0.0091929,-0.0611819,-222.6567175,126.1912950,-0.0429921,-0.0271901
1.9850000,1.2350000,1.2130385,-0.0358162,-454.6092199,243.0335029,-0.0090283,-0.0600855,-221.8774033,126.0375963,-0.0422218,-0.0267029
1.9900000,1.2400000,1.2180385,-0.0351768,-453.0458446,242.7377880,-0.0088673,-0.0590128,-221.1035298,125.8840755,-0.0414681,-0.0262263
1.9950000,1.2450000,1.2230385,-0.0345513,-451.4930870,242.4424559,-0.0087097,-0.0579632,-220.3350433,125.7307334,-0.0407307,-0.0257599
2.0000000,1.2500000,1.2280385,-0.0339391,-449.9508422,242.1475078,-0.0085555,-0.0569360,-219.5718907,125.5775706,-0.0400090,-0.0253035
2.0050000,1.2550000,1.2330385,-0.0333400,-448.4190072,241.8529448,-0.0084046,-0.0559307,-218.8140194,125.4245876,-0.0393027,-0.0248568
2.0100000,1.2600000,1.2380385,-0.0327536,-446.8974797,241.5587681,-0.0082569,-0.0549469,-218.0613777,125.2717850,-0.0386115,-0.0244196
2.0150000,1.2650000,1.2430385,-0.0321796,-445.3861590,241.2649788,-0.0081123,-0.0539838,-217.3139143,125.1191634,-0.0379348,-0.0239917
2.0200000,1.2700000,1.2480385,-0.0316178,-443.8849454,240.9715779,-0.0079708,-0.0530411,-216.5715787,124.9667233,-0.0372725,-0.0235728
2.0250000,1.2750000,1.2530385,-0.0310677,-442.3937406,240.6785664,-0.0078322,-0.0521182,-215.8343208,124.8144654,-0.0366241,-0.0231628
2.0300000,1.2800000,1.2580385,-0.0305292,-440.9124474,240.3859453,-0.0076966,-0.0512146,-215.1020913,124.6623900,-0.0359892,-0.0227612
2.0350000,1.2850000,1.2630385,-0.0300019,-439.4409698,240.0937157,-0.0075637,-0.0503298,-214.3748414,124.5104978,-0.0353676,-0.0223681
2.0400000,1.2900000,1.2680385,-0.0294855,-437.9792130,239.8018784,-0.0074336,-0.0494635,-213.6525229,124.3587892,-0.0347589,-0.0219832
2.0450000,1.2950000,1.2730385,-0.0289799,-436.5270834,239.5104345,-0.0073063,-0.0486150,-212.9350881,124.2072647,-0.0341628,-0.0216062
2.0500000,1.3000000,1.2780385,-0.0284846,-435.0844883,239.2193847,-0.0071815,-0.0477841,-212.2224901,124.0559249,-0.0335790,-0.0212369
2.0550000,1.3050000,1.2830385,-0.0279996,-433.6513363,238.9287300,-0.0070593,-0.0469703,-211.5146822,123.9047701,-0.0330072,-0.0208753
2.0600000,1.3100000,1.2880385,-0.0275245,-432.2275372,238.6384713,-0.0069396,-0.0461731,-210.8116186,123.7538008,-0.0324471,-0.0205211
2.0650000,1.3150000,1.2930385,-0.0270590,-430.8130018,238.3486092,-0.0068223,-0.0453922,-210.1132538,123.6030175,-0.0318984,-0.0201741
2.0700000,1.3200000,1.2980385,-0.0266031,-429.4076418,238.0591448,-0.0067074,-0.0446271,-209.4195429,123.4524205,-0.0313609,-0.0198341
2.0750000,1.3250000,1.3030385,-0.0261563,-428.0113703,237.7700787,-0.0065949,-0.0438776,-208.7304416,123.3020104,-0.0308342,-0.0195011
2.0800000,1.3300000,1.3080385,-0.0257186,-426.6241012,237.4814116,-0.0064846,-0.0431432,-208.0459060,123.1517875,-0.0303182,-0.0191747
2.0850000,1.3350000,1.3130385,-0.0252897,-425.2457496,237.1931444,-0.0063765,-0.0424235,-207.3658928,123.0017523,-0.0298126,-0.0188549
2.0900000,1.3400000,1.3180385,-0.0248693,-423.8762313,236.9052778,-0.0062706,-0.0417183,-206.6903591,122.8519050,-0.0293171,-0.0185416
2.0950000,1.3450000,1.3230385,-0.0244574,-422.5154636,236.6178124,-0.0061668,-0.0410272,-206.0192626,122.7022462,-0.0288315,-0.0182344
2.1000000,1.3500000,1.3280385,-0.0240537,-421.1633645,236.3307489,-0.0060651,-0.0403498,-205.3525615,122.5527761,-0.0283555,-0.0179334
2.1050000,1.3550000,1.3330385,-0.0236579,-419.8198529,236.0440880,-0.0059653,-0.0396858,-204.6902143,122.4034951,-0.0278890,-0.0176384
2.1100000,1.3600000,1.3380385,-0.0232700,-418.4848488,235.7578303,-0.0058676,-0.0390349,-204.0321801,122.2544037,-0.0274317,-0.0173492
2.1150000,1.3650000,1.3430385,-0.0228897,-417.1582733,235.4719764,-0.0057718,-0.0383969,-203.3784186,122.1055020,-0.0269834,-0.0170656
2.1200000,1.3700000,1.3480385,-0.0225169,-415.8400481,235.1865269,-0.0056778,-0.0377714,-202.7288898,121.9567905,-0.0265439,-0.0167877
2.1250000,1.3750000,1.3530385,-0.0221513,-414.5300962,234.9014824,-0.0055857,-0.0371581,-202.0835541,121.8082694,-0.0261129,-0.0165151
2.1300000,1.3800000,1.3580385,-0.0217929,-413.2283413,234.6168435,-0.0054954,-0.0365568,-201.4423724,121.6599391,-0.0256904,-0.0162479
2.1350000,1.3850000,1.3630385,-0.0214415,-411.9347079,234.3326107,-0.0054068,-0.0359671,-200.8053062,121.5117999,-0.0252761,-0.0159859
2.1400000,1.3900000,1.3680385,-0.0210968,-410.6491218,234.0487844,-0.0053199,-0.0353888,-200.1723171,121.3638520,-0.0248698,-0.0157289
2.1450000,1.3950000,1.3730385,-0.0207588,-409.3715092,233.7653654,-0.0052348,-0.0348217,-199.5433676,121.2160959,-0.0244713,-0.0154769
2.1500000,1.4000000,1.3780385,-0.0204273,-408.1017974,233.4823539,-0.0051512,-0.0342655,-198.9184201,121.0685316,-0.0240805,-0.0152297
2.1550000,1.4050000,1.3830385,-0.0201021,-406.8399148,233.1997505,-0.0050693,-0.0337200,-198.2974378,120.9211596,-0.0236972,-0.0149873
2.1600000,1.4100000,1.3880385,-0.0197831,-405.5857901,232.9175556,-0.0049889,-0.0331848,-197.6803842,120.7739800,-0.0233212,-0.0147495
2.1650000,1.4150000,1.3930385,-0.0194702,-404.3393534,232.6357698,-0.0049100,-0.0326599,-197.0672231,120.6269932,-0.0229523,-0.0145162
2.1700000,1.4200000,1.3980385,-0.0191633,-403.1005352,232.3543933,-0.0048327,-0.0321449,-196.4579188,120.4801993,-0.0225904,-0.0142874
2.1750000,1.4250000,1.4030385,-0.0188621,-401.8692670,232.0734267,-0.0047568,-0.0316396,-195.8524361,120.3335986,-0.0222354,-0.0140628
2.1800000,1.4300000,1.4080385,-0.0185666,-400.6454811,231.7928702,-0.0046823,-0.0311439,-195.2507399,120.1871913,-0.0218871,-0.0138425
2.1850000,1.4350000,1.4130385,-0.0182766,-399.4291107,231.5127244,-0.0046092,-0.0306574,-194.6527958,120.0409777,-0.0215453,-0.0136263
2.1900000,1.4400000,1.4180385,-0.0179921,-398.2200895,231.2329894,-0.0045375,-0.0301801,-194.0585696,119.8949579,-0.0212099,-0.0134142
2.1950000,1.4450000,1.4230385,-0.0177129,-397.0183521,230.9536658,-0.0044671,-0.0297117,-193.4680275,119.7491323,-0.0208807,-0.0132060
2.2000000,1.4500000,1.4280385,-0.0174389,-395.8238341,230.6747538,-0.0043980,-0.0292519,-192.8811361,119.6035008,-0.0205577,-0.0130017
2.2050000,1.4550000,1.4330385,-0.0171699,-394.6364714,230.3962538,-0.0043303,-0.0288007,-192.2978623,119.4580638,-0.0202406,-0.0128012
2.2100000,1.4600000,1.4380385,-0.0169060,-393.4562011,230.1181660,-0.0042637,-0.0283579,-191.7181735,119.3128215,-0.0199294,-0.0126044
2.2150000,1.4650000,1.4430385,-0.0166468,-392.2829607,229.8404908,-0.0041984,-0.0279231,-191.1420373,119.1677740,-0.0196240,-0.0124112
2.2200000,1.4700000,1.4480385,-0.0163925,-391.1166885,229.5632283,-0.0041343,-0.0274964,-190.5694217,119.0229214,-0.0193241,-0.0122216
2.2250000,1.4750000,1.4530385,-0.0161428,-389.9573236,229.2863790,-0.0040713,-0.0270775,-190.0002952,118.8782640,-0.0190297,-0.0120354
2.2300000,1.4800000,1.4580385,-0.0158976,-388.8048057,229.0099430,-0.0040095,-0.0266662,-189.4346263,118.7338020,-0.0187407,-0.0118526
2.2350000,1.4850000,1.4630385,-0.0156569,-387.6590754,228.7339206,-0.0039489,-0.0262624,-188.8723843,118.5895353,-0.0184570,-0.0116732
2.2400000,1.4900000,1.4680385,-0.0154205,-386.5200736,228.4583120,-0.0038893,-0.0258659,-188.3135383,118.4454643,-0.0181784,-0.0114970
2.2450000,1.4950000,1.4730385,-0.0151885,-385.3877423,228.1831175,-0.0038308,-0.0254765,-187.7580583,118.3015889,-0.0179048,-0.0113239
2.2500000,1.5000000,1.4780385,-0.0149606,-384.2620238,227.9083371,-0.0037733,-0.0250942,-187.2059141,118.1579095,-0.0176361,-0.0111540
2.2550000,1.5050000,1.4830385,-0.0147368,-383.1428612,227.6339712,-0.0037169,-0.0247188,-186.6570763,118.0144260,-0.0173723,-0.0109872
2.2600000,1.5100000,1.4880385,-0.0145170,-382.0301985,227.3600199,-0.0036615,-0.0243500,-186.1115154,117.8711386,-0.0171132,-0.0108233
2.2650000,1.5150000,1.4930385,-0.0143011,-380.9239798,227.0864833,-0.0036071,-0.0239878,-185.5692024,117.7280474,-0.0168587,-0.0106623
2.2700000,1.5200000,1.4980385,-0.0140890,-379.8241503,226.8133617,-0.0035536,-0.0236321,-185.0301087,117.5851526,-0.0166087,-0.0105042
2.2750000,1.5250000,1.5030385,-0.0138808,-378.7306556,226.5406551,-0.0035011,-0.0232827,-184.4942059,117.4424541,-0.0163632,-0.0103490
2.2800000,1.5300000,1.5080385,-0.0136762,-377.6434419,226.2683637,-0.0034496,-0.0229395,-183.9614659,117.2999522,-0.0161220,-0.0101964
2.2850000,1.5350000,1.5130385,-0.0134752,-376.5624562,225.9964876,-0.0033989,-0.0226023,-183.4318609,117.1576468,-0.0158851,-0.0100466
2.2900000,1.5400000,1.5180385,-0.0132777,-375.4876459,225.7250269,-0.0033491,-0.0222710,-182.9053635,117.0155382,-0.0156523,-0.0098993
2.2950000,1.5450000,1.5230385,-0.0130837,-374.4189590,225.4539818,-0.0033002,-0.0219456,-182.3819464,116.8736262,-0.0154236,-0.0097547
2.3000000,1.5500000,1.5280385,-0.0128931,-373.3563441,225.1833522,-0.0032521,-0.0216258,-181.8615828,116.7319111,-0.0151989,-0.0096126
2.3050000,1.5550000,1.5330385,-0.0127058,-372.2997504,224.9131384,-0.0032049,-0.0213116,-181.3442461,116.5903929,-0.0149781,-0.0094729
2.3100000,1.5600000,1.5380385,-0.0125217,-371.2491278,224.6433403,-0.0031585,-0.0210028,-180.8299098,116.4490716,-0.0147611,-0.0093357
2.3150000,1.5650000,1.5430385,-0.0123409,-370.2044264,224.3739580,-0.0031129,-0.0206994,-180.3185481,116.3079473,-0.0145479,-0.0092009
2.3200000,1.5700000,1.5480385,-0.0121631,-369.1655972,224.1049916,-0.0030681,-0.0204012,-179.8101351,116.1670201,-0.0143384,-0.0090683
2.3250000,1.5750000,1.5530385,-0.0119884,-368.1325915,223.8364411,-0.0030241,-0.0201082,-179.3046453,116.0262899,-0.0141324,-0.0089381
2.3300000,1.5800000,1.5580385,-0.0118167,-367.1053613,223.5683066,-0.0029808,-0.0198202,-178.8020534,115.8857568,-0.0139300,-0.0088101
2.3350000,1.5850000,1.5630385,-0.0116480,-366.0838591,223.3005879,-0.0029382,-0.0195371,-178.3023347,115.7454209,-0.0137311,-0.0086843
2.3400000,1.5900000,1.5680385,-0.0114821,-365.0680378,223.0332853,-0.0028964,-0.0192588,-177.8054643,115.6052822,-0.0135356,-0.0085606
2.3450000,1.5950000,1.5730385,-0.0113190,-364.0578508,222.7663986,-0.0028553,-0.0189853,-177.3114178,115.4653407,-0.0133433,-0.0084390
2.3500000,1.6000000,1.5780385,-0.0111587,-363.0532522,222.4999278,-0.0028149,-0.0187164,-176.8201710,115.3255964,-0.0131544,-0.0083195
2.3550000,1.6050000,1.5830385,-0.0110012,-362.0541965,222.2338730,-0.0027751,-0.0184520,-176.3317001,115.1860494,-0.0129686,-0.0082020
2.3600000,1.6100000,1.5880385,-0.0108462,-361.0606387,221.9682341,-0.0027361,-0.0181921,-175.8459814,115.0466996,-0.0127860,-0.0080865
2.3650000,1.6150000,1.5930385,-0.0106939,-360.0725341,221.7030110,-0.0026977,-0.0179366,-175.3629914,114.9075470,-0.0126064,-0.0079730
2.3700000,1.6200000,1.5980385,-0.0105441,-359.0898387,221.4382038,-0.0026599,-0.0176853,-174.8827070,114.7685917,-0.0124298,-0.0078613
2.3750000,1.6250000,1.6030385,-0.0103969,-358.1125090,221.1738124,-0.0026228,-0.0174383,-174.4051054,114.6298336,-0.0122562,-0.0077515
2.3800000,1.6300000,1.6080385,-0.0102520,-357.1405018,220.9098366,-0.0025863,-0.0171954,-173.9301637,114.4912728,-0.0120855,-0.0076435
2.3850000,1.6350000,1.6130385,-0.0101096,-356.1737743,220.6462765,-0.0025503,-0.0169565,-173.4578597,114.3529091,-0.0119176,-0.0075374
2.3900000,1.6400000,1.6180385,-0.0099696,-355.2122845,220.3831319,-0.0025150,-0.0167215,-172.9881710,114.2147427,-0.0117525,-0.0074329
2.3950000,1.6450000,1.6230385,-0.0098318,-354.2559905,220.1204029,-0.0024803,-0.0164905,-172.5210757,114.0767734,-0.0115902,-0.0073302
2.4000000,1.6500000,1.6280385,-0.0096964,-353.3048510,219.8580892,-0.0024461,-0.0162632,-172.0565521,113.9390013,-0.0114305,-0.0072292
2.4050000,1.6550000,1.6330385,-0.0095631,-352.3588250,219.5961907,-0.0024125,-0.0160397,-171.5945787,113.8014263,-0.0112734,-0.0071299
2.4100000,1.6600000,1.6380385,-0.0094321,-351.4178722,219.3347075,-0.0023795,-0.0158199,-171.1351342,113.6640484,-0.0111189,-0.0070322
2.4150000,1.6650000,1.6430385,-0.0093031,-350.4819523,219.0736392,-0.0023470,-0.0156036,-170.6781975,113.5268675,-0.0109669,-0.0069361
2.4200000,1.6700000,1.6480385,-0.0091763,-349.5510258,218.8129859,-0.0023150,-0.0153909,-170.2237479,113.3898837,-0.0108174,-0.0068415
2.4250000,1.6750000,1.6530385,-0.0090516,-348.6250535,218.5527474,-0.0022835,-0.0151816,-169.7717647,113.2530967,-0.0106704,-0.0067485
2.4300000,1.6800000,1.6580385,-0.0089288,-347.7039965,218.2929235,-0.0022526,-0.0149757,-169.3222275,113.1165067,-0.0105257,-0.0066570
2.4350000,1.6850000,1.6630385,-0.0088081,-346.7878163,218.0335141,-0.0022221,-0.0147732,-168.8751161,112.9801135,-0.0103833,-0.0065670
2.4400000,1.6900000,1.6680385,-0.0086893,-345.8764750,217.7745191,-0.0021922,-0.0145739,-168.4304106,112.8439171,-0.0102433,-0.0064784
2.4450000,1.6950000,1.6730385,-0.0085724,-344.9699349,217.5159382,-0.0021627,-0.0143778,-167.9880913,112.7079174,-0.0101055,-0.0063912
2.4500000,1.7000000,1.6780385,-0.0084573,-344.0681587,217.2577713,-0.0021337,-0.0141848,-167.5481384,112.5721144,-0.0099699,-0.0063055
2.4550000,1.7050000,1.6830385,-0.0083442,-343.1711095,217.0000183,-0.0021051,-0.0139949,-167.1105328,112.4365080,-0.0098364,-0.0062211
2.4600000,1.7100000,1.6880385,-0.0082328,-342.2787509,216.7426789,-0.0020771,-0.0138081,-166.6752553,112.3010981,-0.0097051,-0.0061380
2.4650000,1.7150000,1.6930385,-0.0081232,-341.3910465,216.4857529,-0.0020494,-0.0136242,-166.2422869,112.1658847,-0.0095759,-0.0060563
2.4700000,1.7200000,1.6980385,-0.0080153,-340.5079608,216.2292403,-0.0020222,-0.0134433,-165.8116089,112.0308676,-0.0094487,-0.0059759
2.4750000,1.7250000,1.7030385,-0.0079091,-339.6294582,215.9731406,-0.0019954,-0.0132652,-165.3832027,111.8960468,-0.0093236,-0.0058967
2.4800000,1.7300000,1.7080385,-0.0078046,-338.7555036,215.7174538,-0.0019691,-0.0130899,-164.9570501,111.7614222,-0.0092004,-0.0058188
2.4850000,1.7350000,1.7130385,-0.0077018,-337.8860623,215.4621796,-0.0019431,-0.0129174,-164.5331327,111.6269937,-0.0090792,-0.0057422
2.4900000,1.7400000,1.7180385,-0.0076005,-337.0211000,215.2073178,-0.0019176,-0.0127476,-164.1114327,111.4927612,-0.0089598,-0.0056667
2.4950000,1.7450000,1.7230385,-0.0075009,-336.1605826,214.9528682,-0.0018925,-0.0125804,-163.6919323,111.3587247,-0.0088423,-0.0055924
2.5000000,1.7500000,1.7280385,-0.0074028,-335.3044764,214.6988305,-0.0018677,-0.0124159,-163.2746139,111.2248840,-0.0087267,-0.0055192
2.5050000,1.7550000,1.7330385,-0.0073062,-334.4527479,214.4452045,-0.0018434,-0.0122539,-162.8594600,111.0912390,-0.0086128,-0.0054472
2.5100000,1.7600000,1.7380385,-0.0072111,-333.6053642,214.1919900,-0.0018194,-0.0120944,-162.4464534,110.9577897,-0.0085008,-0.0053764
2.5150000,1.7650000,1.7430385,-0.0071175,-332.7622926,213.9391866,-0.0017958,-0.0119374,-162.0355771,110.8245358,-0.0083904,-0.0053066
2.5200000,1.7700000,1.7480385,-0.0070254,-331.9235005,213.6867941,-0.0017726,-0.0117828,-161.6268142,110.6914774,-0.0082818,-0.0052379
2.5250000,1.7750000,1.7530385,-0.0069346,-331.0889559,213.4348123,-0.0017497,-0.0116306,-161.2201481,110.5586143,-0.0081748,-0.0051702
2.5300000,1.7800000,1.7580385,-0.0068453,-330.2586270,213.1832409,-0.0017271,-0.0114807,-160.8155620,110.4259464,-0.0080695,-0.0051036
2.5350000,1.7850000,1.7630385,-0.0067573,-329.4324823,212.9320796,-0.0017050,-0.0113332,-160.4130398,110.2934736,-0.0079658,-0.0050380
2.5400000,1.7900000,1.7680385,-0.0066707,-328.6104907,212.6813281,-0.0016831,-0.0111879,-160.0125652,110.1611958,-0.0078637,-0.0049734
2.5450000,1.7950000,1.7730385,-0.0065854,-327.7926212,212.4309861,-0.0016616,-0.0110448,-159.6141223,110.0291128,-0.0077631,-0.0049098
2.5500000,1.8000000,1.7780385,-0.0065014,-326.9788433,212.1810534,-0.0016404,-0.0109039,-159.2176950,109.8972245,-0.0076641,-0.0048472
2.5550000,1.8050000,1.7830385,-0.0064186,-326.1691266,211.9315296,-0.0016195,-0.0107651,-158.8232679,109.7655308,-0.0075665,-0.0047855
2.5600000,1.8100000,1.7880385,-0.0063371,-325.3634412,211.6824144,-0.0015990,-0.0106284,-158.4308253,109.6340316,-0.0074705,-0.0047247
2.5650000,1.8150000,1.7930385,-0.0062569,-324.5617573,211.4337076,-0.0015787,-0.0104938,-158.0403518,109.5027268,-0.0073759,-0.0046649
2.5700000,1.8200000,1.7980385,-0.0061778,-323.7640455,211.1854088,-0.0015588,-0.0103612,-157.6518323,109.3716161,-0.0072827,-0.0046060
2.5750000,1.8250000,1.8030385,-0.0061000,-322.9702766,210.9375176,-0.0015392,-0.0102306,-157.2652517,109.2406996,-0.0071909,-0.0045479
2.5800000,1.8300000,1.8080385,-0.0060233,-322.1804217,210.6900338,-0.0015198,-0.0101019,-156.8805952,109.1099770,-0.0071005,-0.0044907
2.5850000,1.8350000,1.8130385,-0.0059477,-321.3944522,210.4429570,-0.0015008,-0.0099752,-156.4978479,108.9794482,-0.0070114,-0.0044344
2.5900000,1.8400000,1.8180385,-0.0058733,-320.6123397,210.1962868,-0.0014820,-0.0098504,-156.1169952,108.8491131,-0.0069237,-0.0043789
2.5950000,1.8450000,1.8230385,-0.0058000,-319.8340561,209.9500231,-0.0014635,-0.0097274,-155.7380228,108.7189716,-0.0068373,-0.0043243
2.6000000,1.8500000,1.8280385,-0.0057278,-319.0595736,209.7041653,-0.0014453,-0.0096063,-155.3609164,108.5890234,-0.0067521,-0.0042704
2.6050000,1.8550000,1.8330385,-0.0056566,-318.2888646,209.4587131,-0.0014273,-0.0094869,-154.9856617,108.4592685,-0.0066682,-0.0042174
2.6100000,1.8600000,1.8380385,-0.0055865,-317.5219018,209.2136663,-0.0014096,-0.0093693,-154.6122447,108.3297067,-0.0065856,-0.0041651
2.6150000,1.8650000,1.8430385,-0.0055174,-316.7586581,208.9690243,-0.0013922,-0.0092534,-154.2406517,108.2003379,-0.0065041,-0.0041136
2.6200000,1.8700000,1.8480385,-0.0054494,-315.9991067,208.7247869,-0.0013750,-0.0091393,-153.8708689,108.0711620,-0.0064239,-0.0040628
2.6250000,1.8750000,1.8530385,-0.0053823,-315.2432210,208.4809537,-0.0013581,-0.0090268,-153.5028827,107.9421787,-0.0063449,-0.0040128
2.6300000,1.8800000,1.8580385,-0.0053162,-314.4909746,208.2375244,-0.0013415,-0.0089159,-153.1366796,107.8133879,-0.0062669,-0.0039636
2.6350000,1.8850000,1.8630385,-0.0052511,-313.7423416,207.9944984,-0.0013250,-0.0088067,-152.7722464,107.6847895,-0.0061902,-0.0039150
2.6400000,1.8900000,1.8680385,-0.0051869,-312.9972959,207.7518755,-0.0013088,-0.0086990,-152.4095699,107.5563834,-0.0061145,-0.0038672
2.6450000,1.8950000,1.8730385,-0.0051236,-312.2558121,207.5096552,-0.0012929,-0.0085930,-152.0486370,107.4281693,-0.0060400,-0.0038200
2.6500000,1.9000000,1.8780385,-0.0050613,-311.5178646,207.2678372,-0.0012772,-0.0084884,-151.6894348,107.3001471,-0.0059665,-0.0037735
2.6550000,1.9050000,1.8830385,-0.0049999,-310.7834284,207.0264211,-0.0012617,-0.0083854,-151.3319505,107.1723168,-0.0058941,-0.0037277
2.6600000,1.9100000,1.8880385,-0.0049393,-310.0524785,206.7854064,-0.0012464,-0.0082838,-150.9761716,107.0446780,-0.0058227,-0.0036826
2.6650000,1.9150000,1.8930385,-0.0048797,-309.3249902,206.5447928,-0.0012313,-0.0081837,-150.6220854,106.9172307,-0.0057523,-0.0036381
2.6700000,1.9200000,1.8980385,-0.0048208,-308.6009391,206.3045798,-0.0012165,-0.0080851,-150.2696795,106.7899747,-0.0056830,-0.0035942
2.6750000,1.9250000,1.9030385,-0.0047629,-307.8803007,206.0647671,-0.0012019,-0.0079878,-149.9189418,106.6629098,-0.0056147,-0.0035510
2.6800000,1.9300000,1.9080385,-0.0047057,-307.1630511,205.8253542,-0.0011875,-0.0078920,-149.5698599,106.5360359,-0.0055473,-0.0035084
2.6850000,1.9350000,1.9130385,-0.0046494,-306.4491665,205.5863407,-0.0011733,-0.0077975,-149.2224220,106.4093529,-0.0054809,-0.0034664
2.6900000,1.9400000,1.9180385,-0.0045938,-305.7386232,205.3477261,-0.0011592,-0.0077043,-148.8766161,106.2828605,-0.0054154,-0.0034250
2.6950000,1.9450000,1.9230385,-0.0045391,-305.0313978,205.1095101,-0.0011454,-0.0076125,-148.5324303,106.1565587,-0.0053509,-0.0033842
2.7000000,1.9500000,1.9280385,-0.0044851,-304.3274671,204.8716922,-0.0011318,-0.0075219,-148.1898531,106.0304471,-0.0052872,-0.0033439
2.7050000,1.9550000,1.9330385,-0.0044319,-303.6268081,204.6342719,-0.0011184,-0.0074327,-147.8488728,105.9045258,-0.0052245,-0.0033043
2.7100000,1.9600000,1.9380385,-0.0043794,-302.9293981,204.3972489,-0.0011052,-0.0073447,-147.5094780,105.7787945,-0.0051626,-0.0032651
2.7150000,1.9650000,1.9430385,-0.0043277,-302.2352143,204.1606226,-0.0010921,-0.0072579,-147.1716573,105.6532531,-0.0051017,-0.0032266
2.7200000,1.9700000,1.9480385,-0.0042767,-301.5442344,203.9243927,-0.0010792,-0.0071724,-146.8353996,105.5279013,-0.0050415,-0.0031885
2.7250000,1.9750000,1.9530385,-0.0042264,-300.8564362,203.6885587,-0.0010665,-0.0070880,-146.5006938,105.4027391,-0.0049822,-0.0031510
2.7300000,1.9800000,1.9580385,-0.0041768,-300.1717977,203.4531201,-0.0010540,-0.0070048,-146.1675287,105.2777663,-0.0049238,-0.0031141
2.7350000,1.9850000,1.9630385,-0.0041279,-299.4902971,203.2180764,-0.0010417,-0.0069228,-145.8358936,105.1529826,-0.0048661,-0.0030776
2.7400000,1.9900000,1.9680385,-0.0040797,-298.8119128,202.9834272,-0.0010295,-0.0068419,-145.5057775,105.0283881,-0.0048093,-0.0030417
2.7450000,1.9950000,1.9730385,-0.0040321,-298.1366234,202.7491721,-0.0010175,-0.0067622,-145.1771700,104.9039824,-0.0047532,-0.0030062
