# r[nm],d[nm],daligned[nm],UC(d)[kJ/mol],UK(d)[kJ/mol],UCl(d)[kJ/mol],UC2A(d)[kJ/mol],UC4A(d)[kJ/mol],UC6A(d)[kJ/mol],UC8A(d)[kJ/mol],UC10A(d)[kJ/mol]
0.8850000,0.1350000,0.1096592,1576.8953310,999.5980519,inf,89.1419859,inf,inf,inf,inf
0.8900000,0.1400000,0.1146592,1269.6692428,803.6362690,inf,71.7156570,inf,inf,inf,inf
0.8950000,0.1450000,0.1196592,1022.8381983,646.3890467,inf,57.8423652,inf,inf,inf,inf
0.9000000,0.1500000,0.1246592,824.4992907,520.2073511,inf,46.7508265,inf,inf,inf,inf
0.9050000,0.1550000,0.1296592,665.0817868,418.9429115,inf,37.8292836,inf,inf,inf,inf
0.9100000,0.1600000,0.1346592,536.9002282,337.6603711,inf,30.6270666,1575.8492176,inf,inf,inf
0.9150000,0.1650000,0.1396592,433.7888591,272.4016714,1814.6605794,24.8183704,1278.0081646,inf,inf,inf
0.9200000,0.1700000,0.1446592,350.8041545,219.9937734,1472.6584606,20.1357692,1037.4974987,inf,inf,inf
0.9250000,0.1750000,0.1496592,283.9836633,177.8917956,1196.1855433,16.3317464,843.1067413,inf,inf,inf
0.9300000,0.1800000,0.1546592,230.1507169,144.0502423,972.4701640,13.1859092,685.8436256,inf,inf,inf
0.9350000,0.1850000,0.1596592,186.7556557,116.8149108,791.2651389,10.5292556,558.4936872,inf,inf,inf
0.9400000,0.1900000,0.1646592,151.7445264,94.8365297,644.3454550,8.2547505,455.2664802,inf,inf,inf
0.9450000,0.1950000,0.1696592,123.4494153,77.0224836,525.1054577,6.3023161,371.5118274,inf,inf,inf
0.9500000,0.2000000,0.1746592,100.5084920,62.5229586,428.2362287,4.6309608,303.4921884,inf,inf,inf
0.9550000,0.2050000,0.1796592,81.8290465,50.6998116,349.4672403,3.2019610,248.1985427,inf,inf,inf
0.9600000,0.2100000,0.1846592,66.5692410,41.0550620,285.3583779,1.9792016,203.1982462,inf,inf,inf
0.9650000,0.2150000,0.1896592,54.0875617,33.1686710,233.1293589,0.9345337,166.5106350,inf,inf,inf
0.9700000,0.2200000,0.1946592,43.8679460,26.6803278,190.5192093,0.0484195,136.5186803,inf,inf,inf
0.9750000,0.2250000,0.1996592,35.4727923,21.2986553,155.6808891,-0.6932773,111.9199030,inf,inf,inf
0.9800000,0.2300000,0.2046592,28.5359479,16.8087329,127.1169055,-1.3026335,91.6884544,inf,inf,inf
0.9850000,0.2350000,0.2096592,22.7702924,13.0605161,103.6359523,-1.7919926,75.0158534,1644.1667819,inf,inf
0.9900000,0.2400000,0.2146592,17.9649483,9.9422458,84.2961013,-2.1750829,61.2460465,1372.6934045,inf,inf
0.9950000,0.2450000,0.2196592,13.9653458,7.3568298,68.3377354,-2.4666706,49.8378797,1147.4773580,inf,inf
1.0000000,0.2500000,0.2246592,10.6480002,5.2120941,55.1372437,-2.6811909,40.3545614,960.3488280,inf,inf
1.0050000,0.2550000,0.2296592,7.9032789,3.4232387,44.1885681,-2.8313363,32.4566032,804.6303029,inf,inf
1.0100000,0.2600000,0.2346592,5.6295268,1.9197423,35.0934742,-2.9274286,25.8825840,674.8481525,inf,inf
1.0150000,0.2650000,0.2396592,3.7354696,0.6492609,27.5424706,-2.9777523,20.4233475,566.5006905,inf,inf
1.0200000,0.2700000,0.2446592,2.1455098,-0.4241748,21.2879896,-2.9893492,15.9024155,475.8706812,inf,inf
1.0250000,0.2750000,0.2496592,0.8026608,-1.3254699,16.1226086,-2.9686585,12.1658080,399.8398765,inf,inf
1.0300000,0.2800000,0.2546592,-0.3331050,-2.0738837,11.8673740,-2.9217630,9.0773871,335.7780270,inf,inf
1.0350000,0.2850000,0.2596592,-1.2896851,-2.6866376,8.3662472,-2.8543411,6.5170871,281.6577143,inf,inf
1.0400000,0.2900000,0.2646592,-2.0881483,-3.1803913,5.4827931,-2.7715176,4.3815584,236.0036043,inf,inf
1.0450000,0.2950000,0.2696592,-2.7466291,-3.5711879,3.0986877,-2.6777408,2.5861508,197.5774652,inf,inf
1.0500000,0.3000000,0.2746592,-3.2822114,-3.8737669,1.1143479,-2.5767340,1.0659392,165.2568538,inf,inf
1.0550000,0.3050000,0.2796592,-3.7111773,-4.1009532,-0.5496693,-2.4715147,-0.2259280,138.0605125,1730.0198949,inf
1.0600000,0.3100000,0.2846592,-4.0484661,-4.2634729,-1.9527900,-2.3644596,-1.3223639,115.1609006,1476.2410348,inf
1.0650000,0.3150000,0.2896592,-4.3071027,-4.3702194,-3.1372223,-2.2573931,-2.2474052,95.8684128,1261.3704695,inf
1.0700000,0.3200000,0.2946592,-4.4979987,-4.4287628,-4.1327236,-2.1516808,-3.0205560,79.6073999,1079.0963606,inf
1.0750000,0.3250000,0.2996592,-4.6301857,-4.4458393,-4.9617088,-2.0483211,-3.6594588,65.8950542,924.1889790,inf
1.0800000,0.3300000,0.3046592,-4.7113062,-4.4276630,-5.6432161,-1.9480255,-4.1808318,54.3254683,792.3021205,inf
1.0850000,0.3350000,0.3096592,-4.7481143,-4.3800441,-6.1949921,-1.8512873,-4.6002807,44.5577140,679.8118521,inf
1.0900000,0.3400000,0.3146592,-4.7468211,-4.3083813,-6.6338780,-1.7584367,-4.9317566,36.3062705,583.6895367,inf
1.0950000,0.3450000,0.3196592,-4.7132490,-4.2176054,-6.9752878,-1.6696827,-5.1872000,29.3326071,501.4043131,inf
1.1000000,0.3500000,0.3246592,-4.6528457,-4.1121281,-7.2326003,-1.5851463,-5.3765720,23.4373349,430.8448846,inf
1.1050000,0.3550000,0.3296592,-4.5706354,-3.9958157,-7.4169405,-1.5048864,-5.5082018,18.4528654,370.2505769,inf
1.1100000,0.3600000,0.3346592,-4.4711635,-3.8719894,-7.5374254,-1.4289214,-5.5892569,14.2369087,318.1489202,inf
1.1150000,0.3650000,0.3396592,-4.3584637,-3.7434462,-7.6016940,-1.3572430,-5.6261549,10.6673037,273.3023788,inf
1.1200000,0.3700000,0.3446592,-4.2360550,-3.6124912,-7.6164666,-1.2898186,-5.6248262,7.6385199,234.6656620,inf
1.1250000,0.3750000,0.3496592,-4.1069603,-3.4809780,-7.5879552,-1.2265843,-5.5908263,5.0597760,201.3521436,1728.3124224
1.1300000,0.3800000,0.3546592,-3.9737375,-3.3503538,-7.5220721,-1.1674367,-5.5293459,2.8542933,172.6071280,1511.2966197
1.1350000,0.3850000,0.3596592,-3.8385140,-3.2217081,-7.4244722,-1.1122365,-5.4451725,0.9589291,147.7862673,1322.5219448
1.1400000,0.3900000,0.3646592,-3.7030222,-3.0958251,-7.3005025,-1.0608196,-5.3426471,-0.6765245,126.3380299,1158.0844284
1.1450000,0.3950000,0.3696592,-3.5686331,-2.9732386,-7.1551204,-1.0130062,-5.2256365,-2.0907886,107.7894440,1014.6677241
1.1500000,0.4000000,0.3746592,-3.4363928,-2.8542884,-6.9928233,-0.9685967,-5.0975310,-3.3132906,91.7345244,889.4433714
1.1550000,0.4050000,0.3796592,-3.3070612,-2.7391775,-6.8176069,-0.9273575,-4.9612665,-4.3667517,77.8248902,779.9874316
1.1600000,0.4100000,0.3846592,-3.1811562,-2.6280232,-6.6329586,-0.8890268,-4.8193633,-5.2696291,65.7621046,684.2152807
1.1650000,0.4150000,0.3896592,-3.0590032,-2.5208994,-6.4418803,-0.8533636,-4.6739717,-6.0379421,55.2912430,600.3309134
1.1700000,0.4200000,0.3946592,-2.9407882,-2.4178665,-6.2469343,-0.8201885,-4.5269153,-6.6862819,46.1952165,526.7859563
1.1750000,0.4250000,0.3996592,-2.8266086,-2.3189902,-6.0502981,-0.7893652,-4.3797247,-7.2281245,38.2894853,462.2450088
1.1800000,0.4300000,0.4046592,-2.7165156,-2.2243477,-5.8538170,-0.7607352,-4.2336608,-7.6757463,31.4170005,405.5555667
1.1850000,0.4350000,0.4096592,-2.6105435,-2.1340205,-5.6590425,-0.7340683,-4.0897297,-8.0400544,25.4434218,355.7217962
1.1900000,0.4400000,0.4146592,-2.5087255,-2.0480802,-5.4672553,-0.7090993,-3.9486971,-8.3305248,20.2528025,311.8818428
1.1950000,0.4450000,0.4196592,-2.4110977,-1.9665751,-5.2794742,-0.6856033,-3.8111084,-8.5553080,15.7439617,273.2884080
1.2000000,0.4500000,0.4246592,-2.3176949,-1.8895189,-5.0964608,-0.6634034,-3.6773194,-8.7214562,11.8276947,239.2922479
1.2050000,0.4550000,0.4296592,-2.2285467,-1.8168732,-4.9187311,-0.6423392,-3.5475377,-8.8351904,8.4248578,209.3281919
1.2100000,0.4600000,0.4346592,-2.1436745,-1.7485270,-4.7465829,-0.6222982,-3.4218701,-8.9021362,5.4652319,182.9032900
1.2150000,0.4650000,0.4396592,-2.0630860,-1.6842889,-4.5801418,-0.6032501,-3.3003676,-8.9274915,2.8869674,159.5867570
1.2200000,0.4700000,0.4446592,-1.9867606,-1.6239032,-4.4194170,-0.5851410,-3.1830596,-8.9161228,0.6363444,139.0014545
1.2250000,0.4750000,0.4496592,-1.9146301,-1.5670787,-4.2643575,-0.5677527,-3.0699735,-8.8726051,-1.3324262,120.8167177
1.2300000,0.4800000,0.4546592,-1.8465672,-1.5135051,-4.1148933,-0.5507213,-2.9611421,-8.8012265,-3.0575817,104.7423717
1.2350000,0.4850000,0.4596592,-1.7823871,-1.4628577,-3.9709598,-0.5336882,-2.8566034,-8.7059773,-4.5704909,90.5237876
1.2400000,0.4900000,0.4646592,-1.7218560,-1.4148145,-3.8325064,-0.5164299,-2.7563984,-8.5905354,-5.8966449,77.9378068
1.2450000,0.4950000,0.4696592,-1.6646992,-1.3690907,-3.6994999,-0.4988924,-2.6605640,-8.4582562,-7.0568536,66.7893167
1.2500000,0.5000000,0.4746592,-1.6106170,-1.3254572,-3.5719284,-0.4811542,-2.5691183,-8.3121692,-8.0684655,56.9082369
1.2550000,0.5050000,0.4796592,-1.5593157,-1.2837322,-3.4497985,-0.4633655,-2.4820415,-8.1549823,-8.9464212,48.1466950
1.2600000,0.5100000,0.4846592,-1.5105365,-1.2437687,-3.3331213,-0.4456963,-2.3992590,-7.9890936,-9.7040079,40.3762530
1.2650000,0.5150000,0.4896592,-1.4640700,-1.2054283,-3.2218848,-0.4283042,-2.3206335,-7.8166097,-10.3532871,33.4851592
1.2700000,0.5200000,0.4946592,-1.4197520,-1.1685353,-3.1160228,-0.4113185,-2.2459667,-7.6393700,-10.9052604,27.3757033
1.2750000,0.5250000,0.4996592,-1.3774308,-1.1328473,-3.0153925,-0.3948356,-2.1750122,-7.4589744,-11.3698856,21.9618021
1.2800000,0.5300000,0.5046592,-1.3369100,-1.0980769,-2.9197680,-0.3789218,-2.1074987,-7.2768113,-11.7560576,17.1669350
1.2850000,0.5350000,0.5096592,-1.2979099,-1.0639532,-2.8288547,-0.3636175,-2.0431604,-7.0940824,-12.0716268,12.9224995
1.2900000,0.5400000,0.5146592,-1.2600862,-1.0302777,-2.7423233,-0.3489429,-1.9817605,-6.9118207,-12.3234821,9.1666039
1.2950000,0.5450000,0.5196592,-1.2230936,-0.9969514,-2.6598541,-0.3349027,-1.9230967,-6.7309027,-12.5176865,5.8432607
1.3000000,0.5500000,0.5246592,-1.1866541,-0.9639675,-2.5811688,-0.3214906,-1.8669803,-6.5520566,-12.6596358,2.9019106
1.3050000,0.5550000,0.5296592,-1.1505957,-0.9313869,-2.5060262,-0.3086924,-1.8131939,-6.3758713,-12.7542096,0.2971794
1.3100000,0.5600000,0.5346592,-1.1148562,-0.8993080,-2.4341716,-0.2964890,-1.7614587,-6.2028110,-12.8058945,-2.0112407
1.3150000,0.5650000,0.5396592,-1.0794619,-0.8678419,-2.3652720,-0.2848577,-1.7114369,-6.0332337,-12.8188715,-4.0586938
1.3200000,0.5700000,0.5446592,-1.0444961,-0.8370944,-2.2988889,-0.2737741,-1.6627734,-5.8674143,-12.7970703,-5.8757398
1.3250000,0.5750000,0.5496592,-1.0100702,-0.8071559,-2.2345151,-0.2632130,-1.6151504,-5.7055652,-12.7441982,-7.4884711
1.3300000,0.5800000,0.5546592,-0.9763012,-0.7780968,-2.1716552,-0.2531490,-1.5683298,-5.5478530,-12.6637506,-8.9189859
1.3350000,0.5850000,0.5596592,-0.9432961,-0.7499675,-2.1099041,-0.2435570,-1.5221709,-5.3944101,-12.5590132,-10.1859872
1.3400000,0.5900000,0.5646592,-0.9111450,-0.7227990,-2.0489938,-0.2344126,-1.4766240,-5.2453398,-12.4330589,-11.3054410
1.3450000,0.5950000,0.5696592,-0.8799172,-0.6966063,-1.9888000,-0.2256925,-1.4317106,-5.1007175,-12.2887451,-12.2912075
1.3500000,0.6000000,0.5746592,-0.8496617,-0.6713910,-1.9293199,-0.2173740,-1.3874986,-4.9605893,-12.1287118,-13.1555674
1.3550000,0.6050000,0.5796592,-0.8204091,-0.6471440,-1.8706357,-0.2094358,-1.3440794,-4.8249685,-11.9553831,-13.9096008
1.3600000,0.6100000,0.5846592,-0.7921738,-0.6238484,-1.8128780,-0.2018576,-1.3015503,-4.6938335,-11.7709705,-14.5634143
1.3650000,0.6150000,0.5896592,-0.7649575,-0.6014811,-1.7561954,-0.1946201,-1.2600021,-4.5671293,-11.5774807,-15.1262490
1.3700000,0.6200000,0.5946592,-0.7387512,-0.5800151,-1.7007318,-0.1877053,-1.2195125,-4.4447721,-11.3767251,-15.6065156
1.3750000,0.6250000,0.5996592,-0.7135381,-0.5594202,-1.6466142,-0.1810960,-1.1801423,-4.3266555,-11.1703309,-16.0118075
1.3800000,0.6300000,0.6046592,-0.6892954,-0.5396649,-1.5939450,-0.1747761,-1.1419354,-4.2126530,-10.9597529,-16.3489249
1.3850000,0.6350000,0.6096592,-0.6659963,-0.5207166,-1.5428003,-0.1687304,-1.1049193,-4.1026119,-10.7462842,-16.6239284
1.3900000,0.6400000,0.6146592,-0.6436108,-0.5025424,-1.4932312,-0.1629448,-1.0691070,-3.9963408,-10.5310666,-16.8422195
1.3950000,0.6450000,0.6196592,-0.6221071,-0.4851098,-1.4452658,-0.1574057,-1.0344994,-3.8935993,-10.3151000,-17.0086392
1.4000000,0.6500000,0.6246592,-0.6014526,-0.4683867,-1.3989130,-0.1521005,-1.0010872,-3.7940992,-10.0992533,-17.1275693
1.4050000,0.6550000,0.6296592,-0.5816141,-0.4523419,-1.3541654,-0.1470174,-0.9688532,-3.6975197,-9.8842763,-17.2030237
1.4100000,0.6600000,0.6346592,-0.5625588,-0.4369453,-1.3110032,-0.1421451,-0.9377737,-3.6035329,-9.6708126,-17.2387228
1.4150000,0.6650000,0.6396592,-0.5442540,-0.4221675,-1.2693967,-0.1374732,-0.9078207,-3.5118327,-9.4594131,-17.2381484
1.4200000,0.6700000,0.6446592,-0.5266679,-0.4079805,-1.2293088,-0.1329916,-0.8789627,-3.4221580,-9.2505471,-17.2045799
1.4250000,0.6750000,0.6496592,-0.5097696,-0.3943576,-1.1906972,-0.1286911,-0.8511658,-3.3343064,-9.0446116,-17.1411167
1.4300000,0.6800000,0.6546592,-0.4935293,-0.3812729,-1.1535161,-0.1245629,-0.8243949,-3.2481383,-8.8419392,-17.0506899
1.4350000,0.6850000,0.6596592,-0.4779181,-0.3687022,-1.1177173,-0.1205986,-0.7986141,-3.1635718,-8.6428041,-16.9360680
1.4400000,0.6900000,0.6646592,-0.4629083,-0.3566218,-1.0832516,-0.1167904,-0.7737871,-3.0805735,-8.4474287,-16.7998595
1.4450000,0.6950000,0.6696592,-0.4484735,-0.3450098,-1.0500691,-0.1131310,-0.7498779,-2.9991459,-8.2559896,-16.6445138
1.4500000,0.7000000,0.6746592,-0.4345882,-0.3338448,-1.0181205,-0.1096132,-0.7268510,-2.9193159,-8.0686243,-16.4723233
1.4550000,0.7050000,0.6796592,-0.4212283,-0.3231068,-0.9873570,-0.1062306,-0.7046717,-2.8411242,-7.8854361,-16.2854257
1.4600000,0.7100000,0.6846592,-0.4083706,-0.3127766,-0.9577309,-0.1029769,-0.6833062,-2.7646163,-7.7064974,-16.0858073
1.4650000,0.7150000,0.6896592,-0.3959930,-0.3028362,-0.9291959,-0.0998461,-0.6627214,-2.6898368,-7.5318498,-15.8753075
1.4700000,0.7200000,0.6946592,-0.3840746,-0.2932682,-0.9017070,-0.0968328,-0.6428857,-2.6168247,-7.3614998,-15.6556231
1.4750000,0.7250000,0.6996592,-0.3725954,-0.2840562,-0.8752207,-0.0939315,-0.6237684,-2.5456109,-7.1954123,-15.4283129
1.4800000,0.7300000,0.7046592,-0.3615363,-0.2751846,-0.8496955,-0.0911374,-0.6053400,-2.4762170,-7.0335045,-15.1948021
1.4850000,0.7350000,0.7096592,-0.3508792,-0.2666386,-0.8250911,-0.0884457,-0.5875723,-2.4086549,-6.8756440,-14.9563866
1.4900000,0.7400000,0.7146592,-0.3406068,-0.2584042,-0.8013691,-0.0858518,-0.5704379,-2.3429269,-6.7216536,-14.7142385
1.4950000,0.7450000,0.7196592,-0.3307028,-0.2504680,-0.7784927,-0.0833515,-0.5539110,-2.2790268,-6.5713213,-14.4694124
1.5000000,0.7500000,0.7246592,-0.3211515,-0.2428172,-0.7564267,-0.0809408,-0.5379665,-2.2169404,-6.4244169,-14.2228523
1.5050000,0.7550000,0.7296592,-0.3119380,-0.2354397,-0.7351373,-0.0786158,-0.5225807,-2.1566468,-6.2807085,-13.9754000
1.5100000,0.7600000,0.7346592,-0.3030481,-0.2283240,-0.7145925,-0.0763729,-0.5077307,-2.0981194,-6.1399782,-13.7278029
1.5150000,0.7650000,0.7396592,-0.2944685,-0.2214593,-0.6947616,-0.0742086,-0.4933948,-2.0413270,-6.0020343,-13.4807217
1.5200000,0.7700000,0.7446592,-0.2861862,-0.2148350,-0.6756152,-0.0721196,-0.4795521,-1.9862342,-5.8667187,-13.2347376
1.5250000,0.7750000,0.7496592,-0.2781891,-0.2084412,-0.6571254,-0.0701028,-0.4661828,-1.9328030,-5.7339095,-12.9903599
1.5300000,0.7800000,0.7546592,-0.2704654,-0.2022685,-0.6392654,-0.0681552,-0.4532678,-1.8809931,-5.6035197,-12.7480321
1.5350000,0.7850000,0.7596592,-0.2630041,-0.1963079,-0.6220099,-0.0662740,-0.4407891,-1.8307624,-5.4754941,-12.5081396
1.5400000,0.7900000,0.7646592,-0.2557946,-0.1905508,-0.6053346,-0.0644564,-0.4287292,-1.7820678,-5.3498032,-12.2710153
1.5450000,0.7950000,0.7696592,-0.2488268,-0.1849890,-0.5892161,-0.0626999,-0.4170717,-1.7348658,-5.2264375,-12.0369453
1.5500000,0.8000000,0.7746592,-0.2420911,-0.1796148,-0.5736325,-0.0610020,-0.4058006,-1.6891124,-5.1054017,-11.8061712
1.5550000,0.8050000,0.7796592,-0.2355783,-0.1744207,-0.5585627,-0.0593605,-0.3949009,-1.6447638,-4.9867089,-11.5788915
1.5600000,0.8100000,0.7846592,-0.2292796,-0.1693995,-0.5439863,-0.0577731,-0.3843582,-1.6017765,-4.8703769,-11.3552598
1.5650000,0.8150000,0.7896592,-0.2231867,-0.1645446,-0.5298843,-0.0562376,-0.3741586,-1.5601076,-4.7564239,-11.1353828
1.5700000,0.8200000,0.7946592,-0.2172917,-0.1598495,-0.5162381,-0.0547520,-0.3642890,-1.5197148,-4.6448660,-10.9193188
1.5750000,0.8250000,0.7996592,-0.2115868,-0.1553079,-0.5030303,-0.0533144,-0.3547367,-1.4805567,-4.5357155,-10.7070781
1.5800000,0.8300000,0.8046592,-0.2060648,-0.1509141,-0.4902441,-0.0519230,-0.3454897,-1.4425929,-4.4289794,-10.4986271
1.5850000,0.8350000,0.8096592,-0.2007187,-0.1466623,-0.4778634,-0.0505760,-0.3365364,-1.4057840,-4.3246589,-10.2938948
1.5900000,0.8400000,0.8146592,-0.1955420,-0.1425473,-0.4658728,-0.0492717,-0.3278659,-1.3700914,-4.2227492,-10.0927819
1.5950000,0.8450000,0.8196592,-0.1905281,-0.1385637,-0.4542578,-0.0480085,-0.3194675,-1.3354779,-4.1232392,-9.8951719
1.6000000,0.8500000,0.8246592,-0.1856711,-0.1347068,-0.4430044,-0.0467848,-0.3113312,-1.3019073,-4.0261121,-9.7009414
1.6050000,0.8550000,0.8296592,-0.1809651,-0.1309718,-0.4320990,-0.0455992,-0.3034473,-1.2693445,-3.9313460,-9.5099691
1.6100000,0.8600000,0.8346592,-0.1764046,-0.1273541,-0.4215288,-0.0444503,-0.2958065,-1.2377555,-3.8389138,-9.3221436
1.6150000,0.8650000,0.8396592,-0.1719842,-0.1238496,-0.4112816,-0.0433367,-0.2884000,-1.2071076,-3.7487845,-9.1373685
1.6200000,0.8700000,0.8446592,-0.1676988,-0.1204540,-0.4013457,-0.0422571,-0.2812192,-1.1773689,-3.6609229,-8.9555649
1.6250000,0.8750000,0.8496592,-0.1635435,-0.1171634,-0.3917096,-0.0412104,-0.2742561,-1.1485089,-3.5752912,-8.7766725
1.6300000,0.8800000,0.8546592,-0.1595137,-0.1139740,-0.3823627,-0.0401952,-0.2675028,-1.1204978,-3.4918487,-8.6006487
1.6350000,0.8850000,0.8596592,-0.1556048,-0.1108821,-0.3732946,-0.0392106,-0.2609518,-1.0933072,-3.4105524,-8.4274664
1.6400000,0.8900000,0.8646592,-0.1518126,-0.1078844,-0.3644954,-0.0382553,-0.2545960,-1.0669095,-3.3313581,-8.2571117
1.6450000,0.8950000,0.8696592,-0.1481329,-0.1049774,-0.3559555,-0.0373284,-0.2484285,-1.0412782,-3.2542198,-8.0895811
1.6500000,0.9000000,0.8746592,-0.1445618,-0.1021579,-0.3476659,-0.0364288,-0.2424427,-1.0163876,-3.1790910,-7.9248782
1.6550000,0.9050000,0.8796592,-0.1410954,-0.0994230,-0.3396178,-0.0355557,-0.2366323,-0.9922130,-3.1059243,-7.7630113
1.6600000,0.9100000,0.8846592,-0.1377302,-0.0967695,-0.3318029,-0.0347080,-0.2309912,-0.9687307,-3.0346723,-7.6039908
1.6650000,0.9150000,0.8896592,-0.1344626,-0.0941948,-0.3242130,-0.0338849,-0.2255136,-0.9459176,-2.9652873,-7.4478274
1.6700000,0.9200000,0.8946592,-0.1312893,-0.0916961,-0.3168405,-0.0330856,-0.2201938,-0.9237518,-2.8977218,-7.2945303
1.6750000,0.9250000,0.8996592,-0.1282071,-0.0892707,-0.3096779,-0.0323092,-0.2150265,-0.9022118,-2.8319286,-7.1441060
1.6800000,0.9300000,0.9046592,-0.1252128,-0.0869163,-0.3027181,-0.0315550,-0.2100065,-0.8812773,-2.7678609,-6.9965576
1.6850000,0.9350000,0.9096592,-0.1223036,-0.0846303,-0.2959543,-0.0308222,-0.2051289,-0.8609283,-2.7054727,-6.8518840
1.6900000,0.9400000,0.9146592,-0.1194764,-0.0824105,-0.2893799,-0.0301101,-0.2003888,-0.8411458,-2.6447184,-6.7100795
1.6950000,0.9450000,0.9196592,-0.1167287,-0.0802547,-0.2829885,-0.0294179,-0.1957818,-0.8219116,-2.5855534,-6.5711339
1.7000000,0.9500000,0.9246592,-0.1140578,-0.0781606,-0.2767741,-0.0287451,-0.1913033,-0.8032078,-2.5279338,-6.4350325
1.7050000,0.9550000,0.9296592,-0.1114611,-0.0761264,-0.2707309,-0.0280910,-0.1869492,-0.7850174,-2.4718167,-6.3017561
1.7100000,0.9600000,0.9346592,-0.1089361,-0.0741499,-0.2648533,-0.0274550,-0.1827154,-0.7673240,-2.4171601,-6.1712813
1.7150000,0.9650000,0.9396592,-0.1064807,-0.0722293,-0.2591357,-0.0268365,-0.1785979,-0.7501117,-2.3639228,-6.0435810
1.7200000,0.9700000,0.9446592,-0.1040924,-0.0703628,-0.2535731,-0.0262349,-0.1745930,-0.7333652,-2.3120648,-5.9186245
1.7250000,0.9750000,0.9496592,-0.1017691,-0.0685486,-0.2481604,-0.0256497,-0.1706970,-0.7170698,-2.2615471,-5.7963777
1.7300000,0.9800000,0.9546592,-0.0995087,-0.0667850,-0.2428928,-0.0250803,-0.1669065,-0.7012114,-2.2123315,-5.6768041
1.7350000,0.9850000,0.9596592,-0.0973092,-0.0650704,-0.2377657,-0.0245262,-0.1632180,-0.6857762,-2.1643809,-5.5598645
1.7400000,0.9900000,0.9646592,-0.0951687,-0.0634032,-0.2327746,-0.0239870,-0.1596284,-0.6707509,-2.1176593,-5.4455177
1.7450000,0.9950000,0.9696592,-0.0930853,-0.0617819,-0.2279153,-0.0234622,-0.1561344,-0.6561229,-2.0721317,-5.3337206
1.7500000,1.0000000,0.9746592,-0.0910572,-0.0602051,-0.2231835,-0.0229513,-0.1527332,-0.6418799,-2.0277638,-5.2244288
1.7550000,1.0050000,0.9796592,-0.0890827,-0.0586713,-0.2185752,-0.0224539,-0.1494217,-0.6280100,-1.9845226,-5.1175966
1.7600000,1.0100000,0.9846592,-0.0871601,-0.0571792,-0.2140867,-0.0219696,-0.1461972,-0.6145017,-1.9423759,-5.0131775
1.7650000,1.0150000,0.9896592,-0.0852877,-0.0557275,-0.2097142,-0.0214979,-0.1430570,-0.6013440,-1.9012924,-4.9111243
1.7700000,1.0200000,0.9946592,-0.0834641,-0.0543150,-0.2054542,-0.0210385,-0.1399985,-0.5885263,-1.8612419,-4.8113892
1.7750000,1.0250000,0.9996592,-0.0816877,-0.0529404,-0.2013032,-0.0205910,-0.1370192,-0.5760383,-1.8221949,-4.7139244
1.7800000,1.0300000,1.0046592,-0.0799571,-0.0516025,-0.1972578,-0.0201550,-0.1341166,-0.5638699,-1.7841228,-4.6186818
1.7850000,1.0350000,1.0096592,-0.0782709,-0.0503003,-0.1933149,-0.0197302,-0.1312885,-0.5520117,-1.7469980,-4.5256133
1.7900000,1.0400000,1.0146592,-0.0766278,-0.0490326,-0.1894714,-0.0193163,-0.1285326,-0.5404544,-1.7107936,-4.4346712
1.7950000,1.0450000,1.0196592,-0.0750264,-0.0477984,-0.1857243,-0.0189128,-0.1258467,-0.5291889,-1.6754836,-4.3458080
1.8000000,1.0500000,1.0246592,-0.0734655,-0.0465967,-0.1820707,-0.0185196,-0.1232286,-0.5182068,-1.6410426,-4.2589766
1.8050000,1.0550000,1.0296592,-0.0719439,-0.0454265,-0.1785078,-0.0181362,-0.1206765,-0.5074995,-1.6074463,-4.1741303
1.8100000,1.0600000,1.0346592,-0.0704605,-0.0442869,-0.1750330,-0.0177625,-0.1181883,-0.4970591,-1.5746709,-4.0912232
1.8150000,1.0650000,1.0396592,-0.0690140,-0.0431769,-0.1716436,-0.0173981,-0.1157622,-0.4868777,-1.5426933,-4.0102098
1.8200000,1.0700000,1.0446592,-0.0676035,-0.0420957,-0.1683371,-0.0170427,-0.1133963,-0.4769479,-1.5114913,-3.9310455
1.8250000,1.0750000,1.0496592,-0.0662279,-0.0410424,-0.1651111,-0.0166961,-0.1110888,-0.4672623,-1.4810431,-3.8536861
1.8300000,1.0800000,1.0546592,-0.0648860,-0.0400162,-0.1619634,-0.0163580,-0.1088381,-0.4578138,-1.4513279,-3.7780886
1.8350000,1.0850000,1.0596592,-0.0635771,-0.0390163,-0.1588915,-0.0160282,-0.1066425,-0.4485957,-1.4223253,-3.7042104
1.8400000,1.0900000,1.0646592,-0.0623000,-0.0380419,-0.1558934,-0.0157065,-0.1045005,-0.4396014,-1.3940157,-3.6320099
1.8450000,1.0950000,1.0696592,-0.0610540,-0.0370924,-0.1529670,-0.0153925,-0.1024104,-0.4308245,-1.3663798,-3.5614463
1.8500000,1.1000000,1.0746592,-0.0598381,-0.0361669,-0.1501101,-0.0150861,-0.1003709,-0.4222588,-1.3393992,-3.4924798
1.8550000,1.1050000,1.0796592,-0.0586514,-0.0352648,-0.1473208,-0.0147871,-0.0983804,-0.4138984,-1.3130559,-3.4250711
1.8600000,1.1100000,1.0846592,-0.0574932,-0.0343855,-0.1445972,-0.0144953,-0.0964375,-0.4057375,-1.2873325,-3.3591821
1.8650000,1.1150000,1.0896592,-0.0563626,-0.0335282,-0.1419375,-0.0142104,-0.0945410,-0.3977705,-1.2622122,-3.2947754
1.8700000,1.1200000,1.0946592,-0.0552588,-0.0326923,-0.1393398,-0.0139323,-0.0926896,-0.3899920,-1.2376785,-3.2318144
1.8750000,1.1250000,1.0996592,-0.0541812,-0.0318773,-0.1368025,-0.0136608,-0.0908819,-0.3823968,-1.2137157,-3.1702635
1.8800000,1.1300000,1.1046592,-0.0531289,-0.0310825,-0.1343238,-0.0133956,-0.0891167,-0.3749798,-1.1903082,-3.1100879
1.8850000,1.1350000,1.1096592,-0.0521012,-0.0303074,-0.1319022,-0.0131366,-0.0873929,-0.3677361,-1.1674412,-3.0512535
1.8900000,1.1400000,1.1146592,-0.0510976,-0.0295514,-0.1295361,-0.0128837,-0.0857094,-0.3606609,-1.1451003,-2.9937271
1.8950000,1.1450000,1.1196592,-0.0501173,-0.0288141,-0.1272239,-0.0126367,-0.0840650,-0.3537497,-1.1232712,-2.9374766
1.9000000,1.1500000,1.1246592,-0.0491597,-0.0280948,-0.1249643,-0.0123954,-0.0824586,-0.3469980,-1.1019406,-2.8824701
1.9050000,1.1550000,1.1296592,-0.0482241,-0.0273931,-0.1227557,-0.0121596,-0.0808893,-0.3404015,-1.0810951,-2.8286771
1.9100000,1.1600000,1.1346592,-0.0473101,-0.0267085,-0.1205967,-0.0119293,-0.0793560,-0.3339560,-1.0607218,-2.7760675
1.9150000,1.1650000,1.1396592,-0.0464169,-0.0260405,-0.1184862,-0.0117042,-0.0778577,-0.3276574,-1.0408085,-2.7246122
1.9200000,1.1700000,1.1446592,-0.0455440,-0.0253887,-0.1164227,-0.0114842,-0.0763936,-0.3215018,-1.0213430,-2.6742825
1.9250000,1.1750000,1.1496592,-0.0446910,-0.0247526,-0.1144050,-0.0112693,-0.0749626,-0.3154854,-1.0023136,-2.6250508
1.9300000,1.1800000,1.1546592,-0.0438572,-0.0241319,-0.1124319,-0.0110591,-0.0735639,-0.3096046,-0.9837089,-2.5768901
1.9350000,1.1850000,1.1596592,-0.0430421,-0.0235260,-0.1105022,-0.0108537,-0.0721967,-0.3038556,-0.9655180,-2.5297740
1.9400000,1.1900000,1.1646592,-0.0422454,-0.0229346,-0.1086148,-0.0106529,-0.0708601,-0.2982351,-0.9477300,-2.4836768
1.9450000,1.1950000,1.1696592,-0.0414663,-0.0223574,-0.1067686,-0.0104566,-0.0695533,-0.2927397,-0.9303347,-2.4385737
1.9500000,1.2000000,1.1746592,-0.0407046,-0.0217939,-0.1049625,-0.0102646,-0.0682756,-0.2873661,-0.9133219,-2.3944402
1.9550000,1.2050000,1.1796592,-0.0399598,-0.0212437,-0.1031954,-0.0100769,-0.0670261,-0.2821112,-0.8966819,-2.3512526
1.9600000,1.2100000,1.1846592,-0.0392313,-0.0207066,-0.1014663,-0.0098933,-0.0658041,-0.2769719,-0.8804050,-2.3089880
1.9650000,1.2150000,1.1896592,-0.0385188,-0.0201821,-0.0997743,-0.0097137,-0.0646090,-0.2719451,-0.8644822,-2.2676238
1.9700000,1.2200000,1.1946592,-0.0378220,-0.0196699,-0.0981185,-0.0095381,-0.0634400,-0.2670281,-0.8489044,-2.2271382
1.9750000,1.2250000,1.1996592,-0.0371403,-0.0191698,-0.0964978,-0.0093663,-0.0622965,-0.2622180,-0.8336629,-2.1875099
1.9800000,1.2300000,1.2046592,-0.0364734,-0.0186814,-0.0949114,-0.0091982,-0.0611777,-0.2575120,-0.8187493,-2.1487181
1.9850000,1.2350000,1.2096592,-0.0358209,-0.0182044,-0.0933585,-0.0090337,-0.0600832,-0.2529076,-0.8041553,-2.1107426
1.9900000,1.2400000,1.2146592,-0.0351824,-0.0177385,-0.0918381,-0.0088728,-0.0590122,-0.2484022,-0.7898730,-2.0735639
1.9950000,1.2450000,1.2196592,-0.0345577,-0.0172834,-0.0903495,-0.0087153,-0.0579642,-0.2439932,-0.7758945,-2.0371627
2.0000000,1.2500000,1.2246592,-0.0339462,-0.0168388,-0.0888919,-0.0085612,-0.0569386,-0.2396782,-0.7622124,-2.0015204
2.0050000,1.2550000,1.2296592,-0.0333478,-0.0164045,-0.0874645,-0.0084104,-0.0559348,-0.2354550,-0.7488193,-1.9666189
2.0100000,1.2600000,1.2346592,-0.0327621,-0.0159802,-0.0860665,-0.0082627,-0.0549522,-0.2313212,-0.7357082,-1.9324405
2.0150000,1.2650000,1.2396592,-0.0321888,-0.0155657,-0.0846972,-0.0081182,-0.0539905,-0.2272745,-0.7228720,-1.8989680
2.0200000,1.2700000,1.2446592,-0.0316275,-0.0151607,-0.0833560,-0.0079767,-0.0530489,-0.2233129,-0.7103041,-1.8661847
2.0250000,1.2750000,1.2496592,-0.0310780,-0.0147649,-0.0820421,-0.0078382,-0.0521271,-0.2194342,-0.6979980,-1.8340742
2.0300000,1.2800000,1.2546592,-0.0305400,-0.0143782,-0.0807549,-0.0077026,-0.0512246,-0.2156365,-0.6859471,-1.8026207
2.0350000,1.2850000,1.2596592,-0.0300131,-0.0140002,-0.0794937,-0.0075698,-0.0503408,-0.2119177,-0.6741455,-1.7718087
2.0400000,1.2900000,1.2646592,-0.0294972,-0.0136309,-0.0782578,-0.0074397,-0.0494754,-0.2082758,-0.6625871,-1.7416231
2.0450000,1.2950000,1.2696592,-0.0289919,-0.0132699,-0.0770468,-0.0073123,-0.0486278,-0.2047092,-0.6512660,-1.7120493
2.0500000,1.3000000,1.2746592,-0.0284971,-0.0129171,-0.0758599,-0.0071876,-0.0477977,-0.2012158,-0.6401765,-1.6830729
2.0550000,1.3050000,1.2796592,-0.0280123,-0.0125722,-0.0746966,-0.0070654,-0.0469846,-0.1977940,-0.6293131,-1.6546801
2.0600000,1.3100000,1.2846592,-0.0275375,-0.0122351,-0.0735563,-0.0069457,-0.0461881,-0.1944420,-0.6186705,-1.6268573
2.0650000,1.3150000,1.2896592,-0.0270724,-0.0119056,-0.0724386,-0.0068284,-0.0454079,-0.1911583,-0.6082434,-1.5995913
2.0700000,1.3200000,1.2946592,-0.0266167,-0.0115835,-0.0713428,-0.0067136,-0.0446434,-0.1879410,-0.5980267,-1.5728692
2.0750000,1.3250000,1.2996592,-0.0261702,-0.0112686,-0.0702684,-0.0066010,-0.0438944,-0.1847887,-0.5880154,-1.5466785
2.0800000,1.3300000,1.3046592,-0.0257326,-0.0109607,-0.0692150,-0.0064907,-0.0431605,-0.1816999,-0.5782048,-1.5210071
2.0850000,1.3350000,1.3096592,-0.0253039,-0.0106597,-0.0681820,-0.0063826,-0.0424413,-0.1786729,-0.5685901,-1.4958429
2.0900000,1.3400000,1.3146592,-0.0248838,-0.0103653,-0.0671690,-0.0062767,-0.0417365,-0.1757065,-0.5591668,-1.4711745
2.0950000,1.3450000,1.3196592,-0.0244720,-0.0100775,-0.0661755,-0.0061729,-0.0410458,-0.1727991,-0.5499304,-1.4469905
2.1000000,1.3500000,1.3246592,-0.0240684,-0.0097961,-0.0652010,-0.0060711,-0.0403687,-0.1699494,-0.5408767,-1.4232799
2.1050000,1.3550000,1.3296592,-0.0236727,-0.0095209,-0.0642452,-0.0059714,-0.0397051,-0.1671561,-0.5320013,-1.4000320
2.1100000,1.3600000,1.3346592,-0.0232849,-0.0092518,-0.0633075,-0.0058736,-0.0390545,-0.1644178,-0.5233001,-1.3772364
2.1150000,1.3650000,1.3396592,-0.0229047,-0.0089886,-0.0623876,-0.0057777,-0.0384168,-0.1617333,-0.5147693,-1.3548829
2.1200000,1.3700000,1.3446592,-0.0225319,-0.0087312,-0.0614851,-0.0056837,-0.0377915,-0.1591013,-0.5064049,-1.3329615
2.1250000,1.3750000,1.3496592,-0.0221665,-0.0084794,-0.0605996,-0.0055916,-0.0371784,-0.1565206,-0.4982031,-1.3114627
2.1300000,1.3800000,1.3546592,-0.0218081,-0.0082332,-0.0597306,-0.0055012,-0.0365773,-0.1539902,-0.4901602,-1.2903768
2.1350000,1.3850000,1.3596592,-0.0214566,-0.0079923,-0.0588779,-0.0054126,-0.0359878,-0.1515087,-0.4822727,-1.2696949
2.1400000,1.3900000,1.3646592,-0.0211120,-0.0077567,-0.0580410,-0.0053257,-0.0354097,-0.1490751,-0.4745369,-1.2494078
2.1450000,1.3950000,1.3696592,-0.0207740,-0.0075263,-0.0572196,-0.0052405,-0.0348427,-0.1466884,-0.4669496,-1.2295069
2.1500000,1.4000000,1.3746592,-0.0204425,-0.0073008,-0.0564134,-0.0051569,-0.0342866,-0.1443474,-0.4595074,-1.2099836
2.1550000,1.4050000,1.3796592,-0.0201173,-0.0070803,-0.0556220,-0.0050749,-0.0337411,-0.1420512,-0.4522070,-1.1908296
2.1600000,1.4100000,1.3846592,-0.0197983,-0.0068646,-0.0548451,-0.0049945,-0.0332060,-0.1397987,-0.4450454,-1.1720369
2.1650000,1.4150000,1.3896592,-0.0194854,-0.0066535,-0.0540823,-0.0049156,-0.0326811,-0.1375890,-0.4380193,-1.1535976
2.1700000,1.4200000,1.3946592,-0.0191784,-0.0064470,-0.0533334,-0.0048382,-0.0321662,-0.1354211,-0.4311259,-1.1355038
2.1750000,1.4250000,1.3996592,-0.0188772,-0.0062450,-0.0525981,-0.0047622,-0.0316609,-0.1332941,-0.4243622,-1.1177482
2.1800000,1.4300000,1.4046592,-0.0185816,-0.0060473,-0.0518760,-0.0046877,-0.0311652,-0.1312071,-0.4177253,-1.1003234
2.1850000,1.4350000,1.4096592,-0.0182916,-0.0058539,-0.0511669,-0.0046146,-0.0306787,-0.1291593,-0.4112125,-1.0832222
2.1900000,1.4400000,1.4146592,-0.0180071,-0.0056646,-0.0504705,-0.0045428,-0.0302014,-0.1271496,-0.4048211,-1.0664376
2.1950000,1.4450000,1.4196592,-0.0177278,-0.0054795,-0.0497865,-0.0044724,-0.0297329,-0.1251774,-0.3985484,-1.0499629
2.2000000,1.4500000,1.4246592,-0.0174537,-0.0052983,-0.0491146,-0.0044033,-0.0292731,-0.1232418,-0.3923919,-1.0337915
2.2050000,1.4550000,1.4296592,-0.0171846,-0.0051210,-0.0484546,-0.0043354,-0.0288219,-0.1213420,-0.3863490,-1.0179168
2.2100000,1.4600000,1.4346592,-0.0169206,-0.0049475,-0.0478063,-0.0042688,-0.0283789,-0.1194772,-0.3804174,-1.0023325
2.2150000,1.4650000,1.4396592,-0.0166614,-0.0047777,-0.0471694,-0.0042035,-0.0279442,-0.1176467,-0.3745945,-0.9870324
2.2200000,1.4700000,1.4446592,-0.0164069,-0.0046115,-0.0465436,-0.0041393,-0.0275173,-0.1158498,-0.3688781,-0.9720106
2.2250000,1.4750000,1.4496592,-0.0161571,-0.0044489,-0.0459287,-0.0040763,-0.0270983,-0.1140857,-0.3632660,-0.9572612
2.2300000,1.4800000,1.4546592,-0.0159119,-0.0042897,-0.0453245,-0.0040145,-0.0266869,-0.1123537,-0.3577558,-0.9427783
2.2350000,1.4850000,1.4596592,-0.0156711,-0.0041340,-0.0447307,-0.0039537,-0.0262830,-0.1106531,-0.3523455,-0.9285565
2.2400000,1.4900000,1.4646592,-0.0154346,-0.0039816,-0.0441472,-0.0038941,-0.0258864,-0.1089833,-0.3470329,-0.9145903
2.2450000,1.4950000,1.4696592,-0.0152024,-0.0038324,-0.0435737,-0.0038356,-0.0254969,-0.1073437,-0.3418159,-0.9008743
2.2500000,1.5000000,1.4746592,-0.0149744,-0.0036864,-0.0430101,-0.0037781,-0.0251145,-0.1057335,-0.3366926,-0.8874033
2.2550000,1.5050000,1.4796592,-0.0147505,-0.0035434,-0.0424560,-0.0037216,-0.0247389,-0.1041522,-0.3316610,-0.8741722
2.2600000,1.5100000,1.4846592,-0.0145306,-0.0034036,-0.0419114,-0.0036661,-0.0243700,-0.1025991,-0.3267192,-0.8611762
2.2650000,1.5150000,1.4896592,-0.0143146,-0.0032667,-0.0413759,-0.0036117,-0.0240077,-0.1010737,-0.3218652,-0.8484102
2.2700000,1.5200000,1.4946592,-0.0141024,-0.0031327,-0.0408496,-0.0035581,-0.0236519,-0.0995755,-0.3170974,-0.8358696
2.2750000,1.5250000,1.4996592,-0.0138940,-0.0030015,-0.0403320,-0.0035056,-0.0233023,-0.0981037,-0.3124139,-0.8235499
2.2800000,1.5300000,1.5046592,-0.0136893,-0.0028731,-0.0398232,-0.0034540,-0.0229589,-0.0966580,-0.3078129,-0.8114463
2.2850000,1.5350000,1.5096592,-0.0134882,-0.0027474,-0.0393228,-0.0034032,-0.0226216,-0.0952377,-0.3032928,-0.7995546
2.2900000,1.5400000,1.5146592,-0.0132906,-0.0026244,-0.0388307,-0.0033534,-0.0222902,-0.0938423,-0.2988519,-0.7878704
2.2950000,1.5450000,1.5196592,-0.0130965,-0.0025040,-0.0383468,-0.0033044,-0.0219646,-0.0924713,-0.2944886,-0.7763896
2.3000000,1.5500000,1.5246592,-0.0129057,-0.0023861,-0.0378709,-0.0032563,-0.0216446,-0.0911243,-0.2902013,-0.7651079
2.3050000,1.5550000,1.5296592,-0.0127183,-0.0022707,-0.0374029,-0.0032091,-0.0213303,-0.0898006,-0.2859885,-0.7540215
2.3100000,1.5600000,1.5346592,-0.0125341,-0.0021578,-0.0369424,-0.0031626,-0.0210213,-0.0885000,-0.2818486,-0.7431263
2.3150000,1.5650000,1.5396592,-0.0123532,-0.0020472,-0.0364896,-0.0031170,-0.0207178,-0.0872218,-0.2777802,-0.7324186
2.3200000,1.5700000,1.5446592,-0.0121753,-0.0019390,-0.0360441,-0.0030721,-0.0204194,-0.0859656,-0.2737819,-0.7218945
2.3250000,1.5750000,1.5496592,-0.0120005,-0.0018331,-0.0356058,-0.0030280,-0.0201262,-0.0847311,-0.2698522,-0.7115505
2.3300000,1.5800000,1.5546592,-0.0118287,-0.0017293,-0.0351746,-0.0029847,-0.0198380,-0.0835177,-0.2659897,-0.7013829
2.3350000,1.5850000,1.5596592,-0.0116598,-0.0016278,-0.0347503,-0.0029421,-0.0195547,-0.0823250,-0.2621932,-0.6913883
2.3400000,1.5900000,1.5646592,-0.0114938,-0.0015284,-0.0343329,-0.0029002,-0.0192763,-0.0811527,-0.2584613,-0.6815632
2.3450000,1.5950000,1.5696592,-0.0113306,-0.0014311,-0.0339221,-0.0028590,-0.0190026,-0.0800003,-0.2547928,-0.6719043
2.3500000,1.6000000,1.5746592,-0.0111702,-0.0013359,-0.0335179,-0.0028186,-0.0187335,-0.0788674,-0.2511863,-0.6624082
2.3550000,1.6050000,1.5796592,-0.0110125,-0.0012427,-0.0331201,-0.0027788,-0.0184690,-0.0777536,-0.2476406,-0.6530720
2.3600000,1.6100000,1.5846592,-0.0108574,-0.0011514,-0.0327286,-0.0027397,-0.0182089,-0.0766586,-0.2441547,-0.6438923
2.3650000,1.6150000,1.5896592,-0.0107050,-0.0010621,-0.0323433,-0.0027012,-0.0179532,-0.0755820,-0.2407272,-0.6348662
2.3700000,1.6200000,1.5946592,-0.0105551,-0.0009746,-0.0319640,-0.0026634,-0.0177018,-0.0745234,-0.2373570,-0.6259906
2.3750000,1.6250000,1.5996592,-0.0104077,-0.0008890,-0.0315907,-0.0026263,-0.0174546,-0.0734825,-0.2340431,-0.6172627
2.3800000,1.6300000,1.6046592,-0.0102627,-0.0008052,-0.0312232,-0.0025897,-0.0172115,-0.0724589,-0.2307843,-0.6086795
2.3850000,1.6350000,1.6096592,-0.0101202,-0.0007232,-0.0308614,-0.0025537,-0.0169724,-0.0714524,-0.2275795,-0.6002384
2.3900000,1.6400000,1.6146592,-0.0099800,-0.0006429,-0.0305053,-0.0025184,-0.0167373,-0.0704624,-0.2244278,-0.5919365
2.3950000,1.6450000,1.6196592,-0.0098422,-0.0005643,-0.0301546,-0.0024836,-0.0165061,-0.0694889,-0.2213281,-0.5837712
2.4000000,1.6500000,1.6246592,-0.0097066,-0.0004874,-0.0298093,-0.0024494,-0.0162787,-0.0685314,-0.2182794,-0.5757400
2.4050000,1.6550000,1.6296592,-0.0095732,-0.0004120,-0.0294694,-0.0024158,-0.0160550,-0.0675896,-0.2152807,-0.5678401
2.4100000,1.6600000,1.6346592,-0.0094420,-0.0003383,-0.0291346,-0.0023827,-0.0158350,-0.0666632,-0.2123310,-0.5600692
2.4150000,1.6650000,1.6396592,-0.0093130,-0.0002662,-0.0288049,-0.0023501,-0.0156185,-0.0657519,-0.2094295,-0.5524247
2.4200000,1.6700000,1.6446592,-0.0091861,-0.0001955,-0.0284803,-0.0023181,-0.0154056,-0.0648555,-0.2065752,-0.5449043
2.4250000,1.6750000,1.6496592,-0.0090612,-0.0001264,-0.0281605,-0.0022866,-0.0151962,-0.0639736,-0.2037672,-0.5375057
2.4300000,1.6800000,1.6546592,-0.0089383,-0.0000587,-0.0278456,-0.0022556,-0.0149901,-0.0631061,-0.2010047,-0.5302266
2.4350000,1.6850000,1.6596592,-0.0088175,0.0000075,-0.0275354,-0.0022251,-0.0147874,-0.0622525,-0.1982867,-0.5230646
2.4400000,1.6900000,1.6646592,-0.0086986,0.0000723,-0.0272299,-0.0021951,-0.0145880,-0.0614127,-0.1956125,-0.5160177
2.4450000,1.6950000,1.6696592,-0.0085815,0.0001358,-0.0269289,-0.0021656,-0.0143917,-0.0605864,-0.1929812,-0.5090836
2.4500000,1.7000000,1.6746592,-0.0084664,0.0001978,-0.0266324,-0.0021366,-0.0141986,-0.0597733,-0.1903921,-0.5022604
2.4550000,1.7050000,1.6796592,-0.0083531,0.0002586,-0.0263403,-0.0021080,-0.0140086,-0.0589732,-0.1878443,-0.4955458
2.4600000,1.7100000,1.6846592,-0.0082416,0.0003181,-0.0260526,-0.0020799,-0.0138216,-0.0581859,-0.1853370,-0.4889379
2.4650000,1.7150000,1.6896592,-0.0081319,0.0003763,-0.0257690,-0.0020522,-0.0136375,-0.0574110,-0.1828696,-0.4824348
2.4700000,1.7200000,1.6946592,-0.0080239,0.0004332,-0.0254897,-0.0020249,-0.0134564,-0.0566485,-0.1804413,-0.4760345
2.4750000,1.7250000,1.6996592,-0.0079176,0.0004890,-0.0252144,-0.0019981,-0.0132782,-0.0558980,-0.1780513,-0.4697351
2.4800000,1.7300000,1.7046592,-0.0078130,0.0005435,-0.0249431,-0.0019717,-0.0131028,-0.0551593,-0.1756990,-0.4635348
2.4850000,1.7350000,1.7096592,-0.0077101,0.0005969,-0.0246758,-0.0019458,-0.0129301,-0.0544323,-0.1733836,-0.4574317
2.4900000,1.7400000,1.7146592,-0.0076087,0.0006491,-0.0244124,-0.0019202,-0.0127601,-0.0537166,-0.1711045,-0.4514241
2.4950000,1.7450000,1.7196592,-0.0075090,0.0007002,-0.0241527,-0.0018950,-0.0125928,-0.0530122,-0.1688611,-0.4455102
2.5000000,1.7500000,1.7246592,-0.0074108,0.0007502,-0.0238968,-0.0018703,-0.0124281,-0.0523187,-0.1666527,-0.4396884
2.5050000,1.7550000,1.7296592,-0.0073141,0.0007991,-0.0236446,-0.0018459,-0.0122660,-0.0516361,-0.1644786,-0.4339570
2.5100000,1.7600000,1.7346592,-0.0072189,0.0008469,-0.0233960,-0.0018219,-0.0121063,-0.0509640,-0.1623382,-0.4283143
2.5150000,1.7650000,1.7396592,-0.0071252,0.0008937,-0.0231509,-0.0017982,-0.0119492,-0.0503023,-0.1602309,-0.4227588
2.5200000,1.7700000,1.7446592,-0.0070330,0.0009395,-0.0229093,-0.0017749,-0.0117945,-0.0496509,-0.1581562,-0.4172889
2.5250000,1.7750000,1.7496592,-0.0069422,0.0009843,-0.0226712,-0.0017520,-0.0116421,-0.0490094,-0.1561133,-0.4119030
2.5300000,1.7800000,1.7546592,-0.0068527,0.0010282,-0.0224363,-0.0017295,-0.0114921,-0.0483779,-0.1541019,-0.4065997
2.5350000,1.7850000,1.7596592,-0.0067647,0.0010710,-0.0222048,-0.0017072,-0.0113444,-0.0477560,-0.1521212,-0.4013775
2.5400000,1.7900000,1.7646592,-0.0066779,0.0011129,-0.0219766,-0.0016854,-0.0111990,-0.0471436,-0.1501708,-0.3962350
2.5450000,1.7950000,1.7696592,-0.0065925,0.0011539,-0.0217515,-0.0016638,-0.0110557,-0.0465405,-0.1482502,-0.3911706
2.5500000,1.8000000,1.7746592,-0.0065084,0.0011940,-0.0215296,-0.0016426,-0.0109147,-0.0459466,-0.1463587,-0.3861832
2.5550000,1.8050000,1.7796592,-0.0064256,0.0012332,-0.0213108,-0.0016217,-0.0107758,-0.0453618,-0.1444959,-0.3812712
2.5600000,1.8100000,1.7846592,-0.0063440,0.0012716,-0.0210950,-0.0016011,-0.0106389,-0.0447857,-0.1426612,-0.3764334
2.5650000,1.8150000,1.7896592,-0.0062637,0.0013091,-0.0208821,-0.0015809,-0.0105042,-0.0442184,-0.1408543,-0.3716684
2.5700000,1.8200000,1.7946592,-0.0061846,0.0013457,-0.0206722,-0.0015609,-0.0103715,-0.0436596,-0.1390745,-0.3669751
2.5750000,1.8250000,1.7996592,-0.0061066,0.0013816,-0.0204652,-0.0015412,-0.0102407,-0.0431092,-0.1373214,-0.3623521
2.5800000,1.8300000,1.8046592,-0.0060298,0.0014166,-0.0202610,-0.0015219,-0.0101120,-0.0425670,-0.1355946,-0.3577982
2.5850000,1.8350000,1.8096592,-0.0059542,0.0014509,-0.0200596,-0.0015028,-0.0099851,-0.0420330,-0.1338935,-0.3533123
2.5900000,1.8400000,1.8146592,-0.0058797,0.0014843,-0.0198609,-0.0014840,-0.0098602,-0.0415069,-0.1322179,-0.3488931
2.5950000,1.8450000,1.8196592,-0.0058063,0.0015171,-0.0196649,-0.0014655,-0.0097371,-0.0409886,-0.1305671,-0.3445395
2.6000000,1.8500000,1.8246592,-0.0057340,0.0015491,-0.0194716,-0.0014472,-0.0096158,-0.0404780,-0.1289407,-0.3402504
2.6050000,1.8550000,1.8296592,-0.0056627,0.0015803,-0.0192808,-0.0014292,-0.0094963,-0.0399749,-0.1273385,-0.3360246
2.6100000,1.8600000,1.8346592,-0.0055926,0.0016109,-0.0190926,-0.0014115,-0.0093786,-0.0394793,-0.1257598,-0.3318610
2.6150000,1.8650000,1.8396592,-0.0055234,0.0016407,-0.0189070,-0.0013941,-0.0092626,-0.0389910,-0.1242044,-0.3277587
2.6200000,1.8700000,1.8446592,-0.0054553,0.0016699,-0.0187238,-0.0013769,-0.0091483,-0.0385098,-0.1226719,-0.3237165
2.6250000,1.8750000,1.8496592,-0.0053881,0.0016983,-0.0185430,-0.0013599,-0.0090357,-0.0380357,-0.1211617,-0.3197335
2.6300000,1.8800000,1.8546592,-0.0053220,0.0017262,-0.0183647,-0.0013432,-0.0089248,-0.0375686,-0.1196737,-0.3158086
2.6350000,1.8850000,1.8596592,-0.0052568,0.0017533,-0.0181886,-0.0013268,-0.0088154,-0.0371082,-0.1182073,-0.3119409
2.6400000,1.8900000,1.8646592,-0.0051925,0.0017799,-0.0180149,-0.0013106,-0.0087077,-0.0366545,-0.1167623,-0.3081293
2.6450000,1.8950000,1.8696592,-0.0051292,0.0018058,-0.0178435,-0.0012946,-0.0086015,-0.0362074,-0.1153382,-0.3043729
2.6500000,1.9000000,1.8746592,-0.0050668,0.0018311,-0.0176744,-0.0012789,-0.0084968,-0.0357668,-0.1139347,-0.3006709
2.6550000,1.9050000,1.8796592,-0.0050053,0.0018558,-0.0175074,-0.0012633,-0.0083937,-0.0353326,-0.1125515,-0.2970222
2.6600000,1.9100000,1.8846592,-0.0049447,0.0018800,-0.0173426,-0.0012481,-0.0082920,-0.0349046,-0.1111882,-0.2934260
2.6650000,1.9150000,1.8896592,-0.0048849,0.0019035,-0.0171799,-0.0012330,-0.0081918,-0.0344827,-0.1098445,-0.2898815
2.6700000,1.9200000,1.8946592,-0.0048260,0.0019265,-0.0170193,-0.0012181,-0.0080931,-0.0340669,-0.1085200,-0.2863877
2.6750000,1.9250000,1.8996592,-0.0047680,0.0019489,-0.0168608,-0.0012035,-0.0079957,-0.0336571,-0.1072145,-0.2829439
2.6800000,1.9300000,1.9046592,-0.0047108,0.0019708,-0.0167044,-0.0011890,-0.0078997,-0.0332531,-0.1059276,-0.2795491
2.6850000,1.9350000,1.9096592,-0.0046544,0.0019922,-0.0165499,-0.0011748,-0.0078052,-0.0328548,-0.1046591,-0.2762026
2.6900000,1.9400000,1.9146592,-0.0045988,0.0020130,-0.0163974,-0.0011608,-0.0077119,-0.0324622,-0.1034085,-0.2729036
2.6950000,1.9450000,1.9196592,-0.0045440,0.0020334,-0.0162469,-0.0011469,-0.0076200,-0.0320752,-0.1021757,-0.2696513
2.7000000,1.9500000,1.9246592,-0.0044899,0.0020532,-0.0160982,-0.0011333,-0.0075293,-0.0316936,-0.1009603,-0.2664449
2.7050000,1.9550000,1.9296592,-0.0044366,0.0020725,-0.0159515,-0.0011199,-0.0074400,-0.0313175,-0.0997620,-0.2632837
2.7100000,1.9600000,1.9346592,-0.0043841,0.0020913,-0.0158065,-0.0011066,-0.0073519,-0.0309466,-0.0985806,-0.2601669
2.7150000,1.9650000,1.9396592,-0.0043323,0.0021097,-0.0156634,-0.0010935,-0.0072650,-0.0305809,-0.0974157,-0.2570938
2.7200000,1.9700000,1.9446592,-0.0042813,0.0021276,-0.0155221,-0.0010806,-0.0071794,-0.0302204,-0.0962672,-0.2540638
2.7250000,1.9750000,1.9496592,-0.0042309,0.0021450,-0.0153826,-0.0010679,-0.0070950,-0.0298648,-0.0951348,-0.2510761
2.7300000,1.9800000,1.9546592,-0.0041813,0.0021620,-0.0152448,-0.0010554,-0.0070117,-0.0295143,-0.0940181,-0.2481299
2.7350000,1.9850000,1.9596592,-0.0041323,0.0021786,-0.0151087,-0.0010431,-0.0069296,-0.0291686,-0.0929169,-0.2452248
2.7400000,1.9900000,1.9646592,-0.0040840,0.0021947,-0.0149743,-0.0010309,-0.0068486,-0.0288277,-0.0918311,-0.2423599
2.7450000,1.9950000,1.9696592,-0.0040364,0.0022104,-0.0148415,-0.0010189,-0.0067688,-0.0284916,-0.0907602,-0.2395346
