# r[nm],d[nm],daligned[nm],UC(d)[kJ/mol],UK(d)[kJ/mol],UCl(d)[kJ/mol],UC2A(d)[kJ/mol],UC4A(d)[kJ/mol],UCPlus(d)[kJ/mol],UCMinus(d)[kJ/mol],UCMoreLJ(d)[kJ/mol],UCLessLJ(d)[kJ/mol]
0.7500000,0.0000000,-0.0138226,187305.3604161,118148.8435363,751151.3573169,11742.8416614,527386.9387649,186139.5339285,188471.1869036,220802.8268109,139647.9693052
0.7550000,0.0050000,-0.0088226,165564.3881831,104148.8939744,664364.8205730,10365.6097927,466257.1067930,164396.8593421,166731.9170240,195173.7251344,123438.7021688
0.7600000,0.0100000,-0.0038226,144791.3696100,90772.8887813,581434.1642663,9050.6092622,407843.4299317,143622.1443126,145960.5949075,170685.6847914,107951.1055853
0.7650000,0.0150000,0.0011774,125369.9578319,78267.8335272,503890.8078152,7822.1569715,353224.5583492,124199.0436787,126540.8719851,147790.9709842,93471.2171836
0.7700000,0.0200000,0.0061774,107557.5501544,66799.4067697,432762.6353331,6696.5184260,303124.4643467,106384.9565555,108730.1437533,126793.0136446,80190.9429027
0.7750000,0.0250000,0.0111774,91497.1556593,56459.6093331,368621.2756143,5682.6701845,257945.7470082,90322.8939417,92671.4173769,107860.3974272,68216.9050402
0.7800000,0.0300000,0.0161774,77234.8462782,47278.0095336,311651.6567450,4783.4176363,217818.6263222,76058.9297945,78410.7627619,91047.4337128,57583.4531291
0.7850000,0.0350000,0.0211774,64739.7875783,39234.6491972,261731.8588225,3996.6762067,182657.1907007,63562.2318169,65917.3433396,76317.7736754,48267.5981535
0.7900000,0.0400000,0.0261774,53924.4079158,32273.0377443,218513.5296896,3316.7601395,152216.0406788,52745.2306112,55103.5852204,63568.1844634,40204.0499252
0.7950000,0.0450000,0.0311774,44662.9636006,26312.1120024,181495.9148461,2735.5677365,126142.4342012,43482.1848438,45843.7423575,52650.4345357,33299.0585861
0.8000000,0.0500000,0.0361774,36807.4482397,21256.4843164,150089.3055390,2243.5961004,104020.9779739,35625.0905880,37989.8058914,43390.0482131,27442.2760276
0.8050000,0.0550000,0.0411774,30200.3832333,17004.6808697,123666.0565849,1845.5041823,85409.5629432,29016.4718189,31384.2946476,35601.3836116,22516.2920132
0.8100000,0.0600000,0.0461774,24684.4697381,13455.3577365,101599.0932882,1501.7221522,69866.4871779,23499.0323744,25869.9071018,29099.0107512,18403.8303263
0.8150000,0.0650000,0.0511774,20109.3748327,10511.6705520,83288.9930336,1217.4197969,56969.5308863,18922.4421179,21296.3075476,23705.7113507,14992.8082846
0.8200000,0.0700000,0.0561774,16336.0848500,8084.0768764,68181.3663821,983.7163522,46328.1985620,15147.6902665,17524.4794335,19257.6107052,12179.5824243
0.8250000,0.0750000,0.0611774,13239.3170374,6091.8877822,55776.4949208,792.6289870,37590.5069551,12049.4970475,14429.1370274,15607.0206449,9870.7465454
0.8300000,0.0800000,0.0661774,10708.4690049,4463.8776239,45633.1368429,637.1190416,30445.6649563,9517.2631396,11899.6748702,12623.5587804,7983.8395846
0.8350000,0.0850000,0.0711774,8647.5322324,3138.2266502,37368.1994958,511.0845576,24623.8423238,7454.9831749,9840.0812899,10194.0465431,6447.2811300
0.8400000,0.0900000,0.0761774,6974.3233336,2062.0243377,30653.6890007,409.3095237,19894.0205158,5780.4769940,8168.1696732,8221.6029682,5199.7982794
0.8450000,0.0950000,0.0811774,5619.3101397,1205.2478797,25212.0417081,327.3875322,16060.7038023,4424.2157214,6814.4045580,6624.2608370,4189.5504120
0.8500000,0.1000000,0.0861774,4524.2384150,500.9327620,20810.6582758,261.6329535,12960.0688028,3327.9484713,5720.5283588,5333.3477963,3373.1053180
0.8550000,0.1050000,0.0911774,3640.7039852,-67.3322169,17256.2178955,208.9878295,10455.9592393,2443.2744645,4838.1335060,4291.8031269,2714.3746300
0.8600000,0.1100000,0.0961774,2928.7659109,-558.1024604,14389.1542679,166.9200240,8435.9946872,1744.9921305,4127.2756318,3452.5428998,2183.5798565
0.8650000,0.1150000,0.1011774,2355.6587627,-973.8535983,12078.5251092,133.3076502,6807.9565806,1170.8676076,3555.1858584,2776.9419554,1771.0282423
0.8700000,0.1200000,0.1061774,1894.6346693,-1301.2484427,10217.3977686,106.3965748,5496.5378006,708.7504561,3095.1128600,2233.4688651,1427.3056798
0.8750000,0.1250000,0.1111774,1538.6827460,-1559.3801436,8718.7977456,84.8448087,4440.4887994,315.1743800,2725.3063667,1811.2235680,1150.9344787
0.8800000,0.1300000,0.1161774,1240.7094688,-1777.8926421,7512.2171768,67.6449944,3590.1581844,-1.1485241,2428.1413163,1459.9611067,928.7765888
0.8850000,0.1350000,0.1211774,1001.2107152,-1938.9591077,6540.6500588,53.9810496,2905.4043483,-251.1254648,2189.3742705,1177.6306841,750.2151042
0.8900000,0.1400000,0.1261774,808.7041249,-2066.4184096,5758.1045398,43.1665365,2353.8431542,-448.9316262,1997.5195948,950.6964920,606.6885488
0.8950000,0.1450000,0.1311774,653.9233918,-2167.3933538,5127.5356399,34.6262890,1909.3917745,-605.6707544,1834.6446404,768.2524117,491.2316590
0.9000000,0.1500000,0.1361774,528.2892622,-2247.4640020,4619.1409266,27.8841574,1561.1812952,-730.4227621,1679.1705615,620.4281421,397.1947204
0.9050000,0.1550000,0.1411774,423.6065998,-2311.0076644,4166.8286298,22.5529391,1253.6090090,-833.0459464,1555.5327434,496.8551671,319.3314300
0.9100000,0.1600000,0.1461774,339.1054292,-2361.4630205,3763.6387254,18.3218863,1008.4602397,-917.2883549,1456.9038763,397.1490953,256.4787344
0.9150000,0.1650000,0.1511774,271.8313881,-2401.5352621,3440.9745726,14.9418297,812.8973026,-984.4576812,1369.3017971,317.8240966,206.3668953
0.9200000,0.1700000,0.1561774,218.2704669,-2433.3554686,3182.2187539,12.2157542,656.5498897,-1037.8322858,1291.3212484,254.6788494,166.4493581
0.9250000,0.1750000,0.1611774,175.5714793,-2458.6045076,2974.2722195,9.9922403,531.2896278,-1080.2500630,1229.3719614,204.3417839,134.6200485
0.9300000,0.1800000,0.1661774,141.4860349,-2478.6094618,2781.2354330,8.1513679,430.7304748,-1113.9584577,1180.0875418,164.1601560,109.2074866
0.9350000,0.1850000,0.1711774,114.2433486,-2494.4187903,2618.6027100,6.5902206,349.8433247,-1140.7275414,1140.7722783,132.0462876,88.8910389
0.9400000,0.1900000,0.1761774,92.4456325,-2506.8610312,2488.0952078,5.2240276,284.6582713,-1161.9531903,1109.2506347,106.3535903,72.6246629
0.9450000,0.1950000,0.1811774,74.9854638,-2516.5907678,2383.0693796,4.0008488,232.0341236,-1178.7393259,1065.6644145,85.7794492,59.5755820
0.9500000,0.2000000,0.1861774,60.9810790,-2524.1247305,2298.3056737,2.9057962,189.4795697,-1191.9794202,1023.5141151,69.2892589,49.0755189
0.9550000,0.2050000,0.1911774,49.7251843,-2529.8702527,2229.6922286,1.9430271,155.0139271,-1202.5480245,989.5702986,56.0568745,40.5813983
0.9600000,0.2100000,0.1961774,40.6431816,-2548.9303990,2161.8305423,1.1141380,127.0579252,-1211.5913791,962.1405875,45.4168225,33.6480408
0.9650000,0.2150000,0.2011774,33.2617493,-2564.2406444,2069.8775812,0.4103676,104.3471467,-1219.7689038,939.8875751,36.8249971,27.9199640
0.9700000,0.2200000,0.2061774,27.1958485,-2575.9371956,1995.1346669,-0.1841095,85.8632416,-1227.5157375,921.7704515,29.8315633,23.1343672
0.9750000,0.2250000,0.2111774,22.1525499,-2584.7563589,1934.2201482,-0.6868053,70.7791543,-1239.8479500,906.9804198,24.0742562,19.1095511
0.9800000,0.2300000,0.2161774,17.9270495,-2591.2658188,1884.4372609,-1.1128333,58.4138018,-1251.6720908,894.8606684,19.2837080,15.7136878
0.9850000,0.2350000,0.2211774,14.3753411,-2595.9050897,1856.7824274,-1.4726733,48.1978074,-1260.9382606,881.2654932,15.2735953,12.8376256
0.9900000,0.2400000,0.2261774,11.3825618,-2600.7795293,1824.4660600,-1.7730520,39.6653652,-1268.0732162,861.0545429,11.9093575,10.3874121
0.9950000,0.2450000,0.2311774,8.8492093,-2604.3762657,1796.6234770,-2.0199931,32.4711169,-1273.4795406,843.6217092,9.0798710,8.2894988
1.0000000,0.2500000,0.2361774,6.6940821,-2606.5764960,1773.3527208,-2.2204365,26.3867044,-1277.4770677,828.5648474,6.6891199,6.4928444
1.0050000,0.2550000,0.2411774,4.8584175,-2607.6305197,1737.6073822,-2.3807779,21.2547417,-1280.3208128,815.1981582,4.6609836,4.9615579
1.0100000,0.2600000,0.2461774,3.3011102,-2607.7285684,1699.6025788,-2.5047676,16.9417237,-1282.2150625,803.0098271,2.9413044,3.6648445
1.0150000,0.2650000,0.2511774,1.9888683,-2607.0159543,1665.7280295,-2.5935381,13.3207335,-1283.3237979,792.0588582,1.4910136,2.5717822
1.0200000,0.2700000,0.2561774,0.8896281,-2605.6043730,1634.9369108,-2.6474789,10.2755192,-1283.7788924,782.7150492,0.2767312,1.6511265
1.0250000,0.2750000,0.2611774,-0.0287274,-2603.5803752,1606.8772162,-2.6680134,7.7089702,-1283.6867702,774.9607289,-0.7341446,0.8728342
1.0300000,0.2800000,0.2661774,-0.7972599,-2601.0117357,1581.6070987,-2.6582144,5.5458500,-1283.1338493,768.5606363,-1.5738007,0.2097159
1.0350000,0.2850000,0.2711774,-1.4445245,-2597.9522510,1560.3968338,-2.6224600,3.7280468,-1282.1909556,763.2551183,-2.2728797,-0.3607190
1.0400000,0.2900000,0.2761774,-1.9947542,-2594.4453537,1542.8689630,-2.5657367,2.2070515,-1280.9168188,758.8116884,-2.8590350,-0.8549274
1.0450000,0.2950000,0.2811774,-2.4661378,-2590.5268310,1528.3344315,-2.4930072,0.9388921,-1279.3606989,755.0286991,-3.3549609,-1.2838010
1.0500000,0.3000000,0.2861774,-2.8707626,-2586.2268609,1516.1975835,-2.4087940,-0.1172603,-1277.5641577,751.7363779,-3.7769252,-1.6547324
1.0550000,0.3050000,0.2911774,-3.2165770,-2581.5715281,1505.9797926,-2.3169721,-0.9986781,-1275.5620125,748.8060624,-4.1354332,-1.9735376
1.0600000,0.3100000,0.2961774,-3.5096486,-2576.5839429,1497.3000663,-2.2207149,-1.7385108,-1273.3826406,746.1564409,-4.4376370,-2.2450814
1.0650000,0.3150000,0.3011774,-3.7550703,-2571.2850549,1489.8536436,-2.1225323,-2.3651161,-1271.0479821,743.7444173,-4.6893228,-2.4730600
1.0700000,0.3200000,0.3061774,-3.9566983,-2581.8375159,1483.3919695,-2.0243603,-2.9010626,-1268.5737078,741.5461016,-4.8952559,-2.6599683
1.0750000,0.3250000,0.3111774,-4.1169452,-2616.2005920,1477.7053149,-1.9276717,-3.3625963,-1265.9699203,739.5417895,-5.0586891,-2.8076213
1.0800000,0.3300000,0.3161774,-4.2372766,-2644.1686706,1472.6136512,-1.8335828,-3.7605295,-1263.2424537,737.7100414,-5.1813526,-2.9178933
1.0850000,0.3350000,0.3211774,-4.3191062,-2666.3829158,1467.9705928,-1.7429422,-4.1021701,-1260.3945067,736.0276267,-5.2642482,-2.9932340
1.0900000,0.3400000,0.3261774,-4.3645083,-2683.4697119,1463.6734670,-1.6563893,-4.3929496,-1257.4282104,734.4712638,-5.3086710,-3.0368026
1.0950000,0.3450000,0.3311774,-4.3764696,-2696.0266850,1459.6633356,-1.5743843,-4.6370418,-1254.3458205,733.0191573,-5.3168587,-3.0523099
1.1000000,0.3500000,0.3361774,-4.3587481,-2704.6132470,1455.9098192,-1.4972132,-4.8374075,-1251.1504290,731.6518631,-5.2921021,-3.0437365
1.1050000,0.3550000,0.3411774,-4.3155427,-2709.7448659,1452.3926063,-1.4249776,-4.9959925,-1247.8473995,730.3525905,-5.2384820,-3.0150560
1.1100000,0.3600000,0.3461774,-4.2511454,-2711.8902919,1449.0907629,-1.3575852,-5.1142883,-1248.7787046,729.1071574,-5.1604667,-2.9700278
1.1150000,0.3650000,0.3511774,-4.1696678,-2711.4710428,1445.9802793,-1.2947572,-5.1939894,-1263.8071384,727.9037675,-5.0625371,-2.9120722
1.1200000,0.3700000,0.3561774,-4.0748701,-2708.8625386,1443.0354751,-1.2360684,-5.2374304,-1275.7875210,726.7327169,-4.9489142,-2.8442155
1.1250000,0.3750000,0.3611774,-3.9700807,-2704.3963792,1440.2310217,-1.1810141,-5.2476944,-1284.7527569,725.5860907,-4.8234019,-2.7690825
1.1300000,0.3800000,0.3661774,-3.8581807,-2698.3633545,1437.5433825,-1.1290889,-5.2284675,-1291.1525786,724.4574773,-4.6893247,-2.6889139
1.1350000,0.3850000,0.3711774,-3.7416261,-2691.0168655,1434.9515478,-1.0798709,-5.1837734,-1295.3788181,723.3417149,-4.5495299,-2.6055947
1.1400000,0.3900000,0.3761774,-3.6224838,-2682.5765149,1432.4372597,-1.0331346,-5.1176985,-1297.7707600,722.2346727,-4.4064242,-2.5206842
1.1450000,0.3950000,0.3811774,-3.5024692,-2673.2316905,1429.9849386,-0.9889889,-5.0341649,-1298.6207471,721.1330654,-4.2620188,-2.4354475
1.1500000,0.4000000,0.3861774,-3.3829807,-2663.1450196,1427.5814606,-0.9479824,-4.9367761,-1298.1795887,720.0342985,-4.1179726,-2.3508921
1.1550000,0.4050000,0.3911774,-3.2651340,-2652.4556149,1425.2158751,-0.9110992,-4.8287300,-1296.6616420,718.9363406,-3.9756283,-2.2678104
1.1600000,0.4100000,0.3961774,-3.1498029,-2641.2820652,1422.8791146,-0.8795389,-4.7127924,-1294.2494931,717.8376170,-3.8360490,-2.1868273
1.1650000,0.4150000,0.4011774,-3.0376677,-2629.7251478,1420.5637197,-0.8542644,-4.5913115,-1291.0982008,716.7369234,-3.7000609,-2.1084448
1.1700000,0.4200000,0.4061774,-2.9292667,-2617.8702587,1418.2635926,-0.8356254,-4.4662573,-1287.3390949,715.6333551,-3.5683057,-2.0330707
1.1750000,0.4250000,0.4111774,-2.8250374,-2605.7895666,1415.9737798,-0.8233062,-4.3392689,-1283.0831448,714.5262488,-3.4412942,-1.9610267
1.1800000,0.4300000,0.4161774,-2.7253324,-2593.5439067,1413.6902859,-0.8163713,-4.2117006,-1278.4240067,713.4151353,-3.3194457,-1.8925331
1.1850000,0.4350000,0.4211774,-2.6304055,-2581.1844330,1411.4099147,-0.8133002,-4.0846623,-1273.4414700,712.2997012,-3.2030950,-1.8276813
1.1900000,0.4400000,0.4261774,-2.5403745,-2568.7540517,1409.1301345,-0.8121726,-3.9590585,-1268.2072560,711.1797574,-3.0924639,-1.7664112
1.1950000,0.4450000,0.4311774,-2.4551825,-2556.2886582,1406.8489645,-0.8109799,-3.8356282,-1262.7929288,710.0552138,-2.9876103,-1.7085234
1.2000000,0.4500000,0.4361774,-2.3745916,-2544.5930437,1404.5648801,-0.8080468,-3.7149880,-1257.2714224,708.9260582,-2.8883858,-1.6537469
1.2050000,0.4550000,0.4411774,-2.2982431,-2532.9116880,1402.2767329,-0.8025533,-3.5976700,-1251.7040421,707.7923400,-2.7944451,-1.6018607
1.2100000,0.4600000,0.4461774,-2.2257890,-2521.0023874,1399.9836840,-0.7947331,-3.4841463,-1246.1235959,706.6541562,-2.7053389,-1.5528265
1.2150000,0.4650000,0.4511774,-2.1570569,-2508.9519517,1397.6851482,-0.7853822,-3.3748266,-1240.5336863,705.5116401,-2.6206818,-1.5068731
1.2200000,0.4700000,0.4561774,-2.0921751,-2496.8273145,1395.3807475,-0.7750982,-3.2700292,-1234.9243667,704.3649531,-2.5403357,-1.4644887
1.2250000,0.4750000,0.4611774,-2.0315968,-2484.6800288,1393.0702724,-0.7639184,-3.1699382,-1229.2870442,703.2142768,-2.4645238,-1.4263138
1.2300000,0.4800000,0.4661774,-1.9760011,-2472.5497227,1390.7536492,-0.7514421,-3.0745776,-1223.6194779,702.0598075,-2.3938171,-1.3929456
1.2350000,0.4850000,0.4711774,-1.9260777,-2460.4667595,1388.4309135,-0.7371407,-2.9838340,-1217.9247350,700.9017513,-2.3289784,-1.3646893
1.2400000,0.4900000,0.4761774,-1.8822321,-2448.4542926,1386.1021878,-0.7206276,-2.8975404,-1212.2094311,699.7403207,-2.2706809,-1.3413503
1.2450000,0.4950000,0.4811774,-1.8443181,-2436.5298556,1383.7676627,-0.7018035,-2.8155960,-1206.4826039,698.5757312,-2.2191685,-1.3221672
1.2500000,0.5000000,0.4861774,-1.8115257,-2424.7065957,1381.4275816,-0.6808650,-2.7380698,-1200.7547340,697.4081992,-2.1740029,-1.3059212
1.2550000,0.5050000,0.4911774,-1.7824812,-2412.9942327,1379.0822284,-0.6582222,-2.6652392,-1195.0367063,696.2379401,-2.1340237,-1.2911973
1.2600000,0.5100000,0.4961774,-1.7555368,-2401.3998064,1376.7319167,-0.6343863,-2.5975296,-1189.3388940,695.0651667,-2.0975455,-1.2767283
1.2650000,0.5150000,0.5011774,-1.7291716,-2389.9282603,1374.3769813,-0.6098748,-2.5353495,-1183.6705405,693.8900885,-2.0627431,-1.2616719
1.2700000,0.5200000,0.5061774,-1.7023428,-2378.5828979,1372.0177714,-0.5851504,-2.4788686,-1178.0394604,692.7129102,-2.0281051,-1.2456619
1.2750000,0.5250000,0.5111774,-1.6745895,-2367.3657408,1369.6546447,-0.5605931,-2.4278281,-1172.4519884,691.5338315,-1.9927459,-1.2286310
1.2800000,0.5300000,0.5161774,-1.6458473,-2356.2778103,1367.2879628,-0.5364944,-2.3814721,-1166.9130784,690.3530467,-1.9563902,-1.2105709
1.2850000,0.5350000,0.5211774,-1.6161537,-2345.3193478,1364.9180878,-0.5130647,-2.3386410,-1161.4264764,689.1707441,-1.9190843,-1.1913900
1.2900000,0.5400000,0.5261774,-1.5854496,-2334.4899898,1362.5453790,-0.4904467,-2.2980129,-1155.9949143,687.9871059,-1.8808772,-1.1709036
1.2950000,0.5450000,0.5311774,-1.5535459,-2323.7889050,1360.1701908,-0.4687288,-2.2583996,-1150.6202955,686.8023083,-1.8416639,-1.1489039
1.3000000,0.5500000,0.5361774,-1.5202003,-2313.2149034,1357.7928707,-0.4479582,-2.2189553,-1145.3038601,685.6165213,-1.8012046,-1.1252423
1.3050000,0.5550000,0.5411774,-1.4852212,-2302.7665215,1355.4137582,-0.4281520,-2.1792007,-1140.0463241,684.4299085,-1.7592357,-1.0998846
1.3100000,0.5600000,0.5461774,-1.4485446,-2292.4420907,1353.0331835,-0.4093054,-2.1388965,-1134.8479930,683.2426275,-1.7155845,-1.0729265
1.3150000,0.5650000,0.5511774,-1.4102609,-2282.2397911,1350.6514670,-0.3913988,-2.0978851,-1129.7088537,682.0548300,-1.6702391,-1.0445753
1.3200000,0.5700000,0.5561774,-1.3705994,-2272.1576939,1348.2689188,-0.3744024,-2.0559951,-1124.6286477,680.8666617,-1.6233610,-1.0151151
1.3250000,0.5750000,0.5611774,-1.3298871,-2262.1937951,1345.8858379,-0.3582803,-2.0130278,-1119.6069286,679.6782627,-1.5752535,-0.9848665
1.3300000,0.5800000,0.5661774,-1.2884999,-2252.3460418,1343.5025128,-0.3429929,-1.9687981,-1114.6431069,678.4897672,-1.5263098,-0.9541539
1.3350000,0.5850000,0.5711774,-1.2468204,-2242.6123540,1341.1192208,-0.3284989,-1.9231880,-1109.7364860,677.3013043,-1.4769579,-0.9232802
1.3400000,0.5900000,0.5761774,-1.2052067,-2232.9906402,1338.7362286,-0.3147565,-1.8761853,-1104.8862893,676.1129978,-1.4276168,-0.8925132
1.3450000,0.5950000,0.5811774,-1.1639732,-2223.4788109,1336.3537919,-0.3017247,-1.8278962,-1100.0916828,674.9249664,-1.3786663,-0.8620784
1.3500000,0.6000000,0.5861774,-1.1233828,-2214.0747884,1333.9721562,-0.2893634,-1.7785309,-1095.3517910,673.7373239,-1.3304306,-0.8321586
1.3550000,0.6050000,0.5911774,-1.0836448,-2204.7765149,1331.5915564,-0.2776341,-1.7283753,-1090.6657114,672.5501795,-1.2831728,-0.8028959
1.3600000,0.6100000,0.5961774,-1.0449192,-2195.5819585,1329.2122176,-0.2665001,-1.6777564,-1086.0325239,671.3636378,-1.2370963,-0.7743969
1.3650000,0.6150000,0.6011774,-1.0073216,-2186.4891175,1326.8343553,-0.2559266,-1.6270105,-1081.4512997,670.1777991,-1.1923501,-0.7467373
1.3700000,0.6200000,0.6061774,-0.9709305,-2177.4960241,1324.4581752,-0.2458808,-1.5764592,-1076.9211075,668.9927595,-1.1490363,-0.7199675
1.3750000,0.6250000,0.6111774,-0.9357935,-2168.6007470,1322.0838745,-0.2363316,-1.5263925,-1072.4410181,667.8086112,-1.1072183,-0.6941173
1.3800000,0.6300000,0.6161774,-0.9019338,-2159.8013927,1319.7116413,-0.2272499,-1.4770601,-1068.0101091,666.6254423,-1.0669281,-0.6691998
1.3850000,0.6350000,0.6211774,-0.8693552,-2151.0961072,1317.3416555,-0.2186086,-1.4286679,-1063.6274673,665.4433376,-1.0281730,-0.6452159
1.3900000,0.6400000,0.6261774,-0.8380469,-2142.4830764,1314.9740888,-0.2103819,-1.3813796,-1059.2921911,664.2623779,-0.9909417,-0.6221562
1.3950000,0.6450000,0.6311774,-0.8079869,-2133.9605265,1312.6091053,-0.2025461,-1.3353193,-1055.0033925,663.0826410,-0.9552084,-0.6000042
1.4000000,0.6500000,0.6361774,-0.7791452,-2125.5267242,1310.2468618,-0.1950787,-1.2905761,-1050.7601983,661.9042013,-0.9209373,-0.5787382
1.4050000,0.6550000,0.6411774,-0.7514862,-2117.1799761,1307.8875078,-0.1879588,-1.2472099,-1046.5617511,660.7271300,-0.8880852,-0.5583326
1.4100000,0.6600000,0.6461774,-0.7249705,-2108.9186291,1305.5311860,-0.1811668,-1.2052555,-1042.4072100,659.5514954,-0.8566043,-0.5387590
1.4150000,0.6650000,0.6511774,-0.6995563,-2100.7410690,1303.1780329,-0.1746845,-1.1647276,-1038.2957508,658.3773630,-0.8264436,-0.5199878
1.4200000,0.6700000,0.6561774,-0.6752006,-2092.6457207,1300.8281786,-0.1684946,-1.1256251,-1034.2265670,657.2047953,-0.7975507,-0.5019883
1.4250000,0.6750000,0.6611774,-0.6518599,-2084.6310468,1298.4817472,-0.1625812,-1.0879339,-1030.1988690,656.0338524,-0.7698728,-0.4847297
1.4300000,0.6800000,0.6661774,-0.6294909,-2076.6955477,1296.1388572,-0.1569292,-1.0516306,-1026.2118850,654.8645918,-0.7433571,-0.4681810
1.4350000,0.6850000,0.6711774,-0.6080513,-2068.8377597,1293.7996218,-0.1515246,-1.0166843,-1022.2648602,653.6970685,-0.7179521,-0.4523120
1.4400000,0.6900000,0.6761774,-0.5874994,-2061.0562554,1291.4641488,-0.1463542,-0.9830590,-1018.3570573,652.5313353,-0.6936073,-0.4370929
1.4450000,0.6950000,0.6811774,-0.5677950,-2053.3496419,1289.1325413,-0.1414057,-0.9507150,-1014.4877557,651.3674426,-0.6702738,-0.4224950
1.4500000,0.7000000,0.6861774,-0.5488993,-2045.7165604,1286.8048973,-0.1366674,-0.9196101,-1010.6562520,650.2054388,-0.6479047,-0.4084903
1.4550000,0.7050000,0.6911774,-0.5307750,-2038.1556855,1284.4813107,-0.1321286,-0.8897009,-1006.8618588,649.0453701,-0.6264547,-0.3950521
1.4600000,0.7100000,0.6961774,-0.5133861,-2030.6657238,1282.1618708,-0.1277789,-0.8609431,-1003.1039053,647.8872808,-0.6058806,-0.3821544
1.4650000,0.7150000,0.7011774,-0.4966986,-2023.2454136,1279.8466629,-0.1236089,-0.8332925,-999.3817364,646.7312134,-0.5861411,-0.3697727
1.4700000,0.7200000,0.7061774,-0.4806796,-2015.8935240,1277.5357681,-0.1196094,-0.8067053,-995.6947125,645.5772084,-0.5671969,-0.3578833
1.4750000,0.7250000,0.7111774,-0.4652983,-2008.6088537,1275.2292640,-0.1157720,-0.7811386,-992.0422094,644.4253046,-0.5490105,-0.3464637
1.4800000,0.7300000,0.7161774,-0.4505248,-2001.3902306,1272.9272245,-0.1120887,-0.7565502,-988.4236175,643.2755392,-0.5315464,-0.3354923
1.4850000,0.7350000,0.7211774,-0.4363310,-1994.2365109,1270.6297200,-0.1085520,-0.7328994,-984.8383419,642.1279476,-0.5147707,-0.3249487
1.4900000,0.7400000,0.7261774,-0.4226902,-1987.1465783,1268.3368175,-0.1051548,-0.7101467,-981.2858018,640.9825637,-0.4986514,-0.3148134
1.4950000,0.7450000,0.7311774,-0.4095770,-1980.1193434,1266.0485810,-0.1018905,-0.6882539,-977.7654301,639.8394201,-0.4831579,-0.3050679
1.5000000,0.7500000,0.7361774,-0.3969672,-1973.1537424,1263.7650712,-0.0987526,-0.6671844,-974.2766733,638.6985478,-0.4682615,-0.2956945
1.5050000,0.7550000,0.7411774,-0.3848378,-1966.2487374,1261.4863462,-0.0957354,-0.6469030,-970.8189910,637.5599763,-0.4539346,-0.2866766
1.5100000,0.7600000,0.7461774,-0.3731672,-1959.4033149,1259.2124610,-0.0928331,-0.6273759,-967.3918553,636.4237339,-0.4401514,-0.2779981
1.5150000,0.7650000,0.7511774,-0.3619347,-1952.6164851,1256.9434682,-0.0900404,-0.6085708,-963.9947510,635.2898476,-0.4268872,-0.2696441
1.5200000,0.7700000,0.7561774,-0.3511208,-1945.8872820,1254.6794175,-0.0873524,-0.5904568,-960.6271750,634.1583432,-0.4141187,-0.2616000
1.5250000,0.7750000,0.7611774,-0.3407067,-1939.2147618,1252.4203565,-0.0847642,-0.5730044,-957.2886359,633.0292453,-0.4018236,-0.2538523
1.5300000,0.7800000,0.7661774,-0.3306749,-1932.5980032,1250.1663302,-0.0822715,-0.5561854,-953.9786537,631.9025772,-0.3899809,-0.2463879
1.5350000,0.7850000,0.7711774,-0.3210086,-1926.0361060,1247.9173812,-0.0798698,-0.5399729,-950.6967596,630.7783613,-0.3785708,-0.2391946
1.5400000,0.7900000,0.7761774,-0.3116919,-1919.5281910,1245.6735504,-0.0775553,-0.5243413,-947.4424958,629.6566187,-0.3675742,-0.2322607
1.5450000,0.7950000,0.7811774,-0.3027096,-1913.0733994,1243.4348760,-0.0753241,-0.5092660,-944.2154149,628.5373699,-0.3569732,-0.2255749
1.5500000,0.8000000,0.7861774,-0.2940475,-1906.6708918,1241.2013946,-0.0731726,-0.4947238,-941.0150797,627.4206339,-0.3467507,-0.2191267
1.5550000,0.8050000,0.7911774,-0.2856918,-1900.3198485,1238.9731407,-0.0710973,-0.4806923,-937.8410634,626.3064290,-0.3368906,-0.2129061
1.5600000,0.8100000,0.7961774,-0.2776295,-1894.0194682,1236.7501471,-0.0690949,-0.4671504,-934.6929484,625.1947726,-0.3273773,-0.2069034
1.5650000,0.8150000,0.8011774,-0.2698484,-1887.7689677,1234.5324445,-0.0671625,-0.4540779,-931.5703269,624.0856811,-0.3181963,-0.2011095
1.5700000,0.8200000,0.8061774,-0.2623367,-1881.5675817,1232.3200622,-0.0652970,-0.4414554,-928.4728004,622.9791702,-0.3093337,-0.1955158
1.5750000,0.8250000,0.8111774,-0.2550831,-1875.4145622,1230.1130277,-0.0634956,-0.4292646,-925.3999790,621.8752546,-0.3007761,-0.1901139
1.5800000,0.8300000,0.8161774,-0.2480772,-1869.3091776,1227.9113668,-0.0617557,-0.4174880,-922.3514818,620.7739484,-0.2925110,-0.1848962
1.5850000,0.8350000,0.8211774,-0.2413087,-1863.2507129,1225.7151039,-0.0600748,-0.4061088,-919.3269363,619.6752646,-0.2845265,-0.1798549
1.5900000,0.8400000,0.8261774,-0.2347681,-1857.2384689,1223.5242620,-0.0584504,-0.3951111,-916.3259783,618.5792159,-0.2768110,-0.1749831
1.5950000,0.8450000,0.8311774,-0.2284461,-1851.2717619,1221.3388625,-0.0568803,-0.3844796,-913.3482517,617.4858140,-0.2693537,-0.1702738
1.6000000,0.8500000,0.8361774,-0.2223340,-1845.3499232,1219.1589255,-0.0553623,-0.3742000,-910.3934081,616.3950699,-0.2621442,-0.1657207
1.6050000,0.8550000,0.8411774,-0.2164235,-1839.4722987,1216.9844698,-0.0538943,-0.3642583,-907.4611067,615.3069940,-0.2551727,-0.1613175
1.6100000,0.8600000,0.8461774,-0.2107065,-1833.6382487,1214.8155129,-0.0524743,-0.3546412,-904.5510142,614.2215960,-0.2484298,-0.1570583
1.6150000,0.8650000,0.8511774,-0.2051755,-1827.8471471,1212.6520710,-0.0511005,-0.3453362,-901.6628045,613.1388851,-0.2419064,-0.1529375
1.6200000,0.8700000,0.8561774,-0.1998233,-1822.0983818,1210.4941592,-0.0497710,-0.3363312,-898.7961586,612.0588699,-0.2355941,-0.1489498
1.6250000,0.8750000,0.8611774,-0.1946430,-1816.3913533,1208.3417915,-0.0484841,-0.3276147,-895.9507642,610.9815582,-0.2294846,-0.1450899
1.6300000,0.8800000,0.8661774,-0.1896278,-1810.7254754,1206.1949807,-0.0472382,-0.3191756,-893.1263158,609.9069574,-0.2235701,-0.1413531
1.6350000,0.8850000,0.8711774,-0.1847717,-1805.1001741,1204.0537386,-0.0460317,-0.3110035,-890.3225142,608.8350744,-0.2178432,-0.1377345
1.6400000,0.8900000,0.8761774,-0.1800684,-1799.5148877,1201.9180760,-0.0448632,-0.3030882,-887.5390669,607.7659154,-0.2122967,-0.1342298
1.6450000,0.8950000,0.8811774,-0.1755123,-1793.9690662,1199.7880025,-0.0437311,-0.2954202,-884.7756870,606.6994863,-0.2069239,-0.1308346
1.6500000,0.9000000,0.8861774,-0.1710978,-1788.4621713,1197.6635271,-0.0426342,-0.2879902,-882.0320942,605.6357924,-0.2017182,-0.1275450
1.6550000,0.9050000,0.8911774,-0.1668198,-1782.9936759,1195.5446575,-0.0415711,-0.2807895,-879.3080136,604.5748385,-0.1966735,-0.1243568
1.6600000,0.9100000,0.8961774,-0.1626731,-1777.5630638,1193.4314008,-0.0405406,-0.2738096,-876.6031761,603.5166289,-0.1917837,-0.1212665
1.6650000,0.9150000,0.9011774,-0.1586529,-1772.1698295,1191.3237632,-0.0395414,-0.2670424,-873.9173184,602.4611677,-0.1870432,-0.1182704
1.6700000,0.9200000,0.9061774,-0.1547546,-1753.6866217,1189.2217498,-0.0385725,-0.2604803,-871.2501823,601.4084583,-0.1824465,-0.1153652
1.6750000,0.9250000,0.9111774,-0.1509739,-1748.3778798,1187.1253653,-0.0376327,-0.2541158,-868.6015151,600.3585038,-0.1779885,-0.1125474
1.6800000,0.9300000,0.9161774,-0.1473064,-1743.1054475,1185.0346132,-0.0367210,-0.2479418,-865.9710690,599.3113068,-0.1736641,-0.1098140
1.6850000,0.9350000,0.9211774,-0.1437482,-1737.8688494,1182.9494967,-0.0358364,-0.2419515,-863.3586014,598.2668698,-0.1694686,-0.1071620
1.6900000,0.9400000,0.9261774,-0.1402953,-1732.6676196,1180.8700180,-0.0349780,-0.2361385,-860.7638746,597.2251946,-0.1653973,-0.1045885
1.6950000,0.9450000,0.9311774,-0.1369440,-1727.5013009,1178.7961785,-0.0341447,-0.2304964,-858.1866557,596.1862827,-0.1614458,-0.1020906
1.7000000,0.9500000,0.9361774,-0.1336908,-1722.3694452,1176.7279793,-0.0333358,-0.2250193,-855.6267161,595.1501355,-0.1576101,-0.0996659
1.7050000,0.9550000,0.9411774,-0.1305323,-1717.2716130,1174.6654204,-0.0325503,-0.2197015,-853.0838323,594.1167537,-0.1538859,-0.0973116
1.7100000,0.9600000,0.9461774,-0.1274650,-1712.2073731,1172.6085016,-0.0317875,-0.2145374,-850.5577847,593.0861378,-0.1502695,-0.0950253
1.7150000,0.9650000,0.9511774,-0.1244860,-1707.1763025,1170.5572218,-0.0310466,-0.2095218,-848.0483585,592.0582883,-0.1467571,-0.0928048
1.7200000,0.9700000,0.9561774,-0.1215922,-1702.1779864,1168.5115794,-0.0303268,-0.2046495,-845.5553426,591.0332048,-0.1433452,-0.0906478
1.7250000,0.9750000,0.9611774,-0.1187806,-1697.2120176,1166.4715722,-0.0296274,-0.1999157,-843.0785305,590.0108872,-0.1400303,-0.0885521
1.7300000,0.9800000,0.9661774,-0.1160486,-1692.2779969,1164.4371975,-0.0289478,-0.1953157,-840.6177193,588.9913346,-0.1368092,-0.0865156
1.7350000,0.9850000,0.9711774,-0.1133933,-1687.3755323,1162.4084521,-0.0282872,-0.1908450,-838.1727104,587.9745463,-0.1336787,-0.0845363
1.7400000,0.9900000,0.9761774,-0.1108123,-1682.5042392,1160.3853323,-0.0276451,-0.1864994,-835.7433087,586.9605209,-0.1306357,-0.0826124
1.7450000,0.9950000,0.9811774,-0.1083031,-1677.6637401,1158.3678336,-0.0270207,-0.1822745,-833.3293230,585.9492569,-0.1276773,-0.0807419
1.7500000,1.0000000,0.9861774,-0.1058633,-1672.8536646,1156.3559515,-0.0264136,-0.1781665,-830.9305658,584.9407528,-0.1248008,-0.0789232
1.7550000,1.0050000,0.9911774,-0.1034906,-1668.0736491,1154.3496807,-0.0258231,-0.1741715,-828.5468530,583.9350064,-0.1220034,-0.0771545
1.7600000,1.0100000,0.9961774,-0.1011828,-1663.3233366,1152.3490155,-0.0252488,-0.1702858,-826.1780041,582.9320157,-0.1192826,-0.0754342
1.7650000,1.0150000,1.0011774,-0.0989378,-1658.6023767,1150.3539500,-0.0246900,-0.1665058,-823.8238419,581.9317781,-0.1166358,-0.0737606
1.7700000,1.0200000,1.0061774,-0.0967535,-1653.9104252,1148.3644775,-0.0241463,-0.1628282,-821.4841926,580.9342911,-0.1140607,-0.0721324
1.7750000,1.0250000,1.0111774,-0.0946281,-1649.2471444,1146.3805913,-0.0236172,-0.1592496,-819.1588856,579.9395517,-0.1115550,-0.0705480
1.7800000,1.0300000,1.0161774,-0.0925597,-1644.6122025,1144.4022839,-0.0231023,-0.1557669,-816.8477536,578.9475570,-0.1091163,-0.0690060
1.7850000,1.0350000,1.0211774,-0.0905463,-1640.0052737,1142.4295478,-0.0226011,-0.1523770,-814.5506320,577.9583037,-0.1067427,-0.0675051
1.7900000,1.0400000,1.0261774,-0.0885864,-1635.4260381,1140.4623750,-0.0221131,-0.1490769,-812.2673597,576.9717883,-0.1044320,-0.0660440
1.7950000,1.0450000,1.0311774,-0.0866781,-1630.8741813,1138.5007570,-0.0216379,-0.1458640,-809.9977783,575.9880071,-0.1021823,-0.0646214
1.8000000,1.0500000,1.0361774,-0.0848199,-1626.3493948,1136.5446852,-0.0211752,-0.1427354,-807.7417323,575.0069564,-0.0999916,-0.0632362
1.8050000,1.0550000,1.0411774,-0.0830102,-1621.8513751,1134.5941504,-0.0207245,-0.1396884,-805.4990690,574.0286322,-0.0978581,-0.0618871
1.8100000,1.0600000,1.0461774,-0.0812475,-1617.3798245,1132.6491434,-0.0202855,-0.1367207,-803.2696386,573.0530303,-0.0957801,-0.0605731
1.8150000,1.0650000,1.0511774,-0.0795304,-1612.9344502,1130.7096546,-0.0198578,-0.1338297,-801.0532938,572.0801465,-0.0937557,-0.0592930
1.8200000,1.0700000,1.0561774,-0.0778575,-1608.5149645,1128.7756738,-0.0194411,-0.1310130,-798.8498901,571.1099761,-0.0917835,-0.0580458
1.8250000,1.0750000,1.0611774,-0.0762274,-1604.1210849,1126.8471910,-0.0190351,-0.1282685,-796.6592855,570.1425147,-0.0898617,-0.0568306
1.8300000,1.0800000,1.0661774,-0.0746387,-1599.7525336,1124.9241955,-0.0186393,-0.1255939,-794.4813405,569.1777574,-0.0879889,-0.0556462
1.8350000,1.0850000,1.0711774,-0.0730904,-1595.4090377,1123.0066767,-0.0182536,-0.1229871,-792.3159180,568.2156994,-0.0861635,-0.0544920
1.8400000,1.0900000,1.0761774,-0.0715811,-1591.0903288,1121.0946235,-0.0178775,-0.1204461,-790.1628834,567.2563356,-0.0843842,-0.0533668
1.8450000,1.0950000,1.0811774,-0.0701097,-1586.7961432,1119.1880246,-0.0175109,-0.1179688,-788.0221046,566.2996608,-0.0826496,-0.0522698
1.8500000,1.1000000,1.0861774,-0.0686751,-1582.5262218,1117.2868686,-0.0171534,-0.1155535,-785.8934514,565.3456698,-0.0809583,-0.0512003
1.8550000,1.1050000,1.0911774,-0.0672761,-1578.2803095,1115.3911436,-0.0168048,-0.1131983,-783.7767962,564.3943570,-0.0793090,-0.0501573
1.8600000,1.1100000,1.0961774,-0.0659117,-1574.0581559,1113.5008378,-0.0164648,-0.1109013,-781.6720135,563.4457170,-0.0777006,-0.0491402
1.8650000,1.1150000,1.1011774,-0.0645810,-1569.8595146,1111.6159391,-0.0161331,-0.1086610,-779.5789798,562.4997442,-0.0761318,-0.0481481
1.8700000,1.1200000,1.1061774,-0.0632828,-1565.6841433,1109.7364349,-0.0158096,-0.1064756,-777.4975740,561.5564328,-0.0746014,-0.0471803
1.8750000,1.1250000,1.1111774,-0.0620164,-1561.5318038,1107.8623129,-0.0154939,-0.1043435,-775.4276767,560.6157768,-0.0731084,-0.0462361
1.8800000,1.1300000,1.1161774,-0.0607807,-1557.4022618,1105.9935601,-0.0151859,-0.1022633,-773.3691709,559.6777704,-0.0716516,-0.0453149
1.8850000,1.1350000,1.1211774,-0.0595748,-1553.2952867,1104.1301638,-0.0148853,-0.1002334,-771.3219412,558.7424075,-0.0702301,-0.0444159
1.8900000,1.1400000,1.1261774,-0.0583981,-1549.2106521,1102.2721108,-0.0145919,-0.0982523,-769.2858744,557.8096819,-0.0688428,-0.0435386
1.8950000,1.1450000,1.1311774,-0.0572494,-1545.1481348,1100.4193879,-0.0143055,-0.0963188,-767.2608590,556.8795874,-0.0674887,-0.0426823
1.9000000,1.1500000,1.1361774,-0.0561282,-1541.1075156,1098.5719816,-0.0140260,-0.0944313,-765.2467855,555.9521176,-0.0661670,-0.0418464
1.9050000,1.1550000,1.1411774,-0.0550337,-1537.0885786,1096.7298784,-0.0137531,-0.0925888,-763.2435460,555.0272662,-0.0648766,-0.0410304
1.9100000,1.1600000,1.1461774,-0.0539649,-1533.0911116,1094.8930645,-0.0134866,-0.0907897,-761.2510346,554.1050267,-0.0636167,-0.0402336
1.9150000,1.1650000,1.1511774,-0.0529214,-1529.1149056,1093.0615262,-0.0132263,-0.0890331,-759.2691470,553.1853924,-0.0623865,-0.0394556
1.9200000,1.1700000,1.1561774,-0.0519023,-1525.1597550,1091.2352493,-0.0129722,-0.0873176,-757.2977806,552.2683568,-0.0611851,-0.0386958
1.9250000,1.1750000,1.1611774,-0.0509069,-1521.2254575,1089.4142198,-0.0127239,-0.0856422,-755.3368343,551.3539131,-0.0600117,-0.0379538
1.9300000,1.1800000,1.1661774,-0.0499347,-1517.3118140,1087.5984235,-0.0124814,-0.0840057,-753.3862090,550.4420545,-0.0588656,-0.0372290
1.9350000,1.1850000,1.1711774,-0.0489850,-1513.4186284,1085.7878459,-0.0122446,-0.0824070,-751.4458068,549.5327743,-0.0577460,-0.0365209
1.9400000,1.1900000,1.1761774,-0.0480571,-1509.5457080,1083.9824726,-0.0120131,-0.0808452,-749.5155316,548.6260654,-0.0566522,-0.0358291
1.9450000,1.1950000,1.1811774,-0.0471506,-1505.6928627,1082.1822890,-0.0117870,-0.0793193,-747.5952887,547.7219209,-0.0555834,-0.0351532
1.9500000,1.2000000,1.1861774,-0.0462647,-1501.8599057,1080.3872805,-0.0115659,-0.0778281,-745.6849848,546.8203338,-0.0545391,-0.0344928
1.9550000,1.2050000,1.1911774,-0.0453989,-1498.0466528,1078.5974322,-0.0113500,-0.0763709,-743.7845283,545.9212970,-0.0535185,-0.0338473
1.9600000,1.2100000,1.1961774,-0.0445528,-1494.2529228,1076.8127292,-0.0111388,-0.0749467,-741.8938288,545.0248034,-0.0525210,-0.0332165
1.9650000,1.2150000,1.2011774,-0.0437257,-1490.4785372,1075.0331567,-0.0109325,-0.0735546,-740.0127974,544.1308458,-0.0515460,-0.0325999
1.9700000,1.2200000,1.2061774,-0.0429172,-1486.7233203,1073.2586996,-0.0107307,-0.0721938,-738.1413465,543.2394170,-0.0505928,-0.0319971
1.9750000,1.2250000,1.2111774,-0.0421267,-1482.9870990,1071.4893427,-0.0105335,-0.0708635,-736.2793900,542.3505097,-0.0496610,-0.0314078
1.9800000,1.2300000,1.2161774,-0.0413539,-1479.2697027,1069.7250708,-0.0103406,-0.0695627,-734.4268428,541.4641165,-0.0487500,-0.0308316
1.9850000,1.2350000,1.2211774,-0.0405982,-1475.5709637,1067.9658688,-0.0101520,-0.0682908,-732.5836214,540.5802301,-0.0478591,-0.0302682
1.9900000,1.2400000,1.2261774,-0.0398592,-1471.8907164,1066.2117211,-0.0099676,-0.0670471,-730.7496434,539.6988432,-0.0469879,-0.0297173
1.9950000,1.2450000,1.2311774,-0.0391364,-1468.2287979,1064.4626125,-0.0097872,-0.0658306,-728.9248275,538.8199482,-0.0461359,-0.0291784
2.0000000,1.2500000,1.2361774,-0.0384295,-1464.5850477,1062.7185275,-0.0096108,-0.0646409,-727.1090940,537.9435377,-0.0453025,-0.0286514
2.0050000,1.2550000,1.2411774,-0.0377380,-1460.9593076,1060.9794506,-0.0094382,-0.0634771,-725.3023639,537.0696042,-0.0444873,-0.0281358
2.0100000,1.2600000,1.2461774,-0.0370615,-1457.3514216,1059.2453661,-0.0092693,-0.0623386,-723.5045596,536.1981403,-0.0436899,-0.0276315
2.0150000,1.2650000,1.2511774,-0.0363997,-1453.7612362,1057.5162585,-0.0091041,-0.0612248,-721.7156048,535.3291382,-0.0429096,-0.0271380
2.0200000,1.2700000,1.2561774,-0.0357521,-1450.1886001,1055.7921122,-0.0089424,-0.0601350,-719.9354239,534.4625904,-0.0421462,-0.0266552
2.0250000,1.2750000,1.2611774,-0.0351185,-1446.6333639,1054.0729113,-0.0087842,-0.0590686,-718.1639428,533.5984894,-0.0413992,-0.0261828
2.0300000,1.2800000,1.2661774,-0.0344983,-1443.0953806,1052.3586403,-0.0086294,-0.0580250,-716.4010880,532.7368274,-0.0406682,-0.0257205
2.0350000,1.2850000,1.2711774,-0.0338914,-1439.5745053,1050.6492832,-0.0084779,-0.0570037,-714.6467876,531.8775968,-0.0399528,-0.0252680
2.0400000,1.2900000,1.2761774,-0.0332974,-1436.0705950,1048.9448243,-0.0083296,-0.0560040,-712.9009702,531.0207899,-0.0392525,-0.0248251
2.0450000,1.2950000,1.2811774,-0.0327160,-1432.5835088,1047.2452478,-0.0081844,-0.0550255,-711.1635658,530.1663991,-0.0385670,-0.0243916
2.0500000,1.3000000,1.2861774,-0.0321467,-1429.1131078,1045.5505377,-0.0080422,-0.0540676,-709.4345050,529.3144165,-0.0378960,-0.0239672
2.0550000,1.3050000,1.2911774,-0.0315895,-1425.6592550,1043.8606782,-0.0079031,-0.0531298,-707.7137198,528.4648345,-0.0372391,-0.0235518
2.0600000,1.3100000,1.2961774,-0.0310438,-1422.2218154,1042.1756534,-0.0077668,-0.0522117,-706.0011427,527.6176452,-0.0365958,-0.0231450
2.0650000,1.3150000,1.3011774,-0.0305095,-1418.8006556,1040.4954474,-0.0076334,-0.0513126,-704.2967075,526.7728410,-0.0359660,-0.0227466
2.0700000,1.3200000,1.3061774,-0.0299863,-1415.3956442,1038.8200441,-0.0075027,-0.0504322,-702.6003486,525.9304141,-0.0353492,-0.0223566
2.0750000,1.3250000,1.3111774,-0.0294740,-1412.0066517,1037.1494276,-0.0073747,-0.0495700,-700.9120016,525.0903565,-0.0347452,-0.0219746
2.0800000,1.3300000,1.3161774,-0.0289721,-1408.6335503,1035.4835820,-0.0072494,-0.0487256,-699.2316026,524.2526607,-0.0341536,-0.0216004
2.0850000,1.3350000,1.3211774,-0.0284806,-1405.2762136,1033.8224912,-0.0071266,-0.0478985,-697.5590888,523.4173187,-0.0335742,-0.0212339
2.0900000,1.3400000,1.3261774,-0.0279991,-1401.9345174,1032.1661394,-0.0070063,-0.0470883,-695.8943982,522.5843227,-0.0330065,-0.0208750
2.0950000,1.3450000,1.3311774,-0.0275274,-1398.6083388,1030.5145103,-0.0068885,-0.0462946,-694.2374697,521.7536649,-0.0324505,-0.0205233
2.1000000,1.3500000,1.3361774,-0.0270653,-1395.2975567,1028.8675882,-0.0067730,-0.0455170,-692.5882428,520.9253374,-0.0319057,-0.0201787
2.1050000,1.3550000,1.3411774,-0.0266125,-1392.0020515,1027.2253569,-0.0066599,-0.0447551,-690.9466578,520.0993325,-0.0313719,-0.0198412
2.1100000,1.3600000,1.3461774,-0.0261688,-1388.7217052,1025.5878005,-0.0065491,-0.0440086,-689.3126561,519.2756422,-0.0308489,-0.0195104
2.1150000,1.3650000,1.3511774,-0.0257340,-1385.4564013,1023.9549029,-0.0064404,-0.0432771,-687.6861794,518.4542588,-0.0303364,-0.0191862
2.1200000,1.3700000,1.3561774,-0.0253079,-1382.2060249,1022.3266483,-0.0063340,-0.0425601,-686.0671705,517.6351744,-0.0298341,-0.0188686
2.1250000,1.3750000,1.3611774,-0.0248903,-1378.9704624,1020.7030205,-0.0062296,-0.0418575,-684.4555728,516.8183812,-0.0293418,-0.0185572
2.1300000,1.3800000,1.3661774,-0.0244810,-1375.7496019,1019.0840036,-0.0061274,-0.0411689,-682.8513304,516.0038713,-0.0288593,-0.0182521
2.1350000,1.3850000,1.3711774,-0.0240798,-1372.5433328,1017.4695816,-0.0060271,-0.0404938,-681.2543881,515.1916368,-0.0283863,-0.0179529
2.1400000,1.3900000,1.3761774,-0.0236865,-1369.3515458,1015.8597386,-0.0059288,-0.0398321,-679.6646914,514.3816699,-0.0279227,-0.0176597
2.1450000,1.3950000,1.3811774,-0.0233009,-1366.1741332,1014.2544587,-0.0058325,-0.0391834,-678.0821865,513.5739629,-0.0274681,-0.0173722
2.1500000,1.4000000,1.3861774,-0.0229229,-1363.0109883,1012.6537258,-0.0057380,-0.0385473,-676.5068202,512.7685078,-0.0270225,-0.0170904
2.1550000,1.4050000,1.3911774,-0.0225522,-1359.8620060,1011.0575241,-0.0056454,-0.0379237,-674.9385401,511.9652968,-0.0265855,-0.0168140
2.1600000,1.4100000,1.3961774,-0.0221888,-1356.7270826,1009.4658378,-0.0055545,-0.0373122,-673.3772943,511.1643222,-0.0261570,-0.0165430
2.1650000,1.4150000,1.4011774,-0.0218323,-1353.6061152,1007.8786508,-0.0054654,-0.0367126,-671.8230315,510.3655760,-0.0257369,-0.0162773
2.1700000,1.4200000,1.4061774,-0.0214828,-1350.4990027,1006.2959474,-0.0053781,-0.0361245,-670.2757012,509.5690505,-0.0253248,-0.0160167
2.1750000,1.4250000,1.4111774,-0.0211400,-1347.4056448,1004.7177117,-0.0052924,-0.0355478,-668.7352533,508.7747378,-0.0249207,-0.0157611
2.1800000,1.4300000,1.4161774,-0.0208037,-1344.3259427,1003.1439279,-0.0052083,-0.0349821,-667.2016384,507.9826303,-0.0245243,-0.0155104
2.1850000,1.4350000,1.4211774,-0.0204739,-1341.2597986,1001.5745803,-0.0051259,-0.0344272,-665.6748077,507.1927200,-0.0241355,-0.0152645
2.1900000,1.4400000,1.4261774,-0.0201503,-1338.2071159,1000.0096530,-0.0050450,-0.0338829,-664.1547129,506.4049993,-0.0237541,-0.0150233
2.1950000,1.4450000,1.4311774,-0.0198329,-1335.1677992,998.4491303,-0.0049656,-0.0333489,-662.6413064,505.6194603,-0.0233799,-0.0147866
2.2000000,1.4500000,1.4361774,-0.0195215,-1332.1417541,996.8929965,-0.0048878,-0.0328250,-661.1345410,504.8360953,-0.0230128,-0.0145545
2.2050000,1.4550000,1.4411774,-0.0192160,-1329.1288875,995.3412360,-0.0048114,-0.0323110,-659.6343700,504.0548966,-0.0226526,-0.0143267
2.2100000,1.4600000,1.4461774,-0.0189162,-1326.1291072,993.7938330,-0.0047365,-0.0318067,-658.1407475,503.2758564,-0.0222992,-0.0141031
2.2150000,1.4650000,1.4511774,-0.0186220,-1323.1423221,992.2507721,-0.0046629,-0.0313118,-656.6536279,502.4989669,-0.0219524,-0.0138838
2.2200000,1.4700000,1.4561774,-0.0183333,-1320.1684422,990.7120375,-0.0045907,-0.0308261,-655.1729661,501.7242206,-0.0216120,-0.0136686
2.2250000,1.4750000,1.4611774,-0.0180499,-1317.2073784,989.1776137,-0.0045199,-0.0303495,-653.6987177,500.9516097,-0.0212780,-0.0134573
2.2300000,1.4800000,1.4661774,-0.0177719,-1314.2590428,987.6474852,-0.0044503,-0.0298817,-652.2308386,500.1811265,-0.0209502,-0.0132500
2.2350000,1.4850000,1.4711774,-0.0174989,-1311.3233484,986.1216365,-0.0043821,-0.0294226,-650.7692852,499.4127633,-0.0206284,-0.0130465
2.2400000,1.4900000,1.4761774,-0.0172310,-1308.4002091,984.6000523,-0.0043151,-0.0289719,-649.3140146,498.6465126,-0.0203126,-0.0128468
2.2450000,1.4950000,1.4811774,-0.0169680,-1305.4895398,983.0827169,-0.0042493,-0.0285295,-647.8649842,497.8823667,-0.0200026,-0.0126507
2.2500000,1.5000000,1.4861774,-0.0167098,-1302.5912564,981.5696151,-0.0041848,-0.0280952,-646.4221517,497.1203179,-0.0196982,-0.0124582
2.2550000,1.5050000,1.4911774,-0.0164563,-1299.7052756,980.0607316,-0.0041214,-0.0276688,-644.9854756,496.3603586,-0.0193994,-0.0122692
2.2600000,1.5100000,1.4961774,-0.0162075,-1296.8315152,978.5560510,-0.0040591,-0.0272502,-643.5549147,495.6024814,-0.0191060,-0.0120837
2.2650000,1.5150000,1.5011774,-0.0159631,-1293.9698936,977.0555581,-0.0039980,-0.0268392,-642.1304282,494.8466785,-0.0188180,-0.0119015
2.2700000,1.5200000,1.5061774,-0.0157232,-1291.1203304,975.5592376,-0.0039380,-0.0264356,-640.7119757,494.0929425,-0.0185351,-0.0117226
2.2750000,1.5250000,1.5111774,-0.0154875,-1288.2827458,974.0670744,-0.0038791,-0.0260393,-639.2995173,493.3412658,-0.0182573,-0.0115469
2.2800000,1.5300000,1.5161774,-0.0152561,-1285.4570611,972.5790533,-0.0038212,-0.0256500,-637.8930136,492.5916409,-0.0179846,-0.0113744
2.2850000,1.5350000,1.5211774,-0.0150289,-1282.6431981,971.0951592,-0.0037644,-0.0252678,-636.4924254,491.8440603,-0.0177167,-0.0112050
2.2900000,1.5400000,1.5261774,-0.0148057,-1279.8410798,969.6153772,-0.0037085,-0.0248924,-635.0977141,491.0985166,-0.0174536,-0.0110386
2.2950000,1.5450000,1.5311774,-0.0145865,-1277.0506297,968.1396920,-0.0036537,-0.0245236,-633.7088414,490.3550022,-0.0171951,-0.0108751
2.3000000,1.5500000,1.5361774,-0.0143711,-1274.2717723,966.6680889,-0.0035998,-0.0241614,-632.3257695,489.6135098,-0.0169413,-0.0107145
2.3050000,1.5550000,1.5411774,-0.0141596,-1271.5044327,965.2005528,-0.0035469,-0.0238056,-630.9484608,488.8740319,-0.0166919,-0.0105568
2.3100000,1.5600000,1.5461774,-0.0139518,-1268.7485369,963.7370689,-0.0034949,-0.0234561,-629.5768782,488.1365611,-0.0164469,-0.0104019
2.3150000,1.5650000,1.5511774,-0.0137476,-1266.0040116,962.2776223,-0.0034438,-0.0231127,-628.2109850,487.4010900,-0.0162062,-0.0102497
2.3200000,1.5700000,1.5561774,-0.0135470,-1263.2707843,960.8221983,-0.0033937,-0.0227753,-626.8507448,486.6676113,-0.0159698,-0.0101001
2.3250000,1.5750000,1.5611774,-0.0133499,-1260.5487831,959.3707821,-0.0033444,-0.0224438,-625.4961216,485.9361177,-0.0157374,-0.0099532
2.3300000,1.5800000,1.5661774,-0.0131563,-1257.8379371,957.9233590,-0.0032959,-0.0221181,-624.1470798,485.2066018,-0.0155091,-0.0098088
2.3350000,1.5850000,1.5711774,-0.0129660,-1255.1381757,956.4799143,-0.0032483,-0.0217981,-622.8035841,484.4790564,-0.0152848,-0.0096669
2.3400000,1.5900000,1.5761774,-0.0127790,-1252.4494293,955.0404335,-0.0032015,-0.0214836,-621.4655994,483.7534741,-0.0150644,-0.0095275
2.3450000,1.5950000,1.5811774,-0.0125952,-1249.7716289,953.6049020,-0.0031555,-0.0211745,-620.1330913,483.0298477,-0.0148477,-0.0093905
2.3500000,1.6000000,1.5861774,-0.0124146,-1247.1047062,952.1733052,-0.0031103,-0.0208707,-618.8060253,482.3081700,-0.0146348,-0.0092558
2.3550000,1.6050000,1.5911774,-0.0122371,-1244.4485935,950.7456288,-0.0030659,-0.0205722,-617.4843677,481.5884337,-0.0144255,-0.0091235
2.3600000,1.6100000,1.5961774,-0.0120626,-1241.8032239,949.3218582,-0.0030222,-0.0202787,-616.1680847,480.8706318,-0.0142199,-0.0089934
2.3650000,1.6150000,1.6011774,-0.0118911,-1239.1685309,947.9019792,-0.0029793,-0.0199903,-614.8571430,480.1547570,-0.0140177,-0.0088655
2.3700000,1.6200000,1.6061774,-0.0117225,-1236.5444489,946.4859774,-0.0029371,-0.0197067,-613.5515097,479.4408022,-0.0138189,-0.0087398
2.3750000,1.6250000,1.6111774,-0.0115567,-1233.9309128,945.0738385,-0.0028957,-0.0194280,-612.2511521,478.7287602,-0.0136235,-0.0086163
2.3800000,1.6300000,1.6161774,-0.0113938,-1231.3278580,943.6655483,-0.0028549,-0.0191540,-610.9560379,478.0186240,-0.0134315,-0.0084948
2.3850000,1.6350000,1.6211774,-0.0112336,-1228.7352207,942.2610928,-0.0028148,-0.0188845,-609.6661349,477.3103866,-0.0132426,-0.0083753
2.3900000,1.6400000,1.6261774,-0.0110761,-1226.1529377,940.8604576,-0.0027754,-0.0186197,-608.3814115,476.6040408,-0.0130569,-0.0082579
2.3950000,1.6450000,1.6311774,-0.0109212,-1223.5809462,939.4636288,-0.0027366,-0.0183592,-607.1018360,475.8995796,-0.0128744,-0.0081424
2.4000000,1.6500000,1.6361774,-0.0107689,-1221.0191842,938.0705923,-0.0026985,-0.0181031,-605.8273775,475.1969960,-0.0126949,-0.0080289
2.4050000,1.6550000,1.6411774,-0.0106192,-1218.4675901,936.6813342,-0.0026610,-0.0178513,-604.5580049,474.4962831,-0.0125183,-0.0079173
2.4100000,1.6600000,1.6461774,-0.0104719,-1215.9261029,935.2958406,-0.0026242,-0.0176037,-603.2936876,473.7974340,-0.0123447,-0.0078075
2.4150000,1.6650000,1.6511774,-0.0103271,-1213.3946623,933.9140976,-0.0025879,-0.0173601,-602.0343953,473.1004415,-0.0121740,-0.0076995
2.4200000,1.6700000,1.6561774,-0.0101847,-1210.8732084,932.5360913,-0.0025523,-0.0171206,-600.7800980,472.4052990,-0.0120061,-0.0075933
2.4250000,1.6750000,1.6611774,-0.0100446,-1208.3616818,931.1618080,-0.0025172,-0.0168850,-599.5307658,471.7119994,-0.0118410,-0.0074889
2.4300000,1.6800000,1.6661774,-0.0099068,-1205.8600239,929.7912340,-0.0024827,-0.0166533,-598.2863692,471.0205360,-0.0116786,-0.0073862
2.4350000,1.6850000,1.6711774,-0.0097713,-1203.3681762,928.4243557,-0.0024488,-0.0164254,-597.0468790,470.3309019,-0.0115188,-0.0072851
2.4400000,1.6900000,1.6761774,-0.0096380,-1200.8860811,927.0611593,-0.0024154,-0.0162012,-595.8122661,469.6430903,-0.0113616,-0.0071857
2.4450000,1.6950000,1.6811774,-0.0095068,-1198.4136814,925.7016314,-0.0023826,-0.0159807,-594.5825018,468.9570943,-0.0112070,-0.0070879
2.4500000,1.7000000,1.6861774,-0.0093778,-1195.9509202,924.3457584,-0.0023503,-0.0157637,-593.3575576,468.2729074,-0.0110549,-0.0069917
2.4550000,1.7050000,1.6911774,-0.0092509,-1193.4977415,922.9935269,-0.0023185,-0.0155503,-592.1374052,467.5905226,-0.0109053,-0.0068971
2.4600000,1.7100000,1.6961774,-0.0091260,-1191.0540893,921.6449234,-0.0022873,-0.0153403,-590.9220166,466.9099333,-0.0107581,-0.0068040
2.4650000,1.7150000,1.7011774,-0.0090031,-1188.6199086,920.2999347,-0.0022565,-0.0151337,-589.7113640,466.2311329,-0.0106133,-0.0067124
2.4700000,1.7200000,1.7061774,-0.0088822,-1186.1951444,918.9585474,-0.0022262,-0.0149304,-588.5054200,465.5541146,-0.0104707,-0.0066223
2.4750000,1.7250000,1.7111774,-0.0087633,-1183.7797425,917.6207482,-0.0021965,-0.0147304,-587.3041571,464.8788718,-0.0103305,-0.0065336
2.4800000,1.7300000,1.7161774,-0.0086462,-1181.3736490,916.2865240,-0.0021672,-0.0145335,-586.1075485,464.2053980,-0.0101925,-0.0064463
2.4850000,1.7350000,1.7211774,-0.0085310,-1178.9768105,914.9558615,-0.0021383,-0.0143398,-584.9155671,463.5336864,-0.0100567,-0.0063604
2.4900000,1.7400000,1.7261774,-0.0084177,-1176.5891741,913.6287478,-0.0021099,-0.0141492,-583.7281865,462.8637307,-0.0099231,-0.0062759
2.4950000,1.7450000,1.7311774,-0.0083061,-1174.2106873,912.3051698,-0.0020820,-0.0139616,-582.5453801,462.1955241,-0.0097916,-0.0061927
2.5000000,1.7500000,1.7361774,-0.0081963,-1171.8412981,910.9851143,-0.0020545,-0.0137770,-581.3671220,461.5290603,-0.0096621,-0.0061108
2.5050000,1.7550000,1.7411774,-0.0080882,-1169.4809548,909.6685687,-0.0020274,-0.0135952,-580.1933860,460.8643327,-0.0095347,-0.0060303
2.5100000,1.7600000,1.7461774,-0.0079818,-1167.1296062,908.3555198,-0.0020008,-0.0134164,-579.0241466,460.2013349,-0.0094093,-0.0059510
2.5150000,1.7650000,1.7511774,-0.0078771,-1164.7872016,907.0459549,-0.0019746,-0.0132403,-577.8593781,459.5400604,-0.0092859,-0.0058729
2.5200000,1.7700000,1.7561774,-0.0077740,-1162.4536906,905.7398612,-0.0019488,-0.0130670,-576.6990552,458.8805029,-0.0091644,-0.0057960
2.5250000,1.7750000,1.7611774,-0.0076726,-1160.1290233,904.4372260,-0.0019234,-0.0128964,-575.5431529,458.2226559,-0.0090447,-0.0057204
2.5300000,1.7800000,1.7661774,-0.0075727,-1157.8131502,903.1380366,-0.0018983,-0.0127284,-574.3916462,457.5665130,-0.0089270,-0.0056459
2.5350000,1.7850000,1.7711774,-0.0074743,-1155.5060220,901.8422802,-0.0018737,-0.0125630,-573.2445105,456.9120680,-0.0088110,-0.0055726
2.5400000,1.7900000,1.7761774,-0.0073775,-1153.2075902,900.5499445,-0.0018495,-0.0124003,-572.1017212,456.2593146,-0.0086969,-0.0055004
2.5450000,1.7950000,1.7811774,-0.0072822,-1150.9178064,899.2610167,-0.0018256,-0.0122400,-570.9632541,455.6082464,-0.0085845,-0.0054293
2.5500000,1.8000000,1.7861774,-0.0071883,-1148.6366225,897.9754846,-0.0018021,-0.0120821,-569.8290850,454.9588572,-0.0084739,-0.0053593
2.5550000,1.8050000,1.7911774,-0.0070959,-1146.3639911,896.6933355,-0.0017789,-0.0119268,-568.6991900,454.3111407,-0.0083649,-0.0052904
2.5600000,1.8100000,1.7961774,-0.0070049,-1144.0998650,895.4145571,-0.0017562,-0.0117737,-567.5735455,453.6650908,-0.0082577,-0.0052226
2.5650000,1.8150000,1.8011774,-0.0069153,-1141.8441973,894.1391372,-0.0017337,-0.0116231,-566.4521278,453.0207013,-0.0081520,-0.0051558
2.5700000,1.8200000,1.8061774,-0.0068270,-1139.5969416,892.8670634,-0.0017116,-0.0114747,-565.3349136,452.3779659,-0.0080480,-0.0050900
2.5750000,1.8250000,1.8111774,-0.0067401,-1137.3580519,891.5983235,-0.0016898,-0.0113285,-564.2218797,451.7368786,-0.0079455,-0.0050252
2.5800000,1.8300000,1.8161774,-0.0066545,-1135.1274824,890.3329053,-0.0016684,-0.0111846,-563.1130032,451.0974333,-0.0078446,-0.0049614
2.5850000,1.8350000,1.8211774,-0.0065702,-1132.9051877,889.0707967,-0.0016473,-0.0110429,-562.0082612,450.4596239,-0.0077452,-0.0048985
2.5900000,1.8400000,1.8261774,-0.0064872,-1130.6911228,887.8119856,-0.0016265,-0.0109033,-560.9076312,449.8234443,-0.0076474,-0.0048366
2.5950000,1.8450000,1.8311774,-0.0064054,-1128.4852432,886.5564600,-0.0016060,-0.0107658,-559.8110906,449.1888885,-0.0075509,-0.0047756
2.6000000,1.8500000,1.8361774,-0.0063248,-1126.2875044,885.3042080,-0.0015858,-0.0106303,-558.7186172,448.5559505,-0.0074560,-0.0047156
2.6050000,1.8550000,1.8411774,-0.0062455,-1124.0978624,884.0552175,-0.0015660,-0.0104969,-557.6301888,447.9246242,-0.0073624,-0.0046564
2.6100000,1.8600000,1.8461774,-0.0061673,-1121.9162738,882.8094768,-0.0015464,-0.0103655,-556.5457835,447.2949038,-0.0072703,-0.0045981
2.6150000,1.8650000,1.8511774,-0.0060903,-1119.7426950,881.5669740,-0.0015271,-0.0102360,-555.4653796,446.6667833,-0.0071795,-0.0045407
2.6200000,1.8700000,1.8561774,-0.0060145,-1117.5770832,880.3276973,-0.0015081,-0.0101085,-554.3889554,446.0402568,-0.0070901,-0.0044842
2.6250000,1.8750000,1.8611774,-0.0059397,-1115.4193957,879.0916350,-0.0014894,-0.0099829,-553.3164895,445.4153185,-0.0070020,-0.0044284
2.6300000,1.8800000,1.8661774,-0.0058661,-1113.2695902,877.8587754,-0.0014709,-0.0098591,-552.2479605,444.7919623,-0.0069152,-0.0043735
2.6350000,1.8850000,1.8711774,-0.0057935,-1111.1276246,876.6291070,-0.0014527,-0.0097371,-551.1833475,444.1701826,-0.0068297,-0.0043194
2.6400000,1.8900000,1.8761774,-0.0057221,-1108.9934572,875.4026180,-0.0014348,-0.0096169,-550.1226293,443.5499736,-0.0067454,-0.0042662
2.6450000,1.8950000,1.8811774,-0.0056516,-1106.8670467,874.1792970,-0.0014172,-0.0094985,-549.0657852,442.9313293,-0.0066624,-0.0042136
2.6500000,1.9000000,1.8861774,-0.0055822,-1104.7483520,872.9591325,-0.0013998,-0.0093818,-548.0127945,442.3142441,-0.0065805,-0.0041619
2.6550000,1.9050000,1.8911774,-0.0055138,-1102.6373322,871.7421131,-0.0013827,-0.0092668,-546.9636368,441.6987123,-0.0064999,-0.0041109
2.6600000,1.9100000,1.8961774,-0.0054464,-1100.5339470,870.5282274,-0.0013658,-0.0091535,-545.9182916,441.0847281,-0.0064205,-0.0040607
2.6650000,1.9150000,1.9011774,-0.0053800,-1098.4381561,869.3174641,-0.0013491,-0.0090419,-544.8767388,440.4722858,-0.0063422,-0.0040111
2.6700000,1.9200000,1.9061774,-0.0053146,-1096.3499196,868.1098118,-0.0013327,-0.0089318,-543.8389583,439.8613798,-0.0062650,-0.0039623
2.6750000,1.9250000,1.9111774,-0.0052501,-1094.2691979,866.9052593,-0.0013166,-0.0088234,-542.8049302,439.2520045,-0.0061890,-0.0039142
2.6800000,1.9300000,1.9161774,-0.0051865,-1092.1959517,865.7037954,-0.0013007,-0.0087165,-541.7746348,438.6441542,-0.0061140,-0.0038668
2.6850000,1.9350000,1.9211774,-0.0051238,-1090.1301421,864.5054091,-0.0012850,-0.0086112,-540.7480523,438.0378234,-0.0060402,-0.0038201
2.6900000,1.9400000,1.9261774,-0.0050621,-1088.0717302,863.3100891,-0.0012695,-0.0085073,-539.7251634,437.4330064,-0.0059673,-0.0037741
2.6950000,1.9450000,1.9311774,-0.0050012,-1086.0206776,862.1178245,-0.0012542,-0.0084050,-538.7059487,436.8296978,-0.0058956,-0.0037287
2.7000000,1.9500000,1.9361774,-0.0049412,-1083.9769461,860.9286043,-0.0012392,-0.0083041,-537.6903891,436.2278920,-0.0058248,-0.0036839
2.7050000,1.9550000,1.9411774,-0.0048820,-1081.9404978,859.7424174,-0.0012244,-0.0082047,-536.6784653,435.6275836,-0.0057551,-0.0036398
2.7100000,1.9600000,1.9461774,-0.0048237,-1079.9112950,858.5592530,-0.0012098,-0.0081066,-535.6701586,435.0287671,-0.0056864,-0.0035964
2.7150000,1.9650000,1.9511774,-0.0047662,-1077.8893004,857.3791002,-0.0011954,-0.0080100,-534.6654502,434.4314370,-0.0056186,-0.0035535
2.7200000,1.9700000,1.9561774,-0.0047095,-1075.8744768,856.2019482,-0.0011812,-0.0079147,-533.6643213,433.8355880,-0.0055518,-0.0035112
2.7250000,1.9750000,1.9611774,-0.0046537,-1073.8667874,855.0277863,-0.0011672,-0.0078208,-532.6667535,433.2412145,-0.0054859,-0.0034696
2.7300000,1.9800000,1.9661774,-0.0045986,-1071.8661956,853.8566036,-0.0011533,-0.0077282,-531.6727283,432.6483114,-0.0054210,-0.0034285
2.7350000,1.9850000,1.9711774,-0.0045442,-1069.8726651,852.6883896,-0.0011397,-0.0076369,-530.6822276,432.0568732,-0.0053569,-0.0033880
2.7400000,1.9900000,1.9761774,-0.0044907,-1067.8861598,851.5231336,-0.0011263,-0.0075468,-529.6952331,431.4668945,-0.0052938,-0.0033481
2.7450000,1.9950000,1.9811774,-0.0044379,-1065.9066439,850.3608250,-0.0011131,-0.0074581,-528.7117269,430.8783702,-0.0052316,-0.0033087
