# r[nm],d[nm],daligned[nm],UC(d)[kJ/mol],UK(d)[kJ/mol],UCl(d)[kJ/mol]
0.9300000,0.1800000,0.1425516,416.8001553,262.3136094,1736.9105789
0.9350000,0.1850000,0.1475516,332.3518382,208.8488339,1389.8424184
0.9400000,0.1900000,0.1525516,265.5703007,166.6562459,1114.3409745
0.9450000,0.1950000,0.1575516,212.6515996,133.3008935,895.1341431
0.9500000,0.2000000,0.1625516,170.6360800,106.8896488,720.3219437
0.9550000,0.2050000,0.1675516,137.2166572,85.9429078,580.6084031
0.9600000,0.2100000,0.1725516,110.5899602,69.2932278,468.7128177
0.9650000,0.2150000,0.1775516,89.3384081,56.0087549,378.9175172
0.9700000,0.2200000,0.1825516,72.3370704,45.3384692,306.7199287
0.9750000,0.2250000,0.1875516,58.6835901,36.6765530,248.5647961
0.9800000,0.2300000,0.1925516,47.6480685,29.5485204,201.6381231
0.9850000,0.2350000,0.1975516,38.6418205,23.6076589,163.7080414
0.9900000,0.2400000,0.2025516,31.2047550,18.6154786,133.0000599
0.9950000,0.2450000,0.2075516,24.9971012,14.4039080,108.0970673
1.0000000,0.2500000,0.2125516,19.7771991,10.8420927,87.8590871
1.0050000,0.2550000,0.2175516,15.3685484,7.8222029,71.3615594
1.0100000,0.2600000,0.2225516,11.6330204,5.2598007,57.8523601
1.0150000,0.2650000,0.2275516,8.4590725,3.0948846,46.7255902
1.0200000,0.2700000,0.2325516,5.7606809,1.2852662,37.5034711
1.0250000,0.2750000,0.2375516,3.4761638,-0.2038236,29.8155886
1.0300000,0.2800000,0.2425516,1.5609363,-1.4067208,23.3741710
1.0350000,0.2850000,0.2475516,-0.0221651,-2.3590828,17.9519356
1.0400000,0.2900000,0.2525516,-1.3092152,-3.0966635,13.3666759
1.0450000,0.2950000,0.2575516,-2.3368887,-3.6534843,9.4726669
1.0500000,0.3000000,0.2625516,-3.1414959,-4.0604999,6.1569003
1.0550000,0.3050000,0.2675516,-3.7574252,-4.3449444,3.3359344
1.0600000,0.3100000,0.2725516,-4.2159773,-4.5302041,0.9493703
1.0650000,0.3150000,0.2775516,-4.5447860,-4.6360093,-1.0494214
1.0700000,0.3200000,0.2825516,-4.7677054,-4.6787902,-2.7012741
1.0750000,0.3250000,0.2875516,-4.9049897,-4.6720940,-4.0453733
1.0800000,0.3300000,0.2925516,-4.9736272,-4.6270047,-5.1201055
1.0850000,0.3350000,0.2975516,-4.9877336,-4.5525341,-5.9623326
1.0900000,0.3400000,0.3025516,-4.9589527,-4.4559704,-6.6063943
1.0950000,0.3450000,0.3075516,-4.8968326,-4.3431796,-7.0834008
1.1000000,0.3500000,0.3125516,-4.8091641,-4.2188613,-7.4209159
1.1050000,0.3550000,0.3175516,-4.7022761,-4.0867629,-7.6429479
1.1100000,0.3600000,0.3225516,-4.5812889,-3.9498573,-7.7701402
1.1150000,0.3650000,0.3275516,-4.4503278,-3.8104890,-7.8200671
1.1200000,0.3700000,0.3325516,-4.3127019,-3.6704940,-7.8075736
1.1250000,0.3750000,0.3375516,-4.1710528,-3.5312978,-7.7451214
1.1300000,0.3800000,0.3425516,-4.0274771,-3.3939944,-7.6431167
1.1350000,0.3850000,0.3475516,-3.8836276,-3.2594120,-7.5102104
1.1400000,0.3900000,0.3525516,-3.7407959,-3.1281649,-7.3535654
1.1450000,0.3950000,0.3575516,-3.5999809,-3.0006963,-7.1790899
1.1500000,0.4000000,0.3625516,-3.4619439,-2.8773132,-6.9916388
1.1550000,0.4050000,0.3675516,-3.3272544,-2.7582139,-6.7951859
1.1600000,0.4100000,0.3725516,-3.1963269,-2.6435108,-6.5929697
1.1650000,0.4150000,0.3775516,-3.0694517,-2.5332492,-6.3876170
1.1700000,0.4200000,0.3825516,-2.9468191,-2.4274215,-6.1812463
1.1750000,0.4250000,0.3875516,-2.8285399,-2.3259795,-5.9755546
1.1800000,0.4300000,0.3925516,-2.7146620,-2.2288439,-5.7718898
1.1850000,0.4350000,0.3975516,-2.6051831,-2.1359122,-5.5713116
1.1900000,0.4400000,0.4025516,-2.5000627,-2.0470650,-5.3746420
1.1950000,0.4450000,0.4075516,-2.3992298,-1.9621708,-5.1825069
1.2000000,0.4500000,0.4125516,-2.3025909,-1.8810900,-4.9953714
1.2050000,0.4550000,0.4175516,-2.2100354,-1.8036783,-4.8135689
1.2100000,0.4600000,0.4225516,-2.1214408,-1.7297890,-4.6373253
1.2150000,0.4650000,0.4275516,-2.0366756,-1.6592750,-4.4667788
1.2200000,0.4700000,0.4325516,-1.9556034,-1.5919904,-4.3019968
1.2250000,0.4750000,0.4375516,-1.8780845,-1.5277917,-4.1429897
1.2300000,0.4800000,0.4425516,-1.8039784,-1.4665384,-3.9897221
1.2350000,0.4850000,0.4475516,-1.7331447,-1.4080942,-3.8421227
1.2400000,0.4900000,0.4525516,-1.6654452,-1.3523269,-3.7000919
1.2450000,0.4950000,0.4575516,-1.6007436,-1.2991090,-3.5635081
1.2500000,0.5000000,0.4625516,-1.5389075,-1.2483181,-3.4322333
1.2550000,0.5050000,0.4675516,-1.4798079,-1.1998365,-3.3061175
1.2600000,0.5100000,0.4725516,-1.4233200,-1.1535517,-3.1850020
1.2650000,0.5150000,0.4775516,-1.3693233,-1.1093561,-3.0687228
1.2700000,0.5200000,0.4825516,-1.3177021,-1.0671472,-2.9571125
1.2750000,0.5250000,0.4875516,-1.2683452,-1.0268272,-2.8500024
1.2800000,0.5300000,0.4925516,-1.2211458,-0.9883029,-2.7472244
1.2850000,0.5350000,0.4975516,-1.1760020,-0.9514860,-2.6486116
1.2900000,0.5400000,0.5025516,-1.1328163,-0.9162923,-2.5540000
1.2950000,0.5450000,0.5075516,-1.0914957,-0.8826419,-2.4632287
1.3000000,0.5500000,0.5125516,-1.0519514,-0.8504589,-2.3761407
1.3050000,0.5550000,0.5175516,-1.0140990,-0.8196715,-2.2925832
1.3100000,0.5600000,0.5225516,-0.9778581,-0.7902113,-2.2124084
1.3150000,0.5650000,0.5275516,-0.9431519,-0.7620136,-2.1354729
1.3200000,0.5700000,0.5325516,-0.9099078,-0.7350171,-2.0616388
1.3250000,0.5750000,0.5375516,-0.8780565,-0.7091636,-1.9907727
1.3300000,0.5800000,0.5425516,-0.8475322,-0.6843979,-1.9227469
1.3350000,0.5850000,0.5475516,-0.8182725,-0.6606679,-1.8574381
1.3400000,0.5900000,0.5525516,-0.7902179,-0.6379238,-1.7947286
1.3450000,0.5950000,0.5575516,-0.7633120,-0.6161189,-1.7345051
1.3500000,0.6000000,0.5625516,-0.7375014,-0.5952085,-1.6766594
1.3550000,0.6050000,0.5675516,-0.7127350,-0.5751506,-1.6210877
1.3600000,0.6100000,0.5725516,-0.6889647,-0.5559050,-1.5676911
1.3650000,0.6150000,0.5775516,-0.6661446,-0.5374339,-1.5163747
1.3700000,0.6200000,0.5825516,-0.6442310,-0.5197012,-1.4670481
1.3750000,0.6250000,0.5875516,-0.6231827,-0.5026730,-1.4196247
1.3800000,0.6300000,0.5925516,-0.6029603,-0.4863167,-1.3740219
1.3850000,0.6350000,0.5975516,-0.5835264,-0.4706018,-1.3301611
1.3900000,0.6400000,0.6025516,-0.5648457,-0.4554990,-1.2879671
1.3950000,0.6450000,0.6075516,-0.5468845,-0.4409808,-1.2473679
1.4000000,0.6500000,0.6125516,-0.5296106,-0.4270207,-1.2082953
1.4050000,0.6550000,0.6175516,-0.5129937,-0.4135940,-1.1706840
1.4100000,0.6600000,0.6225516,-0.4970049,-0.4006769,-1.1344715
1.4150000,0.6650000,0.6275516,-0.4816165,-0.3882469,-1.0995986
1.4200000,0.6700000,0.6325516,-0.4668025,-0.3762827,-1.0660085
1.4250000,0.6750000,0.6375516,-0.4525380,-0.3647639,-1.0336473
1.4300000,0.6800000,0.6425516,-0.4387993,-0.3536711,-1.0024632
1.4350000,0.6850000,0.6475516,-0.4255639,-0.3429860,-0.9724072
1.4400000,0.6900000,0.6525516,-0.4128103,-0.3326912,-0.9434322
1.4450000,0.6950000,0.6575516,-0.4005181,-0.3227700,-0.9154936
1.4500000,0.7000000,0.6625516,-0.3886678,-0.3132065,-0.8885486
1.4550000,0.7050000,0.6675516,-0.3772410,-0.3039857,-0.8625564
1.4600000,0.7100000,0.6725516,-0.3662200,-0.2950933,-0.8374781
1.4650000,0.7150000,0.6775516,-0.3555880,-0.2865155,-0.8132765
1.4700000,0.7200000,0.6825516,-0.3453290,-0.2782394,-0.7899162
1.4750000,0.7250000,0.6875516,-0.3354276,-0.2702525,-0.7673633
1.4800000,0.7300000,0.6925516,-0.3258695,-0.2625431,-0.7455855
1.4850000,0.7350000,0.6975516,-0.3166405,-0.2550997,-0.7245519
1.4900000,0.7400000,0.7025516,-0.3077276,-0.2479118,-0.7042328
1.4950000,0.7450000,0.7075516,-0.2991180,-0.2409690,-0.6846003
1.5000000,0.7500000,0.7125516,-0.2907996,-0.2342615,-0.6656272
1.5050000,0.7550000,0.7175516,-0.2827610,-0.2277800,-0.6472879
1.5100000,0.7600000,0.7225516,-0.2749911,-0.2215155,-0.6295577
1.5150000,0.7650000,0.7275516,-0.2674795,-0.2154596,-0.6124131
1.5200000,0.7700000,0.7325516,-0.2602160,-0.2096041,-0.5958315
1.5250000,0.7750000,0.7375516,-0.2531911,-0.2039412,-0.5797914
1.5300000,0.7800000,0.7425516,-0.2463956,-0.1984635,-0.5642722
1.5350000,0.7850000,0.7475516,-0.2398207,-0.1931639,-0.5492542
1.5400000,0.7900000,0.7525516,-0.2334581,-0.1880356,-0.5347184
1.5450000,0.7950000,0.7575516,-0.2272996,-0.1830721,-0.5206469
1.5500000,0.8000000,0.7625516,-0.2213377,-0.1782672,-0.5070223
1.5550000,0.8050000,0.7675516,-0.2155649,-0.1736150,-0.4938280
1.5600000,0.8100000,0.7725516,-0.2099743,-0.1691097,-0.4810482
1.5650000,0.8150000,0.7775516,-0.2045590,-0.1647458,-0.4686676
1.5700000,0.8200000,0.7825516,-0.1993127,-0.1605183,-0.4566717
1.5750000,0.8250000,0.7875516,-0.1942292,-0.1564221,-0.4450465
1.5800000,0.8300000,0.7925516,-0.1893024,-0.1524524,-0.4337786
1.5850000,0.8350000,0.7975516,-0.1845269,-0.1486046,-0.4228551
1.5900000,0.8400000,0.8025516,-0.1798970,-0.1448743,-0.4122638
1.5950000,0.8450000,0.8075516,-0.1754077,-0.1412573,-0.4019929
1.6000000,0.8500000,0.8125516,-0.1710539,-0.1377496,-0.3920309
1.6050000,0.8550000,0.8175516,-0.1668307,-0.1343473,-0.3823670
1.6100000,0.8600000,0.8225516,-0.1627336,-0.1310466,-0.3729908
1.6150000,0.8650000,0.8275516,-0.1587583,-0.1278440,-0.3638922
1.6200000,0.8700000,0.8325516,-0.1549003,-0.1247361,-0.3550617
1.6250000,0.8750000,0.8375516,-0.1511557,-0.1217196,-0.3464899
1.6300000,0.8800000,0.8425516,-0.1475206,-0.1187914,-0.3381680
1.6350000,0.8850000,0.8475516,-0.1439911,-0.1159483,-0.3300874
1.6400000,0.8900000,0.8525516,-0.1405638,-0.1131875,-0.3222400
1.6450000,0.8950000,0.8575516,-0.1372350,-0.1105062,-0.3146179
1.6500000,0.9000000,0.8625516,-0.1340015,-0.1079017,-0.3072134
1.6550000,0.9050000,0.8675516,-0.1308602,-0.1053714,-0.3000194
1.6600000,0.9100000,0.8725516,-0.1278078,-0.1029129,-0.2930287
1.6650000,0.9150000,0.8775516,-0.1248415,-0.1005237,-0.2862347
1.6700000,0.9200000,0.8825516,-0.1219583,-0.0982015,-0.2796308
1.6750000,0.9250000,0.8875516,-0.1191557,-0.0959442,-0.2732109
1.6800000,0.9300000,0.8925516,-0.1164308,-0.0937496,-0.2669689
1.6850000,0.9350000,0.8975516,-0.1137812,-0.0916156,-0.2608991
1.6900000,0.9400000,0.9025516,-0.1112045,-0.0895404,-0.2549958
1.6950000,0.9450000,0.9075516,-0.1086982,-0.0875219,-0.2492537
1.7000000,0.9500000,0.9125516,-0.1062602,-0.0855584,-0.2436677
1.7050000,0.9550000,0.9175516,-0.1038882,-0.0836481,-0.2382327
1.7100000,0.9600000,0.9225516,-0.1015802,-0.0817894,-0.2329441
1.7150000,0.9650000,0.9275516,-0.0993341,-0.0799805,-0.2277971
1.7200000,0.9700000,0.9325516,-0.0971479,-0.0782199,-0.2227873
1.7250000,0.9750000,0.9375516,-0.0950198,-0.0765062,-0.2179104
1.7300000,0.9800000,0.9425516,-0.0929480,-0.0748377,-0.2131624
1.7350000,0.9850000,0.9475516,-0.0909307,-0.0732132,-0.2085391
1.7400000,0.9900000,0.9525516,-0.0889663,-0.0716313,-0.2040368
1.7450000,0.9950000,0.9575516,-0.0870531,-0.0700906,-0.1996517
1.7500000,1.0000000,0.9625516,-0.0851895,-0.0685899,-0.1953803
1.7550000,1.0050000,0.9675516,-0.0833741,-0.0671280,-0.1912190
1.7600000,1.0100000,0.9725516,-0.0816054,-0.0657037,-0.1871647
1.7650000,1.0150000,0.9775516,-0.0798819,-0.0643158,-0.1832140
1.7700000,1.0200000,0.9825516,-0.0782023,-0.0629633,-0.1793638
1.7750000,1.0250000,0.9875516,-0.0765653,-0.0616451,-0.1756112
1.7800000,1.0300000,0.9925516,-0.0749696,-0.0603602,-0.1719532
1.7850000,1.0350000,0.9975516,-0.0734141,-0.0591077,-0.1683870
1.7900000,1.0400000,1.0025516,-0.0718974,-0.0578864,-0.1649100
1.7950000,1.0450000,1.0075516,-0.0704186,-0.0566956,-0.1615195
1.8000000,1.0500000,1.0125516,-0.0689764,-0.0555343,-0.1582130
1.8050000,1.0550000,1.0175516,-0.0675698,-0.0544017,-0.1549880
1.8100000,1.0600000,1.0225516,-0.0661978,-0.0532969,-0.1518423
1.8150000,1.0650000,1.0275516,-0.0648593,-0.0522192,-0.1487734
1.8200000,1.0700000,1.0325516,-0.0635535,-0.0511677,-0.1457793
1.8250000,1.0750000,1.0375516,-0.0622793,-0.0501418,-0.1428577
1.8300000,1.0800000,1.0425516,-0.0610359,-0.0491406,-0.1400067
1.8350000,1.0850000,1.0475516,-0.0598224,-0.0481635,-0.1372242
1.8400000,1.0900000,1.0525516,-0.0586380,-0.0472098,-0.1345082
1.8450000,1.0950000,1.0575516,-0.0574818,-0.0462789,-0.1318570
1.8500000,1.1000000,1.0625516,-0.0563531,-0.0453701,-0.1292687
1.8550000,1.1050000,1.0675516,-0.0552511,-0.0444827,-0.1267416
1.8600000,1.1100000,1.0725516,-0.0541750,-0.0436163,-0.1242739
1.8650000,1.1150000,1.0775516,-0.0531241,-0.0427702,-0.1218640
1.8700000,1.1200000,1.0825516,-0.0520978,-0.0419438,-0.1195104
1.8750000,1.1250000,1.0875516,-0.0510953,-0.0411367,-0.1172114
1.8800000,1.1300000,1.0925516,-0.0501161,-0.0403482,-0.1149657
1.8850000,1.1350000,1.0975516,-0.0491594,-0.0395779,-0.1127717
1.8900000,1.1400000,1.1025516,-0.0482247,-0.0388254,-0.1106281
1.8950000,1.1450000,1.1075516,-0.0473114,-0.0380900,-0.1085335
1.9000000,1.1500000,1.1125516,-0.0464189,-0.0373714,-0.1064866
1.9050000,1.1550000,1.1175516,-0.0455466,-0.0366691,-0.1044861
1.9100000,1.1600000,1.1225516,-0.0446941,-0.0359827,-0.1025308
1.9150000,1.1650000,1.1275516,-0.0438607,-0.0353117,-0.1006195
1.9200000,1.1700000,1.1325516,-0.0430461,-0.0346558,-0.0987510
1.9250000,1.1750000,1.1375516,-0.0422496,-0.0340145,-0.0969242
1.9300000,1.1800000,1.1425516,-0.0414708,-0.0333875,-0.0951381
1.9350000,1.1850000,1.1475516,-0.0407093,-0.0327744,-0.0933915
1.9400000,1.1900000,1.1525516,-0.0399646,-0.0321748,-0.0916834
1.9450000,1.1950000,1.1575516,-0.0392363,-0.0315884,-0.0900129
1.9500000,1.2000000,1.1625516,-0.0385239,-0.0310149,-0.0883789
1.9550000,1.2050000,1.1675516,-0.0378271,-0.0304538,-0.0867806
1.9600000,1.2100000,1.1725516,-0.0371454,-0.0299050,-0.0852170
1.9650000,1.2150000,1.1775516,-0.0364784,-0.0293680,-0.0836872
1.9700000,1.2200000,1.1825516,-0.0358259,-0.0288426,-0.0821904
1.9750000,1.2250000,1.1875516,-0.0351873,-0.0283285,-0.0807257
1.9800000,1.2300000,1.1925516,-0.0345624,-0.0278254,-0.0792924
1.9850000,1.2350000,1.1975516,-0.0339509,-0.0273331,-0.0778896
1.9900000,1.2400000,1.2025516,-0.0333523,-0.0268512,-0.0765166
1.9950000,1.2450000,1.2075516,-0.0327664,-0.0263795,-0.0751727
2.0000000,1.2500000,1.2125516,-0.0321929,-0.0259177,-0.0738571
2.0050000,1.2550000,1.2175516,-0.0316314,-0.0254656,-0.0725691
2.0100000,1.2600000,1.2225516,-0.0310817,-0.0250230,-0.0713081
2.0150000,1.2650000,1.2275516,-0.0305434,-0.0245897,-0.0700734
2.0200000,1.2700000,1.2325516,-0.0300163,-0.0241653,-0.0688643
2.0250000,1.2750000,1.2375516,-0.0295001,-0.0237497,-0.0676802
2.0300000,1.2800000,1.2425516,-0.0289946,-0.0233427,-0.0665206
2.0350000,1.2850000,1.2475516,-0.0284995,-0.0229441,-0.0653847
2.0400000,1.2900000,1.2525516,-0.0280145,-0.0225536,-0.0642722
2.0450000,1.2950000,1.2575516,-0.0275394,-0.0221711,-0.0631823
2.0500000,1.3000000,1.2625516,-0.0270739,-0.0217964,-0.0621146
2.0550000,1.3050000,1.2675516,-0.0266179,-0.0214293,-0.0610685
2.0600000,1.3100000,1.2725516,-0.0261711,-0.0210696,-0.0600436
2.0650000,1.3150000,1.2775516,-0.0257333,-0.0207171,-0.0590392
2.0700000,1.3200000,1.2825516,-0.0253043,-0.0203717,-0.0580550
2.0750000,1.3250000,1.2875516,-0.0248838,-0.0200332,-0.0570904
2.0800000,1.3300000,1.2925516,-0.0244717,-0.0197014,-0.0561451
2.0850000,1.3350000,1.2975516,-0.0240678,-0.0193762,-0.0552185
2.0900000,1.3400000,1.3025516,-0.0236719,-0.0190574,-0.0543102
2.0950000,1.3450000,1.3075516,-0.0232838,-0.0187450,-0.0534198
2.1000000,1.3500000,1.3125516,-0.0229032,-0.0184386,-0.0525469
2.1050000,1.3550000,1.3175516,-0.0225302,-0.0181383,-0.0516911
2.1100000,1.3600000,1.3225516,-0.0221644,-0.0178438,-0.0508519
2.1150000,1.3650000,1.3275516,-0.0218057,-0.0175550,-0.0500291
2.1200000,1.3700000,1.3325516,-0.0214540,-0.0172719,-0.0492222
2.1250000,1.3750000,1.3375516,-0.0211091,-0.0169942,-0.0484309
2.1300000,1.3800000,1.3425516,-0.0207708,-0.0167218,-0.0476548
2.1350000,1.3850000,1.3475516,-0.0204390,-0.0164547,-0.0468936
2.1400000,1.3900000,1.3525516,-0.0201135,-0.0161927,-0.0461470
2.1450000,1.3950000,1.3575516,-0.0197943,-0.0159356,-0.0454145
2.1500000,1.4000000,1.3625516,-0.0194811,-0.0156835,-0.0446960
2.1550000,1.4050000,1.3675516,-0.0191738,-0.0154361,-0.0439911
2.1600000,1.4100000,1.3725516,-0.0188723,-0.0151934,-0.0432995
2.1650000,1.4150000,1.3775516,-0.0185765,-0.0149552,-0.0426208
2.1700000,1.4200000,1.3825516,-0.0182863,-0.0147216,-0.0419549
2.1750000,1.4250000,1.3875516,-0.0180014,-0.0144923,-0.0413015
2.1800000,1.4300000,1.3925516,-0.0177219,-0.0142672,-0.0406602
2.1850000,1.4350000,1.3975516,-0.0174476,-0.0140464,-0.0400308
2.1900000,1.4400000,1.4025516,-0.0171783,-0.0138296,-0.0394131
2.1950000,1.4450000,1.4075516,-0.0169140,-0.0136168,-0.0388067
2.2000000,1.4500000,1.4125516,-0.0166546,-0.0134079,-0.0382115
2.2050000,1.4550000,1.4175516,-0.0163999,-0.0132029,-0.0376272
2.2100000,1.4600000,1.4225516,-0.0161499,-0.0130016,-0.0370536
2.2150000,1.4650000,1.4275516,-0.0159044,-0.0128040,-0.0364905
2.2200000,1.4700000,1.4325516,-0.0156634,-0.0126100,-0.0359375
2.2250000,1.4750000,1.4375516,-0.0154267,-0.0124194,-0.0353946
2.2300000,1.4800000,1.4425516,-0.0151944,-0.0122324,-0.0348615
2.2350000,1.4850000,1.4475516,-0.0149662,-0.0120486,-0.0343379
2.2400000,1.4900000,1.4525516,-0.0147421,-0.0118682,-0.0338238
2.2450000,1.4950000,1.4575516,-0.0145220,-0.0116910,-0.0333188
