# r[nm],d[nm],daligned[nm],UC(d)[kJ/mol],UK(d)[kJ/mol],UCl(d)[kJ/mol],UC2A(d)[kJ/mol],UC4A(d)[kJ/mol],UCPlus(d)[kJ/mol],UCMinus(d)[kJ/mol],UCMoreLJ(d)[kJ/mol],UCLessLJ(d)[kJ/mol],UCMin(d)[kJ/mol],UKMin(d)[kJ/mol],UClMin(d)[kJ/mol],UC2AMin(d)[kJ/mol],UC4AMin(d)[kJ/mol],UCPlusMin(d)[kJ/mol],UCMinusMin(d)[kJ/mol],UCMoreLJMin(d)[kJ/mol],UCLessLJMin(d)[kJ/mol]
0.7500000,0.0000000,-0.0146526,179016.5810332,116191.9407270,714690.2014029,11216.8481973,504086.2528913,179540.7809452,178492.3811212,211031.6920474,133468.1610698,179016.5810332,116191.9407270,714690.2014029,11216.8481973,504086.2528913,179540.7809452,178492.3811212,211031.6920474,133468.1610698
0.7550000,0.0050000,-0.0096526,158087.2793960,102716.8100066,631137.4594124,9891.5377805,445235.5794523,158610.6997219,157563.8590702,186359.4191642,117864.0455970,158087.2793960,102716.8100066,631137.4594124,9891.5377805,445235.5794523,158610.6997219,157563.8590702,186359.4191642,117864.0455970
0.7600000,0.0100000,-0.0046526,138141.5655003,89875.6405994,551503.3154040,8629.4168999,389145.2110910,138664.2017175,137618.9292832,162846.6376765,102993.2568716,138141.5655003,89875.6405994,551503.3154040,8629.4168999,389145.2110910,138664.2017175,137618.9292832,162846.6376765,102993.2568716
0.7650000,0.0150000,0.0003474,119532.9062949,77895.9908757,477198.7988203,7452.8779324,336808.9960486,120054.7539430,119011.0586469,140910.0281391,89119.3268156,119532.9062949,77895.9908757,477198.7988203,7452.8779324,336808.9960486,120054.7539430,119011.0586469,140910.0281391,89119.3268156
0.7700000,0.0200000,0.0053474,102495.1927120,66928.3961371,409158.0300180,6376.6894530,288884.8599222,103016.2473934,101974.1380305,120825.3102584,76416.6358826,102495.1927120,66928.3961371,409158.0300180,6376.6894530,288884.8599222,103016.2473934,101974.1380305,120825.3102584,76416.6358826
0.7750000,0.0250000,0.0103474,87154.6762567,57054.0620383,347885.7784397,5408.7627424,245728.3061511,87674.9336376,86634.4188759,102741.3142076,64979.3125390,87154.6762567,57054.0620383,347885.7784397,5408.7627424,245728.3061511,87674.9336376,86634.4188759,102741.3142076,64979.3125390
0.7800000,0.0300000,0.0153474,73546.9068585,48295.7788879,293524.9738644,4551.2364471,207439.9707216,74066.3626689,73027.4510480,86699.9476228,54833.8615011,73546.9068585,48295.7788879,293524.9738644,4551.2364471,207439.9707216,74066.3626689,73027.4510480,86699.9476228,54833.8615011
0.7850000,0.0350000,0.0203474,61635.8793844,40630.2577354,245933.0359260,3801.7010080,173919.3879057,62154.5294194,61117.2293494,72658.7662564,45953.4386696,61635.8793844,40630.2577354,245933.0359260,3801.7010080,173919.3879057,62154.5294194,61117.2293494,72658.7662564,45953.4386696
0.7900000,0.0400000,0.0253474,51333.1400630,34000.4396047,204758.0545685,3154.4193243,144918.6506228,51850.9801830,50815.2999431,60513.4973704,38272.0961746,51333.1400630,34000.4396047,204758.0545685,3154.4193243,144918.6506228,51850.9801830,50815.2999431,60513.4973704,38272.0961746
0.7950000,0.0450000,0.0303474,42515.2640575,28326.7544961,169508.4849748,2601.4423510,120091.5021802,43032.2901887,41998.2379262,50118.6429777,31697.8130092,42515.2640575,28326.7544961,169508.4849748,2601.4423510,120091.5021802,43032.2901887,41998.2379262,50118.6429777,31697.8130092
0.8000000,0.0500000,0.0353474,35038.7595584,23516.7217880,139612.5884201,2133.5595227,99035.2049582,35554.9676937,34522.5514231,41305.0493657,26123.6069722,35038.7595584,23516.7217880,139612.5884201,2133.5595227,99035.2049582,35554.9676937,34522.5514231,41305.0493657,26123.6069722
0.8050000,0.0550000,0.0403474,28751.9983428,19472.6345126,114466.0217548,1755.7946315,81324.0610065,29267.3845420,28236.6121436,33893.9713015,21436.4296522,28751.9983428,19472.6345126,114466.0217548,1741.0586910,81324.0610065,29267.3845420,28236.6121436,33893.9713015,21436.4296522
0.8100000,0.0600000,0.0453474,23504.1796453,16097.3321149,93467.6007655,1429.0321832,66534.6024105,24018.7400356,22989.6192551,27707.6389914,17523.8495597,23504.1796453,16097.3321149,93467.6007655,1414.2962427,66534.6024105,24018.7400356,22989.6192551,27707.6389914,17523.8495597
0.8150000,0.0650000,0.0503474,19151.6001550,13298.2376186,76044.3234066,1158.8309654,54263.2164437,19665.3309315,18637.8693785,22576.6493964,14278.7268055,19151.6001550,13298.2376186,76044.3234066,1144.0950250,54263.2164437,19665.3309315,18637.8693785,22576.6493964,14278.7268055
0.8200000,0.0700000,0.0553474,15561.6464694,10989.9275501,61667.3115045,936.7327689,44137.3738512,16074.5438955,15048.7490433,18344.6726919,11602.1897273,15561.6464694,10989.9275501,61667.3115045,921.9968285,44137.3738512,16074.5438955,15048.7490433,18344.6726919,11602.1897273
0.8250000,0.0750000,0.0603474,12614.9759531,9095.5349010,49860.5277465,755.1352513,35821.7682082,13127.0363610,12102.9155452,14871.0231486,9405.2608573,12614.9759531,9095.5349010,49860.5277465,740.3993108,35821.7682082,13127.0363610,12102.9155452,14871.0231486,9405.2608573
0.8300000,0.0800000,0.0653474,10206.3376591,7547.2761675,40204.0681467,607.3422249,29020.6344035,10717.5574500,9695.1178683,12031.6268660,7609.4689707,10206.3376591,7547.2761675,40204.0681467,592.6062845,29020.6344035,10717.5574500,9695.1178683,12031.6268660,7609.4689707
0.8350000,0.0850000,0.0703474,8244.4330908,6286.3600561,32333.6236356,487.5528902,23477.3688039,8754.8087352,7734.0574465,9718.8576337,6146.7452755,8244.4330908,6286.3600561,32333.6236356,472.8169498,23477.3688039,8754.8087352,7734.0574465,9718.8576337,6146.7452755
0.8400000,0.0900000,0.0753474,6651.1474680,5262.4908902,25937.4290817,390.8111485,18972.3796957,7160.6755061,6141.6194299,7840.6307177,4958.8502721,6651.1474680,5262.4908902,25937.4290817,376.0752081,18972.3796957,7160.6755061,6141.6194299,7840.6307177,4958.8502721
0.8450000,0.0950000,0.0803474,5360.4098665,4433.1331679,20751.7299864,312.9314938,15319.8936884,5869.0869085,4851.7328245,6319.0591490,3996.5239160,5360.4098665,4433.1331679,20751.7299864,298.1955535,15319.8936884,5869.0869085,4851.7328245,6319.0591490,3996.5239160
0.8500000,0.1000000,0.0853474,4316.8737208,3762.6606143,16555.5305437,250.4136927,12364.2560075,4824.6964469,3809.0509946,5088.8982483,3218.5018491,4316.8737208,3762.6606143,16555.5305437,235.6777552,12364.2560075,4824.6964469,3809.0509946,5088.8982483,3218.5018491
0.8550000,0.1050000,0.0903474,3474.5520734,3221.4762843,13165.1591384,200.3547775,9976.1022680,3981.5172344,2967.5869123,4095.9368061,2590.4978919,3474.5520734,3221.4762843,13165.1591384,185.6188867,9976.1022680,3981.5172344,2967.5869123,4095.9368061,2590.4978919
0.8600000,0.1100000,0.0953474,2795.4960741,2785.1607013,10429.0044495,160.3637889,8048.6504846,3301.6004912,2289.3916570,3295.4392449,2084.2187809,2795.4960741,2785.1607013,10429.0044495,145.6283238,8048.6504846,3301.6004912,2289.3916570,3295.4392449,2084.2187809
0.8650000,0.1150000,0.1003474,2248.5702114,2433.6824634,8222.6357016,128.4821736,6494.2637232,2753.8107764,1758.0655868,2650.7018158,1691.1869676,2248.5702114,2433.6824634,8222.6357016,113.7490939,6494.2637232,2753.8107764,1743.3296464,2650.7018158,1676.4510272
0.8700000,0.1200000,0.1053474,1823.0882177,2150.6893272,6444.4189859,103.1113914,5241.3622221,2312.7259527,1318.7145420,2131.7558332,1362.9767101,1808.3522772,2150.6893272,6444.4189859,88.3873361,5241.3622221,2312.7259527,1303.9786016,2131.7558332,1348.2407697
0.8750000,0.1250000,0.1103474,1468.9043523,1922.8864124,5011.6711663,82.9496386,4231.7142136,1957.6722314,965.4005326,1728.9660899,1098.9102817,1454.1684118,1922.8864124,5011.6711663,68.2505024,4231.7142136,1957.6722314,950.6645921,1714.2301495,1084.1743412
0.8800000,0.1300000,0.1153474,1183.9979626,1754.2366683,3857.3467754,66.9388529,3418.1022047,1686.6290308,681.3668945,1393.1073827,886.4945843,1169.2620222,1739.5007278,3857.3467754,52.2942004,3418.1022047,1671.8930903,666.6309540,1378.3714423,871.7586439
0.8850000,0.1350000,0.1203474,954.8242871,1606.5626408,2927.2252974,54.2180919,2762.3417422,1456.5797791,453.0687951,1122.9485615,715.6311433,940.0883467,1591.8267003,2927.2252974,39.6771274,2762.3417422,1441.8438386,438.3328547,1108.2126210,700.8952028
0.8900000,0.1400000,0.1253474,770.4586011,1487.5808988,2177.5511223,44.0809784,2233.6190487,1271.3357632,269.5814390,905.6111369,578.1748868,755.7226606,1472.8449583,2177.5511223,29.7233147,2233.6190487,1256.5998227,254.8454985,890.8751964,563.4389463
0.8950000,0.1450000,0.1303474,622.1044817,1391.6153942,1587.8080910,35.9521194,1821.8454123,1122.1006311,122.1083323,730.7255444,467.5675263,607.3685412,1376.9056057,1573.0721505,21.8907969,1807.1094717,1107.3646906,107.3723918,715.9896039,452.8315859
0.9000000,0.1500000,0.1353474,502.6884038,1297.7054612,1100.1583538,29.3892045,1477.5742010,1001.8009285,3.5758792,589.9532381,378.5353025,487.9524634,1282.9728676,1085.4224133,15.7458199,1462.8382606,987.0649880,-11.1600613,575.2172977,363.7993620
0.9050000,0.1550000,0.1403474,406.5276571,1213.0600055,706.5328580,24.0745038,1199.4831249,904.7540157,-91.6987016,476.5952186,306.8413950,391.7917166,1198.3240656,691.7969175,10.9417461,1184.7471844,890.0180752,-106.4346420,461.8592781,292.1054555
0.9100000,0.1600000,0.1453474,329.0597594,1144.9218832,388.6075696,19.7735776,974.6697663,826.3974816,-168.2779632,385.2730552,249.0841704,314.3238192,1130.1859427,373.8716292,7.2018953,959.9338259,811.6615412,-183.0139027,370.5371147,234.3482480
0.9150000,0.1650000,0.1503474,266.6229289,1089.9973516,131.6629850,16.2948305,792.7702182,763.0695655,-229.8237779,311.6701046,202.5333803,251.8869961,1075.2614111,116.9270446,4.3056494,778.0342777,748.3336812,-244.5596891,296.9341648,187.7976552
0.9200000,0.1700000,0.1553474,216.2785332,1045.6532488,-76.1245943,13.4721246,645.4599086,711.7698172,-279.2752879,252.3222922,164.9969490,201.5427124,1030.9173083,-90.8605347,2.0772416,630.7239681,697.0960308,-294.0106060,237.5863698,150.2628139
0.9250000,0.1750000,0.1603474,175.6673126,1009.7863030,-244.2545514,11.1573654,526.0510906,665.1299624,-318.9971652,204.4492774,134.7106137,160.9326167,995.0503626,-258.9904919,0.3767395,511.3151501,650.7258115,-333.7250751,189.7136132,119.9854242
0.9300000,0.1800000,0.1653474,142.8909888,980.7159315,-380.3617501,9.2144428,429.1690052,620.5894058,-350.9209915,165.8174233,110.2443508,128.1634823,965.9799910,-395.0976905,-0.9071896,414.4330648,605.8574683,-365.5963931,151.0840860,95.5539660
0.9350000,0.1850000,0.1703474,116.4123613,957.0986333,-490.5858227,7.5215844,350.4917921,584.3072128,-376.6898241,134.6258944,90.4291180,101.7148317,942.3626995,-505.3217621,-1.8630721,335.7558551,569.5713936,-391.1451068,119.9053905,75.8348275
0.9400000,0.1900000,0.1753474,94.9761308,937.8220867,-579.8674858,5.9888703,286.5417967,554.9233810,-405.0189605,109.4113982,74.3152006,80.3648732,923.1238131,-594.6033134,-2.5612586,271.8059535,540.1874538,-419.6117465,94.7372309,59.9170858
0.9450000,0.1950000,0.1803474,77.5610612,915.1615603,-652.1893309,4.5747118,234.5176399,531.0955357,-450.1407026,88.9781834,61.1554463,63.1311748,900.5875957,-666.9212940,-3.0576219,219.7829123,516.3596049,-464.0934231,74.4214785,47.0682758
0.9500000,0.2000000,0.1853474,63.3588380,888.6258363,-710.8059256,3.2783496,192.1570975,511.7444223,-490.3305173,72.3609611,50.3793126,49.2231758,873.8916768,-725.4830992,-3.3965065,177.4295257,497.0085050,-504.8741374,58.0261896,36.6989846
0.9550000,0.2050000,0.1903474,51.7479190,866.9772188,-781.3553437,2.1155039,157.6236959,496.0030615,-523.2148873,58.8042768,41.5436884,38.0041867,852.2422722,-796.0908003,-3.6130793,142.9246464,481.2678404,-537.9349435,44.8008099,28.3345201
0.9600000,0.2100000,0.1953474,42.2451724,849.2884236,-871.6336728,1.0988688,129.4181899,483.1530205,-548.4720073,47.7263477,34.2880795,28.9609860,834.6375033,-885.9524872,-3.7352026,114.7973826,468.4415733,-563.2053022,34.1403341,21.5922432
0.9650000,0.2150000,0.2003474,34.4590481,833.0574823,-951.7769139,0.2311879,106.3201898,472.3186932,-567.7597115,38.6673012,28.3131513,21.6794926,819.8500509,-966.4641104,-3.7849259,91.8583987,457.9698805,-582.4948239,25.5566271,16.1634302
0.9700000,0.2200000,0.2053474,28.0650890,816.1826319,-1017.7850599,-0.4935054,87.3522715,461.2476259,-582.4310916,31.2498411,23.3736074,15.8252939,801.6078841,-1032.5202302,-3.7991884,73.1448930,449.0553056,-597.1665247,18.6554705,11.7987555
0.9750000,0.2250000,0.2103474,22.7973557,801.8719837,-1069.2997700,-1.0864158,71.7434697,448.7979650,-593.5175336,25.1620011,19.2714180,11.1280550,787.1731474,-1084.0356751,-3.9014975,57.8765079,434.7048769,-608.2529202,13.1181830,8.2966674
0.9800000,0.2300000,0.2153474,18.4414724,790.3946760,-1109.4495189,-1.5614413,58.8815416,437.0828928,-601.8054579,20.1502391,15.8447885,7.3690264,775.6828120,-1124.1854557,-4.0568003,45.4199766,423.0301802,-616.5405266,8.6868943,5.4940744
0.9850000,0.2350000,0.2203474,14.8230431,781.1879880,-1140.6678489,-1.9339843,48.2686491,426.1868388,-608.0767742,16.0104094,12.9582097,4.3710295,766.4768237,-1155.4037887,-4.1519242,35.2607554,413.1021980,-622.6317376,5.1527392,3.2588784
0.9900000,0.2400000,0.2253474,11.7961227,773.7563576,-1164.8309578,-2.2202770,39.4941008,416.3021419,-634.3665724,12.5747261,10.4989490,1.9904200,759.0484056,-1179.5668981,-4.2196225,26.9802392,402.2639815,-647.5553902,2.3463843,1.4839837
0.9950000,0.2450000,0.2303474,9.2379911,767.7112549,-1183.3925643,-2.4362492,32.2216578,407.9474292,-662.6597052,9.7015706,8.3783367,0.1106343,753.0070151,-1198.1285047,-4.2257376,20.2374454,393.6298642,-677.0046007,0.1304200,0.0824848
1.0000000,0.2500000,0.2353474,7.0497854,762.7511676,-1197.4850069,-2.5957742,26.1806719,401.1200756,-685.4295475,7.2724679,6.5325293,-1.3629981,748.0506112,-1212.2207897,-4.1858261,14.7542737,386.7252278,-699.9555777,-1.6067550,-1.0162011
1.0050000,0.2550000,0.2403474,5.1580438,758.6418871,-1236.0718913,-2.7093207,21.1531025,395.5888493,-709.4145859,5.1937039,4.9192454,-2.5074290,743.9448063,-1250.8075360,-4.1119365,10.3036307,381.1811851,-722.8607379,-2.9558546,-1.8694466
1.0100000,0.2600000,0.2453474,3.5128512,755.2010010,-1286.4691473,-2.7839328,16.9586586,391.1079564,-737.8718965,3.3973698,3.5110632,-3.3852548,740.5071252,-1301.1954764,-4.0133968,6.6998509,376.7100493,-751.0196876,-3.9906698,-2.5239212
1.0150000,0.2650000,0.2503474,2.0818978,752.2860279,-1326.2378739,-2.8243046,13.4447223,387.4669876,-762.5048704,1.8383065,2.2883805,-4.0474279,737.5950756,-1340.4343480,-4.0809631,3.7909614,373.0867312,-775.8762996,-4.7712650,-3.0176129
1.0200000,0.2700000,0.2553474,0.8430692,749.7853654,-1383.1009247,-2.8341047,10.4824676,384.4950975,-783.1356998,0.4873019,1.2346148,-4.5354457,735.0970689,-1397.7082000,-4.0968821,1.4524269,370.1345749,-797.2163624,-5.3465594,-3.3814611
1.0250000,0.2750000,0.2603474,-0.2213298,747.6113677,-1439.7881259,-2.8169114,7.9660325,382.0556914,-800.8362496,-0.6763186,0.3341546,-4.8831212,732.9254850,-1454.1754741,-4.0631616,-0.4179147,367.7145320,-814.8940641,-5.7564127,-3.6406751
1.0300000,0.2800000,0.2653474,-1.1274447,745.6950354,-1489.6861093,-2.7765759,5.8118117,380.0400407,-815.8341051,-1.6698123,-0.4280520,-5.1180137,731.0113551,-1504.4122834,-4.0297668,-1.9039578,365.7168550,-829.4812028,-6.0333131,-3.8158023
1.0350000,0.2850000,0.2703474,-1.8906474,743.9819277,-1529.1640055,-2.7171654,3.9565071,378.3616568,-828.1246983,-2.5091808,-1.0665715,-5.2625900,729.3002691,-1543.8993208,-4.1121490,-3.0746620,364.0547004,-841.4381972,-6.2037453,-3.9235930
1.0400000,0.2900000,0.2753474,-2.5257129,742.4290048,-1560.0902260,-2.6427324,2.3536788,376.9516925,-837.9545583,-3.2096525,-1.5956827,-5.4522971,727.7492164,-1574.8260882,-4.1459059,-3.9867609,362.6591858,-851.1393888,-6.4273794,-4.0650316
1.0450000,0.2950000,0.2803474,-3.0471160,741.0021806,-1584.1662652,-2.5570914,0.9692738,375.7552775,-845.6900461,-3.7859343,-2.0294277,-5.6550911,726.3241375,-1598.9021866,-4.1554616,-4.6869680,361.4755557,-858.8926902,-6.6664408,-4.2162274
1.0500000,0.3000000,0.2853474,-3.4692185,739.6744196,-1602.7331292,-2.4636685,-0.2228112,374.7286211,-851.6666997,-4.2525958,-2.3812307,-5.7690194,724.9980201,-1617.4683470,-4.1429140,-5.2137733,360.4601985,-864.9546819,-6.8007439,-4.3011681
1.0550000,0.3050000,0.2903474,-3.8059506,738.4242526,-1616.9278710,-2.3654212,-1.2439876,373.8367291,-856.1441774,-4.6241379,-2.6632024,-5.8368362,723.7494151,-1631.5806280,-4.1398759,-5.5989109,359.5783173,-869.5420780,-6.8806891,-4.3517299
1.0600000,0.3100000,0.2953474,-4.0700347,737.2346154,-1630.0886738,-2.2648090,-2.1127089,373.0516022,-859.3186955,-4.9144289,-2.8855631,-5.9355505,722.5612758,-1643.8100494,-4.1243823,-5.8685574,358.8021066,-872.8403311,-6.9970572,-4.4253276
1.0650000,0.3150000,0.3003474,-4.2722299,736.0919376,-1645.3407377,-2.1638110,-2.8453190,372.3508156,-861.3498357,-5.1357676,-3.0565290,-5.9698364,721.4200462,-1660.0340948,-4.0805837,-6.0875039,358.1093192,-875.0100211,-7.0374748,-4.4508899
1.0700000,0.3200000,0.3053474,-4.4210739,734.9854254,-1657.7729845,-2.0639863,-3.4567450,371.7163941,-862.3794038,-5.2981778,-3.1826641,-5.9530297,720.3149449,-1672.5031675,-4.0145961,-6.4089475,357.4821375,-876.1915630,-7.0176624,-4.4383594
1.0750000,0.3250000,0.3103474,-4.5232197,733.9064960,-1667.0683683,-1.9665531,-3.9611230,371.1339214,-862.5387239,-5.4093635,-3.2694350,-5.8960122,719.2373998,-1681.7931235,-3.9313397,-6.6219991,356.9062817,-876.5086643,-6.9504479,-4.3958492
1.0800000,0.3300000,0.3153474,-4.5840900,732.8483302,-1673.7045344,-1.8724466,-4.3720287,370.5918327,-861.9487642,-5.4752701,-3.3216994,-5.8154238,718.1806003,-1688.3796303,-3.8348057,-6.7475672,356.3703036,-876.0708768,-6.8554472,-4.3357655
1.0850000,0.3350000,0.3203474,-4.6084952,731.8055177,-1678.2106180,-1.7823431,-4.7021679,370.0808518,-860.7177778,-5.5008610,-3.3440022,-5.9123807,717.1391432,-1692.6595422,-3.7282538,-6.8027693,355.8650250,-874.9755092,-6.9697438,-4.4080530
1.0900000,0.3400000,0.3253474,-4.6010173,730.7737746,-1681.2158088,-1.6966794,-4.9627993,369.5935416,-858.9394713,-5.4907370,-3.3406899,-5.9821780,716.1087511,-1694.9669022,-3.6143605,-6.8016301,355.3830913,-873.3090962,-7.0520235,-4.4600913
1.0950000,0.3450000,0.3303474,-4.5661504,729.7497195,-1683.1862828,-1.6156820,-5.1633193,369.1239458,-856.6930536,-5.4494533,-3.3159034,-6.1662133,715.0860475,-1696.6818522,-3.4953312,-6.7729440,354.9186144,-871.1485699,-7.2689715,-4.5973012
1.1000000,0.3500000,0.3353474,-4.5082804,728.7306936,-1684.0792900,-1.5393960,-5.3112671,368.6673011,-854.0450553,-5.3815776,-3.2735101,-6.3705259,714.0683781,-1698.2698086,-3.3729861,-6.7942410,354.4668877,-868.5622331,-7.5098232,-4.7496292
1.1050000,0.3550000,0.3403474,-4.4315864,727.7146179,-1683.7045640,-1.4677122,-5.4127080,368.2198067,-851.0519462,-5.2916025,-3.2170200,-6.4845826,713.0536675,-1698.1789471,-3.2488277,-6.7688779,354.0241573,-865.6105990,-7.6442776,-4.8346656
1.1100000,0.3600000,0.3453474,-4.3399243,726.6998780,-1682.0448481,-1.4003829,-5.4727693,367.7784390,-847.7625606,-5.1838038,-3.1495202,-6.5269656,712.0403042,-1696.6392055,-3.1240943,-6.8278101,353.5874383,-862.3471418,-7.6942403,-4.8662648
1.1150000,0.3650000,0.3503474,-4.2367289,725.6852320,-1679.2050270,-1.3370355,-5.4961048,367.3408023,-844.2198452,-5.0621017,-3.0736467,-6.5127352,711.0270490,-1693.8543877,-2.9998019,-6.9776663,353.1543666,-858.8189820,-7.6774650,-4.8556552
1.1200000,0.3700000,0.3553474,-4.1249584,724.6697365,-1675.3274991,-1.2772442,-5.4871754,366.9050085,-840.4619319,-4.9299580,-2.9915985,-6.4541009,710.0129608,-1690.0042862,-2.8767803,-7.0724891,352.7230799,-855.0675196,-7.6083446,-4.8119396
1.1250000,0.3750000,0.3603474,-4.0070892,723.6526874,-1670.5553828,-1.2206487,-5.4503470,366.4695794,-836.5227554,-4.7903263,-2.9051805,-6.3609613,708.9973370,-1685.2468028,-2.7557010,-7.1627610,352.2921215,-851.1290236,-7.4985480,-4.7424982
1.1300000,0.3800000,0.3653474,-3.8851522,722.6335712,-1665.0204914,-1.1670107,-5.3898663,366.0333685,-832.4324402,-4.6456572,-2.8158648,-6.2413393,707.9796660,-1679.7200388,-2.6371018,-7.3991249,351.8603622,-847.0351784,-7.3575329,-4.6533124
1.1350000,0.3850000,0.3703474,-3.7607951,721.6120270,-1658.8402708,-1.1162139,-5.3097779,365.5954970,-828.2176021,-4.4979455,-2.7248570,-6.1017335,706.9595879,-1673.5443189,-2.5214069,-7.5428431,351.4269372,-842.8135905,-7.1929602,-4.5492275
1.1400000,0.3900000,0.3753474,-3.6353560,720.5878147,-1652.1177937,-1.0683463,-5.2138288,365.1553020,-823.9016326,-4.3488019,-2.6331655,-5.9559174,705.9368640,-1666.8241197,-2.4089441,-7.6114542,350.9911951,-838.4882532,-7.0210665,-4.4405124
1.1450000,0.3950000,0.3803474,-3.5099407,719.5607905,-1644.9427815,-1.0237973,-5.1053873,364.7122948,-819.5049937,-4.1995352,-2.5416670,-5.8108863,704.9113513,-1659.6498784,-2.2999595,-7.6194124,350.5526565,-834.0799711,-6.8500982,-4.3323825
1.1500000,0.4000000,0.3853474,-3.3854995,718.5308858,-1637.3929337,-0.9831052,-4.9873936,364.2661263,-815.0455251,-4.0512355,-2.4511568,-5.6546498,703.8829820,-1652.0996666,-2.1946303,-7.5786376,350.1109799,-829.6067456,-6.6659206,-4.2158984
1.1550000,0.4050000,0.3903474,-3.2628919,717.4980914,-1629.5352972,-0.9465843,-4.8623445,363.8165600,-810.5387182,-3.9048558,-2.3623687,-5.4906005,702.8517476,-1644.2407182,-2.0930752,-7.4989637,349.6659344,-825.0841210,-6.4725329,-4.0935892
1.1600000,0.4100000,0.3953474,-3.1429216,716.4624441,-1621.4275687,-0.9140721,-4.7323121,363.3634487,-805.9979225,-3.7612766,-2.2759601,-5.3214942,701.8176855,-1636.1308113,-1.9953640,-7.3885056,349.2173778,-820.5254949,-6.2731838,-3.9675098
1.1650000,0.4150000,0.4003474,-3.0263287,715.4240156,-1613.1192901,-0.8849752,-4.5989885,362.9067166,-801.4345626,-3.6213304,-2.1924746,-5.1495636,700.7808679,-1627.8195052,-1.9015255,-7.2539599,348.7652380,-815.9423933,-6.0705053,-3.8393247
1.1700000,0.4200000,0.4053474,-2.9137473,714.3829047,-1604.6529243,-0.8584751,-4.4637466,362.4463441,-796.8584155,-3.4857798,-2.1123005,-5.0110864,699.7413940,-1619.3492385,-1.8115544,-7.1008505,348.3094982,-811.3447148,-5.9072630,-3.7360812
1.1750000,0.4250000,0.4103474,-2.8056499,713.3392295,-1596.0648099,-0.8336854,-4.3277106,361.9823561,-792.2778797,-3.3552604,-2.0356447,-4.8664308,698.6993824,-1610.7562978,-1.7496925,-6.9337312,347.8501855,-806.7409455,-5.7367375,-3.6282313
1.1800000,0.4300000,0.4153474,-2.7023023,712.2931227,-1587.3860016,-0.8097434,-4.1918311,361.5148117,-787.7001918,-3.2302138,-1.9625377,-4.7168826,697.6549659,-1602.0716668,-1.6964866,-6.7563526,347.3873605,-802.1383469,-5.5604442,-3.5167337
1.1850000,0.4350000,0.4203474,-2.6037523,711.2447263,-1578.6430041,-0.7859149,-4.0569576,361.0437961,-783.1317689,-3.1108417,-1.8928715,-4.5644512,696.6082871,-1593.3217668,-1.6382618,-6.5717984,346.9211097,-797.5431206,-5.3807521,-3.4030865
1.1900000,0.4400000,0.4253474,-2.5098633,710.1941890,-1569.8584104,-0.7616986,-3.9238923,360.5694146,-778.5789900,-2.9971046,-1.8264694,-4.4292890,695.5594945,-1584.5291002,-1.5768912,-6.3825996,346.4515392,-792.9605521,-5.2214177,-3.3023145
1.1950000,0.4450000,0.4303474,-2.4203891,709.1416626,-1561.0514539,-0.7368693,-3.7934079,360.0917871,-774.0484717,-2.8887724,-1.7631896,-4.2952938,694.5087404,-1575.7128065,-1.5138315,-6.1976017,345.9787692,-788.3951349,-5.0634590,-3.2024127
1.2000000,0.4500000,0.4353474,-2.3350936,708.0873000,-1552.2384847,-0.7114428,-3.6662233,359.6110436,-769.5465897,-2.7855267,-1.7030238,-4.1739454,693.4561780,-1566.8891431,-1.4534782,-6.0187048,345.5029301,-783.8506792,-4.9204089,-3.1119398
1.2050000,0.4550000,0.4403474,-2.2538776,707.0312541,-1543.4333791,-0.6855965,-3.5429506,359.1273213,-765.0870332,-2.6871090,-1.6461053,-4.0703502,692.4019600,-1558.0718986,-1.3934162,-5.8372925,345.0241589,-779.3304053,-4.7982868,-3.0347030
1.2100000,0.4600000,0.4453474,-2.1768205,705.9736753,-1534.6478917,-0.6595856,-3.4240360,358.6407614,-760.6989617,-2.5934453,-1.5926029,-3.9595631,691.3462372,-1549.2727477,-1.3518112,-5.6549471,344.5425968,-774.8370249,-4.6676866,-2.9521042
1.2150000,0.4650000,0.4503474,-2.1040818,704.9147116,-1525.8919562,-0.6336794,-3.3097239,358.1515072,-756.3915337,-2.5046433,-1.5425740,-3.8436616,690.2891576,-1540.5015560,-1.3244581,-5.4729664,344.0583867,-770.3728110,-4.5310575,-2.8656924
1.2200000,0.4700000,0.4553474,-2.0357298,703.8545071,-1517.1739441,-0.6081225,-3.2000652,357.6597023,-752.1183029,-2.4208442,-1.4958643,-3.7243794,689.2308655,-1531.7666412,-1.2959011,-5.3143133,343.5716717,-765.9396584,-4.3904429,-2.7767599
1.2250000,0.4750000,0.4603474,-1.9716074,702.7932018,-1508.5008862,-0.5831157,-3.0949848,357.1654891,-747.8215285,-2.3420335,-1.4520871,-3.6031564,688.1715009,-1523.0749962,-1.2778249,-5.1554393,343.0825939,-761.5391360,-4.2475405,-2.6863805
1.2300000,0.4800000,0.4653474,-1.9112875,701.7309312,-1499.8786649,-0.5588123,-2.9943923,356.6690081,-743.4845909,-2.2679205,-1.4106703,-3.4811826,687.1111993,-1514.4324807,-1.2475811,-4.9967070,342.5912932,-757.1725317,-4.1037531,-2.5954414
1.2350000,0.4850000,0.4703474,-1.8541164,700.6678257,-1491.3121816,-0.5353205,-2.8982702,356.1703967,-739.1294142,-2.1979242,-1.3709522,-3.3594352,686.0500913,-1505.8439845,-1.2090789,-4.8519977,342.0979063,-752.8408915,-3.9602325,-2.5046710
1.2400000,0.4900000,0.4753474,-1.7993198,699.6040110,-1482.8054841,-0.5127102,-2.8066760,355.6697889,-734.7894240,-2.1312501,-1.3322944,-3.2387103,684.9883026,-1497.3135672,-1.1699456,-4.7074521,341.6025667,-748.5450528,-3.8179174,-2.4146630
1.2450000,0.4950000,0.4803474,-1.7461364,698.5396074,-1474.3618611,-0.4910205,-2.7196555,355.1673146,-730.4902452,-2.0670254,-1.2941777,-3.1196507,683.9259536,-1488.8445783,-1.1348601,-4.5609599,341.1054035,-744.2856734,-3.6775653,-2.3258965
1.2500000,0.5000000,0.4853474,-1.6939352,697.4747303,-1465.9839596,-0.4702667,-2.6371276,354.6630996,-726.2443272,-2.0044470,-1.2562543,-3.0027691,682.8631597,-1480.4397589,-1.0939919,-4.4208868,340.6065419,-740.0632564,-3.5397808,-2.2387539
1.2550000,0.5050000,0.4903474,-1.6422845,696.4094901,-1457.6739110,-0.4504459,-2.5588044,354.1572650,-722.0540243,-1.9428957,-1.2183532,-2.8884683,681.8000313,-1472.1013295,-1.0496710,-4.3045812,340.1061023,-735.8781718,-3.4050386,-2.1535355
1.2600000,0.5100000,0.4953474,-1.5909626,695.3439921,-1449.4334108,-0.4315428,-2.4841801,353.6499276,-717.9166656,-1.8819864,-1.1804512,-2.7770585,680.7366738,-1463.8310649,-1.0035994,-4.1837844,339.6042006,-731.7306753,-3.2737044,-2.0704724
1.2650000,0.5150000,0.5003474,-1.5399272,694.2783369,-1441.2637641,-0.4135328,-2.4125910,353.1411992,-713.8282253,-1.8215596,-1.1426297,-2.6687720,679.6731878,-1455.6303584,-0.9570092,-4.0600748,339.1009481,-727.6209239,-3.1460520,-1.9897380
1.2700000,0.5200000,0.5053474,-1.4892635,693.2126204,-1433.1659287,-0.3963855,-2.3433214,352.6311871,-709.7850704,-1.7616340,-1.1050308,-2.5637758,678.6096692,-1447.5002764,-0.9107803,-3.9347652,338.5964515,-723.5489900,-3.0222784,-1.9114567
1.2750000,0.5250000,0.5103474,-1.4391318,692.1469338,-1425.1405654,-0.3800666,-2.2757157,352.1199942,-705.7844535,-1.7023458,-1.0678216,-2.4621824,677.5462091,-1439.4416061,-0.8655299,-3.8089416,338.0908127,-719.5148735,-2.9025161,-1.8357124
1.2800000,0.5300000,0.5153474,-1.3897232,691.0813641,-1417.1880854,-0.3645398,-2.2092618,351.6077186,-701.8244483,-1.6438918,-1.0311689,-2.3640590,676.4828946,-1431.4548951,-0.8216791,-3.6834973,337.5841292,-715.5185122,-2.7868444,-1.7625552
1.2850000,0.5350000,0.5203474,-1.3412284,690.0159939,-1409.3086910,-0.3497681,-2.1436282,351.0944540,-697.9037307,-1.5864862,-0.9952234,-2.2799490,675.4198084,-1423.5404870,-0.7795028,-3.5591620,337.0764943,-711.5597904,-2.6876923,-1.6998459
1.2900000,0.5400000,0.5253474,-1.2938188,688.9509020,-1401.5024096,-0.3357141,-2.0786592,350.5802900,-694.0213708,-1.5303309,-0.9601122,-2.1976172,674.3570292,-1415.6985504,-0.7391684,-3.4365261,336.5679966,-707.6385472,-2.5906364,-1.6384623
1.2950000,0.5450000,0.5303474,-1.2476366,687.8861631,-1393.7691213,-0.3223415,-2.0143428,350.0653119,-690.1766801,-1.4755996,-0.9259358,-2.1162809,673.2946316,-1407.9291048,-0.7007639,-3.3160619,336.0587208,-703.7545829,-2.4947540,-1.5778210
1.3000000,0.5500000,0.5353474,-1.2027916,686.8218484,-1386.1085832,-0.3096147,-1.9507672,349.5496009,-686.3691111,-1.4224297,-0.8927689,-2.0509795,672.2326869,-1400.2320427,-0.6643196,-3.1981422,335.5487476,-699.9076647,-2.4177743,-1.5291347
1.3050000,0.5550000,0.5403474,-1.1593621,685.7580255,-1378.5204494,-0.2974994,-1.8880790,349.0332346,-682.5981959,-1.3709219,-0.8606627,-2.0031891,671.1712625,-1392.6071483,-0.6298244,-3.0830555,335.0381539,-696.0975323,-2.3614370,-1.4935039
1.3100000,0.5600000,0.5453474,-1.1173983,684.6947585,-1371.0042889,-0.2859627,-1.8264490,348.5162865,-678.8635091,-1.3211428,-0.8296480,-1.9491165,670.1104228,-1385.0541142,-0.5972380,-2.9710192,334.5270127,-692.3239018,-2.2976941,-1.4531894
1.3150000,0.5650000,0.5503474,-1.0769259,683.6321087,-1363.5596002,-0.2749736,-1.7660469,347.9988270,-675.1646474,-1.2731286,-0.7997391,-1.8907881,669.0502288,-1377.5725548,-0.5665001,-2.8621910,334.0153936,-688.5864694,-2.2289343,-1.4097018
1.3200000,0.5700000,0.5553474,-1.0379507,682.5701339,-1356.1858247,-0.2645022,-1.7070260,347.4809227,-671.5012176,-1.2268908,-0.7709363,-1.8297871,667.9907384,-1370.1620191,-0.5375372,-2.7566789,333.5033628,-684.8849153,-2.1570240,-1.3642217
1.3250000,0.5750000,0.5603474,-1.0004625,681.5088895,-1348.8823573,-0.2545205,-1.6495148,346.9626371,-667.8728309,-1.1824205,-0.7432295,-1.7673447,666.9320069,-1362.8220006,-0.5102677,-2.6545493,332.9909832,-681.2189061,-2.0834145,-1.3176670
1.3300000,0.5800000,0.5653474,-0.9644387,680.4484277,-1341.6485559,-0.2450019,-1.5936136,346.4440308,-664.2790996,-1.1396931,-0.7166000,-1.7065136,665.8740865,-1355.5519465,-0.4846057,-2.5577785,332.4783147,-677.5880973,-2.0117044,-1.2723136
1.3350000,0.5850000,0.5703474,-0.9298475,679.3887986,-1334.4837490,-0.2359214,-1.5393949,345.9251610,-660.7196360,-1.0986721,-0.6910233,-1.6470025,664.8170272,-1348.3512657,-0.4604637,-2.4683819,331.9654142,-673.9921356,-1.9415504,-1.2279443
1.3400000,0.5900000,0.5753474,-0.8966500,678.3300494,-1327.3872425,-0.2272553,-1.4869050,345.4060826,-657.1940521,-1.0593121,-0.6664702,-1.5872249,663.7608762,-1341.2193351,-0.4377546,-2.3991627,331.4523359,-670.4306608,-1.8710823,-1.1833763
1.3450000,0.5950000,0.5803474,-0.8648030,677.2722252,-1320.3583250,-0.2189814,-1.4361681,344.8868474,-653.7019598,-1.0215618,-0.6429085,-1.5278457,662.7056786,-1334.1555056,-0.4163930,-2.3341246,330.9391312,-666.9033073,-1.8010838,-1.1391054
1.3500000,0.6000000,0.5853474,-0.8342598,676.2153689,-1313.3962729,-0.2110788,-1.3871887,344.3675049,-650.2429715,-0.9853657,-0.6203040,-1.4693644,661.6514771,-1327.1591071,-0.3962964,-2.2660912,330.4258491,-663.4097053,-1.7321437,-1.0955039
1.3550000,0.6050000,0.5903474,-0.8049721,675.1595213,-1306.5003536,-0.2035278,-1.3399560,343.8481021,-646.8167005,-0.9506659,-0.5986212,-1.4121500,660.5983125,-1320.2294526,-0.3773856,-2.1962933,329.9125361,-659.9494828,-1.6646972,-1.0528470
1.3600000,0.6100000,0.5953474,-0.7768907,674.1047212,-1299.6698293,-0.1963099,-1.2944466,343.3286836,-643.4227617,-0.9174036,-0.5778244,-1.3564690,659.5462235,-1313.3658424,-0.3595851,-2.1257022,329.3992364,-656.5222655,-1.5990583,-1.0113333
1.3650000,0.6150000,0.6003474,-0.7499662,673.0510054,-1292.9039594,-0.1894076,-1.2506271,342.8092922,-640.0607724,-0.8855195,-0.5578778,-1.3025071,658.4952470,-1306.5675669,-0.3428236,-2.0550795,328.8859921,-653.1276789,-1.5354459,-0.9711012
1.3700000,0.6200000,0.6053474,-0.7241500,671.9984091,-1286.2020026,-0.1828045,-1.2084570,342.2899681,-636.7303525,-0.8549551,-0.5387458,-1.2503866,657.4454180,-1299.8339093,-0.3270338,-1.9850178,328.3728434,-649.7653480,-1.4740043,-0.9322421
1.3750000,0.6250000,0.6103474,-0.6993942,670.9469659,-1279.5632190,-0.1764852,-1.1678904,341.7707500,-633.4311249,-0.8256530,-0.5203938,-1.2001809,656.3967699,-1293.1641483,-0.3121524,-1.9159728,327.8598282,-646.4348990,-1.4148198,-0.8948106
1.3800000,0.6300000,0.6153474,-0.6756522,669.8967074,-1272.9868714,-0.1704352,-1.1288778,341.2516745,-630.1627163,-0.7975572,-0.5027879,-1.1519251,655.3493345,-1286.5575600,-0.2981200,-1.8482904,327.3469827,-643.1359591,-1.3579340,-0.8588329
1.3850000,0.6350000,0.6203474,-0.6528790,668.8476641,-1266.4722265,-0.1646408,-1.0913669,340.7327764,-626.9247573,-0.7706136,-0.4858953,-1.1056248,654.3031421,-1280.0134198,-0.2848812,-1.7822277,326.8343416,-639.8681573,-1.3033534,-0.8243131
1.3900000,0.6400000,0.6253474,-0.6310309,667.7998649,-1260.0185561,-0.1590892,-1.0553046,340.2140890,-623.7168825,-0.7447698,-0.4696844,-1.0612635,653.2582214,-1273.5310034,-0.2723842,-1.7179707,326.3219375,-636.6311249,-1.2510586,-0.7912389
1.3950000,0.6450000,0.6303474,-0.6100661,666.7533374,-1253.6251377,-0.1537682,-1.0206369,339.6956438,-620.5387308,-0.7199757,-0.4541246,-1.0188077,652.2146000,-1267.1095890,-0.2605808,-1.6556483,325.8098018,-633.4244958,-1.2010101,-0.7595855
1.4000000,0.6500000,0.6353474,-0.5899444,665.7081078,-1247.2912553,-0.1486664,-0.9873101,339.1774711,-617.3899460,-0.6961831,-0.4391867,-0.9782118,651.1723040,-1260.7484574,-0.2494258,-1.5953438,325.2979641,-630.2479067,-1.1531540,-0.7293186
1.4050000,0.6550000,0.6403474,-0.5706274,664.6642012,-1241.0161999,-0.1437731,-0.9552711,338.6595994,-614.2701763,-0.6733460,-0.4248428,-0.9394210,650.1313584,-1254.4468938,-0.2388776,-1.5371044,324.7864529,-627.1009976,-1.1074259,-0.7003977
1.4100000,0.6600000,0.6453474,-0.5520784,663.6216415,-1234.7992699,-0.1390780,-0.9244678,338.1420561,-611.1790745,-0.6514204,-0.4110660,-0.9023746,649.0917870,-1248.2041882,-0.2288971,-1.4809485,324.2752950,-623.9834118,-1.0637542,-0.6727772
1.4150000,0.6650000,0.6503474,-0.5342624,662.5804514,-1228.6397713,-0.1345715,-0.8948495,337.6248672,-608.1162984,-0.6303644,-0.3978307,-0.8670077,648.0536124,-1242.0196358,-0.2194480,-1.4268723,323.7645161,-620.8947963,-1.0220624,-0.6464090
1.4200000,0.6700000,0.6553474,-0.5171459,661.5406528,-1222.5370182,-0.1302448,-0.8663667,337.1080576,-605.0815106,-0.6101383,-0.3851125,-0.8332534,647.0168564,-1235.8925383,-0.2104967,-1.3748541,323.2541408,-617.8348017,-0.9822714,-0.6212430
1.4250000,0.6750000,0.6603474,-0.5006972,660.5022663,-1216.4903330,-0.1260891,-0.8389718,336.5916509,-602.0743784,-0.5907039,-0.3728882,-0.8010434,645.9815395,-1229.8222038,-0.2020119,-1.3248593,322.7441923,-614.8030824,-0.9443010,-0.5972284
1.4300000,0.6800000,0.6653474,-0.4848861,659.4653119,-1210.4990463,-0.1220964,-0.8126187,336.0756696,-599.0945740,-0.5720252,-0.3611355,-0.7703097,644.9476816,-1223.8079472,-0.1939643,-1.2768426,322.2346930,-611.7992970,-0.9080710,-0.5743145
1.4350000,0.6850000,0.6703474,-0.4696838,658.4298084,-1204.5624970,-0.1182592,-0.7872632,335.5601352,-596.1417741,-0.5540678,-0.3498335,-0.7409850,643.9153013,-1217.8490909,-0.1863270,-1.2307517,321.7256640,-608.8231079,-0.8735019,-0.5524511
1.4400000,0.6900000,0.6753474,-0.4550629,657.3957740,-1198.6800326,-0.1145701,-0.7628627,335.0450684,-593.2156604,-0.5367993,-0.3389620,-0.7131428,642.8844167,-1211.9449648,-0.1790748,-1.1865285,321.2171256,-605.8741816,-0.8406804,-0.5316930
1.4450000,0.6950000,0.6803474,-0.4409974,656.3632258,-1192.8510091,-0.1110224,-0.7393764,334.5304886,-590.3159191,-0.5201884,-0.3285019,-0.6868347,641.8550448,-1206.0949065,-0.1721841,-1.1441117,320.7090970,-602.9521890,-0.8096674,-0.5120787
1.4500000,0.7000000,0.6853474,-0.4274625,655.3321805,-1187.0747910,-0.1076096,-0.7167654,334.0164146,-587.4422409,-0.5042059,-0.3184350,-0.6617070,640.8272022,-1200.2982617,-0.1656419,-1.1034372,320.2015967,-600.0568048,-0.7800459,-0.4933443
1.4550000,0.7050000,0.6903474,-0.4144349,654.3026538,-1181.3507512,-0.1043255,-0.6949921,333.5028641,-584.5943209,-0.4888237,-0.3087441,-0.6377016,639.8009045,-1194.5543838,-0.1595193,-1.0644402,319.6946422,-597.1877081,-0.7517474,-0.4754468
1.4600000,0.7100000,0.6953474,-0.4018921,653.2746607,-1175.6782710,-0.1011645,-0.6740210,332.9898542,-581.7718589,-0.4740153,-0.2994126,-0.6147631,638.7761666,-1188.8626347,-0.1536849,-1.0270553,319.1882503,-594.3445822,-0.7247066,-0.4583447
1.4650000,0.7150000,0.7003474,-0.3898128,652.2482158,-1170.0567402,-0.0981210,-0.6538179,332.4774012,-578.9745588,-0.4597554,-0.2904251,-0.5928384,637.7530027,-1183.2223843,-0.1481221,-0.9912175,318.6824369,-591.5271145,-0.6988609,-0.4419984
1.4700000,0.7200000,0.7053474,-0.3781771,651.2233328,-1164.4855568,-0.0951898,-0.6343503,331.9655206,-576.2021287,-0.4460201,-0.2817665,-0.5718770,636.7314266,-1177.6330107,-0.1428155,-0.9568626,318.1772174,-588.7349965,-0.6741509,-0.4263704
1.4750000,0.7250000,0.7103474,-0.3669655,650.2000249,-1158.9641271,-0.0923659,-0.6155870,331.4542272,-573.4542810,-0.4327865,-0.2734228,-0.5518309,635.7114514,-1172.0939004,-0.1377509,-0.9239279,317.6726064,-585.9679241,-0.6505197,-0.4114248
1.4800000,0.7300000,0.7153474,-0.3561600,649.1783047,-1153.4918653,-0.0896447,-0.5974985,330.9435352,-570.7307320,-0.4200330,-0.2653804,-0.5326544,634.6930895,-1166.6044480,-0.1329148,-0.8923520,317.1686178,-583.2255972,-0.6279137,-0.3971275
1.4850000,0.7350000,0.7203474,-0.3457431,648.1581844,-1148.0681939,-0.0870218,-0.5800563,330.4334581,-568.0312022,-0.4077390,-0.2576266,-0.5143041,633.6763528,-1161.1640563,-0.1282947,-0.8620755,316.6652648,-580.5077196,-0.6062816,-0.3834461
1.4900000,0.7400000,0.7253474,-0.3356983,647.1396755,-1142.6925432,-0.0844928,-0.5632337,329.9240089,-565.3554157,-0.3958849,-0.2501491,-0.4967387,632.6612528,-1155.7721362,-0.1238788,-0.8330408,316.1625603,-577.8139995,-0.5855749,-0.3703501
1.4950000,0.7450000,0.7303474,-0.3260099,646.1227891,-1137.3643514,-0.0820539,-0.5470047,329.4152000,-562.7031007,-0.3844521,-0.2429364,-0.4799194,631.6478004,-1150.4281069,-0.1196562,-0.8051925,315.6605164,-575.1441488,-0.5657477,-0.3578102
1.5000000,0.7500000,0.7353474,-0.3166630,645.1075357,-1132.0830642,-0.0797012,-0.5313449,328.9070431,-560.0739890,-0.3734228,-0.2359773,-0.4638092,630.6360060,-1145.1313954,-0.1156164,-0.7784772,315.1591447,-572.4978838,-0.5467562,-0.3457990
1.5050000,0.7550000,0.7403474,-0.3076433,644.0939255,-1126.8481351,-0.0774310,-0.5162309,328.3995497,-557.4678160,-0.3627801,-0.2292614,-0.4483729,629.6258796,-1139.8814369,-0.1117499,-0.7528437,314.6584563,-569.8749243,-0.5285594,-0.3342903
1.5100000,0.7600000,0.7453474,-0.2989373,643.0819682,-1121.6590251,-0.0752399,-0.5016403,327.8927305,-554.8843208,-0.3525081,-0.2227787,-0.4335776,628.6174309,-1134.6776743,-0.1080476,-0.7282430,314.1584619,-567.2749943,-0.5111181,-0.3232595
1.5150000,0.7650000,0.7503474,-0.2905321,642.0716732,-1116.5152024,-0.0731247,-0.4875518,327.3865958,-552.3232459,-0.3425915,-0.2165195,-0.4193918,627.6106689,-1129.5195584,-0.1045009,-0.7046279,313.6591716,-564.6978215,-0.4943954,-0.3126831
1.5200000,0.7700000,0.7553474,-0.2824154,641.0630493,-1111.4161427,-0.0710822,-0.4739452,326.8811556,-549.7843374,-0.3330156,-0.2104748,-0.4057859,626.6056024,-1124.4065477,-0.1011019,-0.6819538,313.1605950,-562.1431374,-0.4783562,-0.3025390
1.5250000,0.7750000,0.7603474,-0.2745755,640.0561050,-1106.3613286,-0.0691095,-0.4608010,326.3764194,-547.2673446,-0.3237665,-0.2046359,-0.3927317,625.6022397,-1119.3381082,-0.0978431,-0.6601777,312.6627417,-559.6106773,-0.4629674,-0.2928063
1.5300000,0.7800000,0.7653474,-0.2670011,639.0508486,-1101.3502498,-0.0672037,-0.4481008,325.8723962,-544.7720203,-0.3148312,-0.1989945,-0.3802027,624.6005889,-1114.3137137,-0.0947173,-0.6392588,312.1656203,-557.1001803,-0.4481977,-0.2834651
1.5350000,0.7850000,0.7703474,-0.2596817,638.0472878,-1096.3824031,-0.0653621,-0.4358268,325.3690947,-542.2981203,-0.3061969,-0.1935427,-0.3681738,623.6006576,-1109.3328451,-0.0917180,-0.6191581,311.6692394,-554.6113889,-0.4340175,-0.2744968
1.5400000,0.7900000,0.7753474,-0.2526071,637.0454302,-1091.4572919,-0.0635822,-0.4239622,324.8665231,-539.8454038,-0.2978517,-0.1882730,-0.3566211,622.6024531,-1104.3949908,-0.0888389,-0.5998385,311.1736072,-552.1440494,-0.4203987,-0.2658835
1.5450000,0.7950000,0.7803474,-0.2457676,636.0452828,-1086.5744264,-0.0618614,-0.4124909,324.3646896,-537.4136330,-0.2897840,-0.1831782,-0.3455221,621.6059825,-1099.4996463,-0.0860741,-0.5812648,310.6787314,-549.6979116,-0.4073148,-0.2576085
1.5500000,0.8000000,0.7853474,-0.2391540,635.0468527,-1081.7333233,-0.0601976,-0.4013976,323.8636015,-535.0025734,-0.2819830,-0.1782514,-0.3348555,620.6112525,-1094.6463144,-0.0834181,-0.5634032,310.1846196,-547.2727286,-0.3947407,-0.2496559
1.5550000,0.8050000,0.7903474,-0.2327573,634.0501463,-1076.9335059,-0.0585883,-0.3906675,323.3632663,-532.6119932,-0.2744381,-0.1734861,-0.3246012,619.6182694,-1089.8345047,-0.0808657,-0.5462219,309.6912787,-544.8682572,-0.3826525,-0.2420107
1.5600000,0.8100000,0.7953474,-0.2265693,633.0551700,-1072.1745040,-0.0570316,-0.3802867,322.8636909,-530.2416638,-0.2671395,-0.1688760,-0.3147400,618.6270394,-1085.0637338,-0.0784118,-0.5296904,309.1987157,-542.4842576,-0.3710277,-0.2346585
1.5650000,0.8150000,0.8003474,-0.2205818,632.0619297,-1067.4558533,-0.0555253,-0.3702416,322.3648820,-527.8913595,-0.2600776,-0.1644152,-0.3052538,617.6375684,-1080.3335250,-0.0760519,-0.5137797,308.7069371,-540.1204930,-0.3598450,-0.2275860
1.5700000,0.8200000,0.8053474,-0.2147871,631.0704313,-1062.7770961,-0.0540676,-0.3605195,321.8668460,-525.5608574,-0.2532433,-0.1600979,-0.2961255,616.6498619,-1075.6434084,-0.0737816,-0.4984624,308.2159492,-537.7767302,-0.3490842,-0.2207803
1.5750000,0.8250000,0.8103474,-0.2091780,630.0806803,-1058.1377805,-0.0526565,-0.3511082,321.3695889,-523.2499375,-0.2466280,-0.1559187,-0.2873389,615.6639252,-1070.9929205,-0.0715966,-0.4837123,307.7257579,-535.4527390,-0.3387262,-0.2142293
1.5800000,0.8300000,0.8153474,-0.2037473,629.0926819,-1053.5374607,-0.0512904,-0.3419958,320.8731167,-520.9583826,-0.2402232,-0.1518723,-0.2788786,614.6797636,-1066.3816046,-0.0694932,-0.4695044,307.2363689,-533.1482927,-0.3287529,-0.2079216
1.5850000,0.8350000,0.8203474,-0.1984883,628.1064412,-1048.9756969,-0.0499674,-0.3331713,320.3774350,-518.6859782,-0.2340212,-0.1479537,-0.2707299,613.6973819,-1061.8090101,-0.0674675,-0.4558152,306.7477879,-530.8631675,-0.3191469,-0.2018462
1.5900000,0.8400000,0.8253474,-0.1933947,627.1219630,-1044.4520549,-0.0486860,-0.3246238,319.8825491,-516.4325125,-0.2280142,-0.1441583,-0.2628791,612.7167846,-1057.2746926,-0.0655161,-0.4426221,306.2600199,-528.5971426,-0.3098920,-0.1959929
1.5950000,0.8450000,0.8303474,-0.1884602,626.1392520,-1039.9661064,-0.0474447,-0.3163430,319.3884641,-514.1977764,-0.2221950,-0.1404814,-0.2553129,611.7379764,-1052.7782142,-0.0636357,-0.4299037,305.7730700,-526.3500004,-0.3009728,-0.1903519
1.6000000,0.8500000,0.8353474,-0.1836791,625.1583125,-1035.5174286,-0.0462420,-0.3083192,318.8951850,-511.9815634,-0.2165567,-0.1369185,-0.2480191,610.7609614,-1048.3191428,-0.0618230,-0.4176397,305.2869431,-524.1215263,-0.2923745,-0.1849139
1.6050000,0.8550000,0.8403474,-0.1790455,624.1791488,-1031.1056044,-0.0450763,-0.3005430,318.4027165,-509.7836696,-0.2110926,-0.1334657,-0.2410073,609.7857436,-1043.8970524,-0.0601087,-0.4059570,304.8016437,-521.9115084,-0.2841087,-0.1796861
1.6100000,0.8600000,0.8453474,-0.1745542,623.2017649,-1026.7302218,-0.0439465,-0.2930052,317.9110631,-507.6038938,-0.2057963,-0.1301188,-0.2345183,608.8123269,-1039.5115228,-0.0584933,-0.3950326,304.3171762,-519.7197380,-0.2764593,-0.1748482
1.6150000,0.8650000,0.8503474,-0.1702001,622.2261646,-1022.3908747,-0.0428511,-0.2856973,317.4202291,-505.4420371,-0.2006618,-0.1268739,-0.2282409,607.8407149,-1035.1621396,-0.0569306,-0.3844631,303.8335449,-517.5460091,-0.2690592,-0.1701680
1.6200000,0.8700000,0.8553474,-0.1659780,621.2523515,-1018.0871619,-0.0417890,-0.2786110,316.9302186,-503.2979032,-0.1956831,-0.1237275,-0.2221667,606.8709113,-1030.8484942,-0.0554185,-0.3742351,303.3507538,-515.3901185,-0.2618988,-0.1656393
1.6250000,0.8750000,0.8603474,-0.1618834,620.2803293,-1013.8186876,-0.0407589,-0.2717384,316.4410355,-501.1712982,-0.1908548,-0.1206760,-0.2162883,605.9029191,-1026.5701834,-0.0539551,-0.3643357,302.8688067,-513.2518656,-0.2549690,-0.1612566
1.6300000,0.8800000,0.8653474,-0.1579116,619.3101011,-1009.5850611,-0.0397596,-0.2650718,315.9526837,-499.0620308,-0.1861713,-0.1177159,-0.2105982,604.9367417,-1022.3268097,-0.0525387,-0.3547526,302.3877074,-511.1310529,-0.2482613,-0.1570142
1.6350000,0.8850000,0.8703474,-0.1540583,618.3416703,-1005.3858966,-0.0387902,-0.2586039,315.4651667,-496.9699118,-0.1816277,-0.1148441,-0.2050893,603.9723820,-1018.1179809,-0.0511673,-0.3454742,301.9074592,-509.0274851,-0.2417672,-0.1529070
1.6400000,0.8900000,0.8753474,-0.1503193,617.3750396,-1001.2208137,-0.0378496,-0.2523279,314.9784880,-494.8947546,-0.1772189,-0.1120575,-0.1997548,603.0098428,-1013.9433101,-0.0498394,-0.3364889,301.4280657,-506.9409700,-0.2354787,-0.1489298
1.6450000,0.8950000,0.8803474,-0.1466906,616.4102121,-997.0894364,-0.0369366,-0.2462368,314.4926509,-492.8363749,-0.1729402,-0.1093530,-0.1945884,602.0491268,-1009.8024158,-0.0485533,-0.3277862,300.9495300,-504.8713175,-0.2293884,-0.1450780
1.6500000,0.9000000,0.8853474,-0.1431683,615.4471905,-992.9913939,-0.0360505,-0.2403244,314.0076585,-490.7945907,-0.1687870,-0.1067279,-0.1895838,601.0902366,-1005.6949216,-0.0473075,-0.3193555,300.4718552,-502.8183405,-0.2234888,-0.1413467
1.6550000,0.9050000,0.8903474,-0.1397489,614.4859772,-988.9263201,-0.0351902,-0.2345843,313.5235139,-488.7692221,-0.1647551,-0.1041793,-0.1847351,600.1331745,-1001.6204559,-0.0461005,-0.3111870,299.9950442,-500.7818540,-0.2177730,-0.1377317
1.6600000,0.9100000,0.8953474,-0.1364286,613.5265748,-984.8938536,-0.0343548,-0.2290108,313.0402198,-486.7600917,-0.1608402,-0.1017046,-0.1800366,599.1779429,-997.5786526,-0.0449308,-0.3032711,299.5190999,-498.7616759,-0.2122342,-0.1342287
1.6650000,0.9150000,0.9003474,-0.1332042,612.5689856,-980.8936376,-0.0335435,-0.2235980,312.5577790,-484.7670242,-0.1570383,-0.0993013,-0.1754829,598.2245438,-993.5691501,-0.0437971,-0.2955987,299.0440248,-496.7576260,-0.2068660,-0.1308336
1.6700000,0.9200000,0.9053474,-0.1300723,611.6132117,-976.9253198,-0.0327555,-0.2183405,312.0761941,-482.7898466,-0.1533456,-0.0969669,-0.1710686,597.2729793,-989.5915919,-0.0426982,-0.2881611,298.5698216,-494.7695270,-0.2016624,-0.1275425
1.6750000,0.9250000,0.9103474,-0.1270298,610.6592551,-972.9885527,-0.0319900,-0.2132331,311.5954677,-480.8283878,-0.1497583,-0.0946992,-0.1667889,596.3232512,-985.6456261,-0.0416327,-0.2809498,298.0964927,-492.7972036,-0.1966172,-0.1243517
1.6800000,0.9300000,0.9153474,-0.1240738,609.7071179,-969.0829929,-0.0312462,-0.2082706,311.1156020,-478.8824792,-0.1462729,-0.0924958,-0.1626389,595.3753614,-981.7309055,-0.0405994,-0.2739568,297.6240404,-490.8404830,-0.1917250,-0.1212576
1.6850000,0.9350000,0.9203474,-0.1212012,608.7568019,-965.2083016,-0.0305234,-0.2034483,310.6365994,-476.9519542,-0.1428860,-0.0903547,-0.1586140,594.4293115,-977.8470877,-0.0395973,-0.2671744,297.1524668,-488.8991945,-0.1869803,-0.1182567
1.6900000,0.9400000,0.9253474,-0.1184093,607.8083087,-961.3641442,-0.0298209,-0.1987615,310.1584619,-475.0366482,-0.1395943,-0.0882737,-0.1547097,593.4851030,-973.9938345,-0.0386252,-0.2605952,296.6817741,-486.9731699,-0.1823778,-0.1153458
1.6950000,0.9450000,0.9303474,-0.1156955,606.8616399,-957.5501904,-0.0291380,-0.1942056,309.6811916,-473.1363987,-0.1363946,-0.0862508,-0.1509219,592.5427373,-970.1708125,-0.0376820,-0.2542120,296.2119644,-485.0622431,-0.1779126,-0.1125218
1.7000000,0.9500000,0.9353474,-0.1130571,605.9167971,-953.7661141,-0.0284741,-0.1897763,309.2047905,-471.2510453,-0.1332839,-0.0842842,-0.1472464,591.6022158,-966.3776925,-0.0367668,-0.2480180,295.7430393,-483.1662499,-0.1735798,-0.1097815
1.7050000,0.9550000,0.9403474,-0.1104917,604.9737816,-950.0115934,-0.0278286,-0.1854696,308.7292603,-469.3804298,-0.1302593,-0.0823720,-0.1436794,590.6635397,-962.6141498,-0.0358785,-0.2420066,295.2750009,-481.2850288,-0.1693748,-0.1071220
1.7100000,0.9600000,0.9453474,-0.1079970,604.0325947,-946.2863104,-0.0272008,-0.1812813,308.2546029,-467.5243957,-0.1273179,-0.0805123,-0.1402170,589.7267101,-958.8798638,-0.0350163,-0.2361715,294.8078507,-479.4184198,-0.1652933,-0.1045407
1.7150000,0.9650000,0.9503474,-0.1055705,603.0932376,-942.5899513,-0.0265901,-0.1772078,307.7808198,-465.6827886,-0.1244571,-0.0787036,-0.1368558,588.7917280,-955.1745181,-0.0341792,-0.2305067,294.3415904,-477.5662655,-0.1613309,-0.1020346
1.7200000,0.9700000,0.9553474,-0.1032101,602.1557113,-938.9222061,-0.0259961,-0.1732451,307.3079126,-463.8554563,-0.1216742,-0.0769441,-0.1335922,587.8585945,-951.4978006,-0.0333664,-0.2250064,293.8762215,-475.7284103,-0.1574836,-0.0996014
1.7250000,0.9750000,0.9603474,-0.1009137,601.2200169,-935.2827690,-0.0254182,-0.1693899,306.8358828,-462.0422482,-0.1189667,-0.0752323,-0.1304228,586.9273102,-947.8494031,-0.0325770,-0.2196649,293.4117455,-473.9047005,-0.1537475,-0.0972385
1.7300000,0.9800000,0.9653474,-0.0986792,600.2861553,-931.6713377,-0.0248559,-0.1656385,306.3647318,-460.2430158,-0.1163323,-0.0735667,-0.1273446,585.9978760,-944.2290215,-0.0318103,-0.2144769,292.9481637,-472.0949847,-0.1501188,-0.0949434
1.7350000,0.9850000,0.9703474,-0.0965047,599.3541273,-928.0876141,-0.0243086,-0.1619879,305.8944609,-458.4576126,-0.1137686,-0.0719457,-0.1243544,585.0702926,-940.6363557,-0.0310654,-0.2094372,292.4854774,-470.2991132,-0.1465938,-0.0927141
1.7400000,0.9900000,0.9753474,-0.0943882,598.4239337,-924.5313035,-0.0237759,-0.1584347,305.4250713,-456.6858938,-0.1112733,-0.0703680,-0.1214493,584.1445605,-937.0711094,-0.0303417,-0.2045408,292.0236878,-468.5169382,-0.1431691,-0.0905481
1.7450000,0.9950000,0.9803474,-0.0923279,597.4955750,-921.0021151,-0.0232574,-0.1549759,304.9565641,-454.9277165,-0.1088443,-0.0688322,-0.1186263,583.2206802,-933.5329900,-0.0296385,-0.1997830,291.5627960,-466.7483141,-0.1398413,-0.0884434
1.7500000,1.0000000,0.9853474,-0.0903222,596.5690519,-917.4997619,-0.0227526,-0.1516085,304.4889405,-453.1829399,-0.1064796,-0.0673370,-0.1158829,582.2986521,-930.0217090,-0.0289550,-0.1951592,291.1028032,-464.9930969,-0.1366073,-0.0863980
1.7550000,1.0050000,0.9903474,-0.0883692,595.6443648,-914.0239601,-0.0222610,-0.1483297,304.0222015,-451.4514247,-0.1041771,-0.0658811,-0.1132164,581.3784766,-926.5369814,-0.0282906,-0.1906649,290.6437102,-463.2511445,-0.1334638,-0.0844099
1.7600000,1.0100000,0.9953474,-0.0864673,594.7215141,-910.5744297,-0.0217823,-0.1451368,303.5563479,-449.7330336,-0.1019348,-0.0644634,-0.1106241,580.4601539,-923.0785258,-0.0276447,-0.1862959,290.1855181,-461.5223167,-0.1304080,-0.0824773
1.7650000,1.0150000,1.0003474,-0.0846150,593.8005002,-907.1508942,-0.0213161,-0.1420271,303.0913807,-448.0276311,-0.0997510,-0.0630825,-0.1081038,579.5436842,-919.6460646,-0.0270167,-0.1820480,289.7282277,-459.8064749,-0.1274370,-0.0805982
1.7700000,1.0200000,1.0053474,-0.0828107,592.8813233,-903.7530806,-0.0208619,-0.1389979,302.6273007,-446.3350834,-0.0976239,-0.0617375,-0.1056530,578.6290677,-916.2393237,-0.0264060,-0.1779174,289.2718398,-458.1034825,-0.1245479,-0.0787710
1.7750000,1.0250000,1.0103474,-0.0810530,591.9639837,-900.3807193,-0.0204195,-0.1360470,302.1641086,-444.6552586,-0.0955516,-0.0604272,-0.1032695,577.7163044,-912.8580324,-0.0258120,-0.1739003,288.8163551,-456.4132045,-0.1217382,-0.0769940
1.7800000,1.0300000,1.0153474,-0.0793404,591.0484814,-897.0335438,-0.0199884,-0.1331719,301.7018051,-442.9880264,-0.0935326,-0.0591505,-0.1009512,576.8053942,-909.5019234,-0.0252343,-0.1699929,288.3617743,-454.7355077,-0.1190052,-0.0752655
1.7850000,1.0350000,1.0203474,-0.0776716,590.1348165,-893.7112912,-0.0195683,-0.1303702,301.2403909,-441.3332582,-0.0915652,-0.0579065,-0.0986959,575.8963371,-906.1707331,-0.0246722,-0.1661918,287.9080981,-453.0702604,-0.1163466,-0.0735840
1.7900000,1.0400000,1.0253474,-0.0760452,589.2229889,-890.4137020,-0.0191589,-0.1276399,300.7798664,-439.6908274,-0.0896478,-0.0566940,-0.0965016,574.9891329,-902.8642010,-0.0241252,-0.1624936,287.4553270,-451.4173327,-0.1137599,-0.0719480
1.7950000,1.0450000,1.0303474,-0.0744601,588.3129986,-887.1405194,-0.0187599,-0.1249787,300.3202323,-438.0606089,-0.0877790,-0.0555123,-0.0943664,574.0837815,-899.5820698,-0.0235930,-0.1588950,287.0034615,-449.7765964,-0.1112428,-0.0703561
1.8000000,1.0500000,1.0353474,-0.0729149,587.4048454,-883.8914904,-0.0183709,-0.1223845,299.8614889,-436.4424791,-0.0859573,-0.0543604,-0.0922884,573.1802824,-896.3240859,-0.0230750,-0.1553928,286.5525021,-448.1479249,-0.1087932,-0.0688069
1.8050000,1.0550000,1.0403474,-0.0714084,586.4985292,-880.6663647,-0.0179917,-0.1198555,299.4036367,-434.8363164,-0.0841814,-0.0532374,-0.0902659,572.2786354,-893.0899983,-0.0225707,-0.1519841,286.1024492,-446.5311930,-0.1064089,-0.0672989
1.8100000,1.0600000,1.0453474,-0.0699396,585.5940495,-877.4648954,-0.0176219,-0.1173897,298.9466761,-433.2420006,-0.0824498,-0.0521424,-0.0882970,571.3788401,-889.8795597,-0.0220799,-0.1486658,285.6533032,-444.9262772,-0.1040879,-0.0658310
1.8150000,1.0650000,1.0503474,-0.0685074,584.6914061,-874.2868384,-0.0172613,-0.1149851,298.4906073,-431.6594134,-0.0807612,-0.0510747,-0.0863801,570.4808960,-886.6925256,-0.0216019,-0.1454353,285.2050644,-443.3330556,-0.1018282,-0.0644018
1.8200000,1.0700000,1.0553474,-0.0671105,583.7905987,-871.1319527,-0.0169097,-0.1126401,298.0354305,-430.0884378,-0.0791145,-0.0500333,-0.0845136,569.5848026,-883.5286546,-0.0211365,-0.1422896,284.7577330,-441.7514078,-0.0996279,-0.0630102
1.8250000,1.0750000,1.0603474,-0.0657481,582.8916266,-868.0000005,-0.0165666,-0.1103529,297.5811461,-428.5289586,-0.0775083,-0.0490177,-0.0826959,568.6905593,-880.3877085,-0.0206832,-0.1392263,284.3113092,-440.1812149,-0.0974851,-0.0616550
1.8300000,1.0800000,1.0653474,-0.0644191,581.9944895,-864.8907467,-0.0162320,-0.1081218,297.1277541,-426.9808621,-0.0759415,-0.0480269,-0.0809255,567.7981654,-877.2694518,-0.0202417,-0.1362429,283.8657933,-438.6223594,-0.0953981,-0.0603351
1.8350000,1.0850000,1.0703474,-0.0631226,581.0991867,-861.8039591,-0.0159056,-0.1059451,296.6752548,-425.4440362,-0.0744130,-0.0470603,-0.0792010,566.9076204,-874.1736522,-0.0198117,-0.1333367,283.4211854,-437.0747253,-0.0933653,-0.0590494
1.8400000,1.0900000,1.0753474,-0.0618575,580.2057176,-858.7394084,-0.0155871,-0.1038214,296.2236481,-423.9183704,-0.0729216,-0.0461172,-0.0775211,566.0189234,-871.1000802,-0.0193927,-0.1305056,282.9774856,-435.5381981,-0.0913848,-0.0577968
1.8450000,1.0950000,1.0803474,-0.0606231,579.3140815,-855.6968683,-0.0152763,-0.1017491,295.7729341,-422.4037557,-0.0714664,-0.0451970,-0.0758842,565.1320737,-868.0485091,-0.0189844,-0.1277472,282.5346939,-434.0126647,-0.0894552,-0.0565765
1.8500000,1.1000000,1.0853474,-0.0594184,578.4242778,-852.6761151,-0.0149730,-0.0997267,295.3231127,-420.9000845,-0.0700462,-0.0442989,-0.0742892,564.2470703,-865.0187150,-0.0185865,-0.1250593,282.0928103,-432.4980133,-0.0875750,-0.0553873
1.8550000,1.1050000,1.0903474,-0.0582427,577.5363056,-849.6769279,-0.0146769,-0.0977528,294.8741841,-419.4072507,-0.0686601,-0.0434223,-0.0727347,563.3639126,-862.0104769,-0.0181987,-0.1224399,281.6518349,-430.9941337,-0.0857425,-0.0542283
1.8600000,1.1100000,1.0953474,-0.0570950,576.6501641,-846.6990885,-0.0143879,-0.0958261,294.4261480,-417.9251500,-0.0673071,-0.0425667,-0.0712196,562.4825994,-859.0235765,-0.0178207,-0.1198868,281.2117675,-429.5009167,-0.0839564,-0.0530987
1.8650000,1.1150000,1.1003474,-0.0559746,575.7658524,-843.7423814,-0.0141058,-0.0939453,293.9790043,-416.4536791,-0.0659863,-0.0417315,-0.0697427,561.6031299,-856.0577981,-0.0174523,-0.1173981,280.7726080,-428.0182549,-0.0822154,-0.0519976
1.8700000,1.1200000,1.1053474,-0.0548807,574.8833696,-840.8065938,-0.0138304,-0.0921090,293.5327529,-414.9927366,-0.0646967,-0.0409160,-0.0683029,560.7255029,-853.1129288,-0.0170930,-0.1149719,280.3343564,-426.5460419,-0.0805181,-0.0509241
1.8750000,1.1250000,1.1103474,-0.0538127,574.0027147,-837.8915154,-0.0135614,-0.0903159,293.0873935,-413.5422220,-0.0634376,-0.0401197,-0.0668990,559.8497174,-850.1887582,-0.0167427,-0.1126063,279.8970124,-425.0841727,-0.0788631,-0.0498774
1.8800000,1.1300000,1.1153474,-0.0527697,573.1238867,-834.9969386,-0.0132988,-0.0885650,292.6429261,-412.1020367,-0.0622080,-0.0393422,-0.0655300,558.9757723,-847.2850785,-0.0164011,-0.1102996,279.4605758,-423.6325435,-0.0772493,-0.0488567
1.8850000,1.1350000,1.1203474,-0.0517511,572.2468844,-832.1226585,-0.0130422,-0.0868551,292.1993502,-410.6720831,-0.0610072,-0.0385828,-0.0641949,558.1036664,-844.4016845,-0.0160679,-0.1080500,279.0250465,-422.1910519,-0.0756754,-0.0478613
1.8900000,1.1400000,1.1253474,-0.0507562,571.3717069,-829.2684723,-0.0127917,-0.0851849,291.7566655,-409.2522654,-0.0598343,-0.0378411,-0.0628927,557.2333985,-841.5383734,-0.0157429,-0.1058559,278.5904241,-420.7595967,-0.0741404,-0.0468905
1.8950000,1.1450000,1.1303474,-0.0497844,570.4983529,-826.4341800,-0.0125470,-0.0835535,291.3148718,-407.8424886,-0.0586886,-0.0371166,-0.0616225,556.3649674,-838.6949452,-0.0154258,-0.1037157,278.1567083,-419.3380780,-0.0726429,-0.0459434
1.9000000,1.1500000,1.1353474,-0.0488350,569.6268211,-823.6195841,-0.0123079,-0.0819597,290.8739687,-406.4426594,-0.0575694,-0.0364088,-0.0603832,555.4983717,-835.8712019,-0.0151165,-0.1016278,277.7238989,-417.9263969,-0.0711821,-0.0450195
1.9050000,1.1550000,1.1403474,-0.0479074,568.7571105,-820.8244894,-0.0120743,-0.0804026,290.4339558,-405.0526858,-0.0564759,-0.0357172,-0.0591741,554.6336102,-833.0669483,-0.0148147,-0.0995907,277.2919953,-416.5244560,-0.0697568,-0.0441181
1.9100000,1.1600000,1.1453474,-0.0470011,567.8892196,-818.0487031,-0.0118460,-0.0788812,289.9948327,-403.6724769,-0.0554075,-0.0350416,-0.0579943,553.7706814,-830.2819913,-0.0145202,-0.0976029,276.8609974,-415.1321589,-0.0683660,-0.0432384
1.9150000,1.1650000,1.1503474,-0.0461154,567.0231471,-815.2920349,-0.0116230,-0.0773944,289.5565988,-402.3019431,-0.0543634,-0.0343813,-0.0568430,552.9095839,-827.5161402,-0.0142327,-0.0956632,276.4309045,-413.7494103,-0.0670087,-0.0423800
1.9200000,1.1700000,1.1553474,-0.0452499,566.1588918,-812.5542968,-0.0114050,-0.0759414,289.1192538,-400.9409962,-0.0533430,-0.0337360,-0.0557192,552.0503164,-824.7692067,-0.0139521,-0.0937700,276.0017164,-412.3761163,-0.0656840,-0.0415422
1.9250000,1.1750000,1.1603474,-0.0444039,565.2964520,-809.8353030,-0.0111919,-0.0745213,288.6827970,-399.5895490,-0.0523457,-0.0331053,-0.0546223,551.1928772,-822.0410048,-0.0136782,-0.0919220,275.5734324,-411.0121839,-0.0643909,-0.0407244
1.9300000,1.1800000,1.1653474,-0.0435770,564.4358265,-807.1348703,-0.0109836,-0.0731332,288.2472280,-398.2475156,-0.0513709,-0.0324888,-0.0535515,550.3372649,-819.3313506,-0.0134109,-0.0901181,275.1460522,-409.6575213,-0.0631286,-0.0399260
1.9350000,1.1850000,1.1703474,-0.0427686,563.5770137,-804.4528176,-0.0107800,-0.0717762,287.8125462,-396.9148112,-0.0504179,-0.0318861,-0.0525061,549.4834779,-816.6400626,-0.0131498,-0.0883570,274.7195751,-408.3120379,-0.0618962,-0.0391466
1.9400000,1.1900000,1.1753474,-0.0419783,562.7200121,-801.7889659,-0.0105810,-0.0704495,287.3787510,-395.5913523,-0.0494862,-0.0312969,-0.0514853,548.6315146,-813.9669613,-0.0128949,-0.0866374,274.2940006,-406.9756440,-0.0606929,-0.0383856
1.9450000,1.1950000,1.1803474,-0.0412055,561.8648201,-799.1431388,-0.0103863,-0.0691524,286.9458418,-394.2770563,-0.0485753,-0.0307208,-0.0504886,547.7813733,-811.3118695,-0.0126459,-0.0849583,273.8693282,-405.6482512,-0.0595179,-0.0376424
1.9500000,1.2000000,1.1853474,-0.0404499,561.0114360,-796.5151618,-0.0101960,-0.0678840,286.5138179,-392.9718419,-0.0476845,-0.0301575,-0.0495151,546.9330525,-808.6746120,-0.0124028,-0.0833184,273.4455573,-404.3297719,-0.0583703,-0.0369166
1.9550000,1.2050000,1.1903474,-0.0397110,560.1598584,-793.9048628,-0.0100099,-0.0666437,286.0826786,-391.6756287,-0.0468134,-0.0296066,-0.0485643,546.0865504,-806.0550159,-0.0121653,-0.0817168,273.0226871,-403.0201198,-0.0572495,-0.0362077
1.9600000,1.2100000,1.1953474,-0.0389884,559.3100855,-791.3120718,-0.0098278,-0.0654306,285.6524234,-390.3883374,-0.0459615,-0.0290678,-0.0476356,545.2418652,-803.4529102,-0.0119333,-0.0801524,272.6007172,-401.7192095,-0.0561546,-0.0355153
1.9650000,1.2150000,1.2003474,-0.0382815,558.4621155,-788.7366209,-0.0096498,-0.0642440,285.2230513,-389.1098898,-0.0451282,-0.0285409,-0.0467283,544.3989953,-800.8681259,-0.0117066,-0.0786242,272.1796467,-400.4269566,-0.0550851,-0.0348389
1.9700000,1.2200000,1.2053474,-0.0375901,557.6159468,-786.1783444,-0.0094756,-0.0630834,284.7945617,-387.8402086,-0.0443131,-0.0280254,-0.0458418,543.5579387,-798.3004962,-0.0114852,-0.0771311,271.7594750,-399.1432777,-0.0540401,-0.0341780
1.9750000,1.2250000,1.2103474,-0.0369137,556.7715776,-783.6370787,-0.0093052,-0.0619480,284.3669539,-386.5792174,-0.0435157,-0.0275211,-0.0449757,542.7186937,-795.7498561,-0.0112688,-0.0756723,271.3402014,-397.8680906,-0.0530191,-0.0335322
1.9800000,1.2300000,1.2153474,-0.0362520,555.9290060,-781.1126623,-0.0091385,-0.0608372,283.9402270,-385.3268409,-0.0427356,-0.0270277,-0.0441294,541.8812584,-793.2160428,-0.0110573,-0.0742467,270.9218252,-396.6013137,-0.0520214,-0.0329012
1.9850000,1.2350000,1.2203474,-0.0356045,555.0882302,-778.6049359,-0.0089754,-0.0597504,283.5143802,-384.0830046,-0.0419723,-0.0265450,-0.0433022,541.0456308,-790.6988952,-0.0108506,-0.0728536,270.5043455,-395.3428668,-0.0510464,-0.0322846
1.9900000,1.2400000,1.2253474,-0.0349709,554.2492484,-776.1137420,-0.0088158,-0.0586869,283.0894127,-382.8476349,-0.0412254,-0.0260727,-0.0424938,540.2118092,-788.1982541,-0.0106486,-0.0714921,270.0877617,-394.0926702,-0.0500934,-0.0316818
1.9950000,1.2450000,1.2303474,-0.0343509,553.4120586,-773.6389255,-0.0086596,-0.0576461,282.6653236,-381.6206592,-0.0404945,-0.0256104,-0.0417036,539.3797915,-785.7139624,-0.0104511,-0.0701612,269.6720728,-392.8506455,-0.0491618,-0.0310927
2.0000000,1.2500000,1.2353474,-0.0337441,552.5766589,-771.1803331,-0.0085068,-0.0566276,282.2421121,-380.4020055,-0.0397792,-0.0251580,-0.0409312,538.5495757,-783.2458647,-0.0102580,-0.0688602,269.2572782,-391.6167150,-0.0482512,-0.0305168
2.0050000,1.2550000,1.2403474,-0.0331502,551.7430473,-768.7378135,-0.0083571,-0.0556307,281.8197772,-379.1916027,-0.0390791,-0.0247153,-0.0401760,537.7211598,-780.7938074,-0.0100693,-0.0675884,268.8433769,-390.3908021,-0.0473610,-0.0299537
2.0100000,1.2600000,1.2453474,-0.0325688,550.9112218,-766.3112176,-0.0082107,-0.0546549,281.3983181,-377.9893806,-0.0383937,-0.0242818,-0.0394376,536.8945419,-778.3576389,-0.0098847,-0.0663449,268.4303681,-389.1728310,-0.0464905,-0.0294032
2.0150000,1.2650000,1.2503474,-0.0319998,550.0811805,-763.9003982,-0.0080673,-0.0536996,280.9777337,-376.7952696,-0.0377229,-0.0238576,-0.0387156,536.0697197,-775.9372091,-0.0097042,-0.0651290,268.0182509,-387.9627267,-0.0456394,-0.0288649
2.0200000,1.2700000,1.2553474,-0.0314426,549.2529211,-761.5052100,-0.0079269,-0.0527645,280.5580233,-375.6092009,-0.0370661,-0.0234422,-0.0380095,535.2466913,-773.5323700,-0.0095277,-0.0639399,267.6070244,-386.7604153,-0.0448071,-0.0283385
2.0250000,1.2750000,1.2603474,-0.0308971,548.4264418,-759.1255098,-0.0077895,-0.0518489,280.1391857,-374.4311064,-0.0364230,-0.0230355,-0.0373190,534.4254544,-771.1429749,-0.0093551,-0.0627771,267.1966877,-385.5658235,-0.0439930,-0.0278236
2.0300000,1.2800000,1.2653474,-0.0303630,547.6017402,-756.7611564,-0.0076549,-0.0509524,279.7212199,-373.2609187,-0.0357934,-0.0226373,-0.0366435,533.6060071,-768.7688792,-0.0091862,-0.0616397,266.7872400,-384.3788791,-0.0431968,-0.0273201
2.0350000,1.2850000,1.2703474,-0.0298400,546.7788144,-754.4120103,-0.0075232,-0.0500745,279.3041250,-372.0985709,-0.0351768,-0.0222474,-0.0359829,532.7883470,-766.4099399,-0.0090210,-0.0605272,266.3786801,-383.1995105,-0.0424180,-0.0268275
2.0400000,1.2900000,1.2753474,-0.0293278,545.9576621,-752.0779342,-0.0073941,-0.0492148,278.8879000,-370.9439969,-0.0345730,-0.0218655,-0.0353366,531.9724719,-764.0660155,-0.0088594,-0.0594389,265.9710073,-382.0276473,-0.0416561,-0.0263456
2.0450000,1.2950000,1.2803474,-0.0288262,545.1382812,-749.7587927,-0.0072677,-0.0483728,278.4725437,-369.7971313,-0.0339817,-0.0214915,-0.0347043,531.1583798,-761.7369664,-0.0087013,-0.0583742,265.5642204,-380.8632195,-0.0409107,-0.0258742
2.0500000,1.3000000,1.2853474,-0.0283349,544.3206693,-747.4544521,-0.0071439,-0.0475481,278.0580552,-368.6579089,-0.0334024,-0.0211252,-0.0340856,530.3460682,-759.4226543,-0.0085466,-0.0573325,265.1583186,-379.7061581,-0.0401814,-0.0254130
2.0550000,1.3050000,1.2903474,-0.0278536,543.5048243,-745.1647808,-0.0070227,-0.0467403,277.6444333,-367.5262655,-0.0328351,-0.0207664,-0.0334802,529.5355350,-757.1229429,-0.0083952,-0.0563132,264.7533007,-378.5563950,-0.0394678,-0.0249616
2.0600000,1.3100000,1.2953474,-0.0273821,542.6907439,-742.8896490,-0.0069039,-0.0459489,277.2316769,-366.4021371,-0.0322793,-0.0204149,-0.0328878,528.7267778,-754.8376970,-0.0082470,-0.0553157,264.3491658,-377.4138627,-0.0387694,-0.0245199
2.0650000,1.3150000,1.3003474,-0.0269202,541.8784259,-740.6289289,-0.0067875,-0.0451737,276.8197849,-365.2854604,-0.0317348,-0.0200706,-0.0323080,527.9197943,-752.5667835,-0.0081020,-0.0543396,263.9459129,-376.2784945,-0.0380860,-0.0240877
2.0700000,1.3200000,1.3053474,-0.0264677,541.0678678,-738.3824943,-0.0066735,-0.0444141,276.4087562,-364.1761726,-0.0312013,-0.0197332,-0.0317406,527.1145821,-750.3100704,-0.0079601,-0.0533841,263.5435408,-375.1502248,-0.0374170,-0.0236646
2.0750000,1.3250000,1.3103474,-0.0260243,540.2590673,-736.1502212,-0.0065617,-0.0436699,275.9985896,-363.0742113,-0.0306786,-0.0194026,-0.0311851,526.3111390,-748.0674274,-0.0078211,-0.0524489,263.1420485,-374.0289882,-0.0367622,-0.0232505
2.0800000,1.3300000,1.3153474,-0.0255898,539.4520220,-733.9319871,-0.0064523,-0.0429407,275.5892839,-361.9795146,-0.0301664,-0.0190787,-0.0306413,525.5094625,-745.8387256,-0.0076851,-0.0515335,262.7414349,-372.9147204,-0.0361212,-0.0228451
2.0850000,1.3350000,1.3203474,-0.0251640,538.6467297,-731.7276716,-0.0063450,-0.0422260,275.1808381,-360.8920210,-0.0296645,-0.0187612,-0.0301090,524.7095502,-743.6238379,-0.0075519,-0.0506373,262.3416989,-371.8073579,-0.0354937,-0.0224482
2.0900000,1.3400000,1.3253474,-0.0247468,537.8431877,-729.5371559,-0.0062398,-0.0415257,274.7732507,-359.8116694,-0.0291726,-0.0184501,-0.0295878,523.9113997,-741.4226382,-0.0074215,-0.0497598,261.9428395,-370.7068377,-0.0348793,-0.0220596
2.0950000,1.3450000,1.3303474,-0.0243378,537.0413938,-727.3603230,-0.0061368,-0.0408392,274.3665208,-358.7383994,-0.0286905,-0.0181452,-0.0290775,523.1150084,-739.2350022,-0.0072939,-0.0489007,261.5448554,-369.6130976,-0.0342777,-0.0216791
2.1000000,1.3500000,1.3353474,-0.0239369,536.2413454,-725.1970579,-0.0060357,-0.0401664,273.9606469,-357.6721505,-0.0282179,-0.0178463,-0.0285778,522.3203741,-737.0608067,-0.0071688,-0.0480594,261.1477456,-368.5260762,-0.0336886,-0.0213065
2.1050000,1.3550000,1.3403474,-0.0235439,535.4430401,-723.0472470,-0.0059367,-0.0395069,273.5556280,-356.6128630,-0.0277547,-0.0175534,-0.0280884,521.5274940,-734.8999303,-0.0070464,-0.0472356,260.7515088,-367.4457128,-0.0331116,-0.0209416
2.1100000,1.3600000,1.3453474,-0.0231587,534.6464754,-720.9107789,-0.0058396,-0.0388603,273.1514626,-355.5604774,-0.0273005,-0.0172662,-0.0276091,520.7363658,-732.7522525,-0.0069264,-0.0464287,260.3561440,-366.3719471,-0.0325466,-0.0205843
2.1150000,1.3650000,1.3503474,-0.0227811,533.8516486,-718.7875434,-0.0057445,-0.0382264,272.7481496,-354.5149345,-0.0268553,-0.0169846,-0.0271396,519.9469869,-730.6176547,-0.0068089,-0.0456385,259.9616500,-365.3047198,-0.0319932,-0.0202343
2.1200000,1.3700000,1.3553474,-0.0224108,533.0585574,-716.6774323,-0.0056511,-0.0376050,272.3456876,-353.4761756,-0.0264188,-0.0167085,-0.0266797,519.1593547,-728.4960193,-0.0066938,-0.0448644,259.5680255,-364.2439723,-0.0314511,-0.0198914
2.1250000,1.3750000,1.3603474,-0.0220477,532.2671990,-714.5803391,-0.0055596,-0.0369956,271.9440753,-352.4441422,-0.0259908,-0.0164379,-0.0262293,518.3734667,-726.3872300,-0.0065811,-0.0441061,259.1752694,-363.1896464,-0.0309201,-0.0195556
2.1300000,1.3800000,1.3653474,-0.0216917,531.4775710,-712.4961588,-0.0054699,-0.0363981,271.5433115,-351.4187763,-0.0255711,-0.0161724,-0.0257879,517.5893203,-724.2911720,-0.0064706,-0.0433633,258.7833804,-362.1416848,-0.0303998,-0.0192265
2.1350000,1.3850000,1.3703474,-0.0213426,530.6896707,-710.4247881,-0.0053819,-0.0358121,271.1433948,-350.4000199,-0.0251596,-0.0159121,-0.0253555,516.8069129,-722.2077317,-0.0063624,-0.0426355,258.3923574,-361.1000306,-0.0298901,-0.0189042
2.1400000,1.3900000,1.3753474,-0.0210002,529.9034954,-708.3661253,-0.0052956,-0.0352375,270.7443238,-349.3878158,-0.0247559,-0.0156569,-0.0249319,516.0262418,-720.1367968,-0.0062564,-0.0419223,258.0021990,-360.0646278,-0.0293907,-0.0185883
2.1450000,1.3950000,1.3803474,-0.0206644,529.1190426,-706.3200702,-0.0052110,-0.0346739,270.3460971,-348.3821066,-0.0243601,-0.0154065,-0.0245167,515.2473043,-718.0782563,-0.0061524,-0.0412236,257.6129041,-359.0354208,-0.0289012,-0.0182788
2.1500000,1.4000000,1.3853474,-0.0203350,528.3363096,-704.2865242,-0.0051280,-0.0341211,269.9487135,-347.3828356,-0.0239718,-0.0151609,-0.0241099,514.4700979,-716.0320003,-0.0060506,-0.0405388,257.2244714,-358.0123549,-0.0284216,-0.0179754
2.1550000,1.4050000,1.3903474,-0.0200119,527.5552937,-702.2653902,-0.0050466,-0.0335788,269.5521714,-346.3899462,-0.0235909,-0.0149201,-0.0237111,513.6946199,-713.9979204,-0.0059507,-0.0398677,256.8368997,-356.9953757,-0.0279516,-0.0176781
2.1600000,1.4100000,1.3953474,-0.0196950,526.7759922,-700.2565725,-0.0049667,-0.0330469,269.1564696,-345.4033822,-0.0232173,-0.0146838,-0.0233203,512.9208675,-711.9759091,-0.0058529,-0.0392100,256.4501875,-355.9844296,-0.0274909,-0.0173868
2.1650000,1.4150000,1.4003474,-0.0193840,525.9984023,-698.2599770,-0.0048883,-0.0325251,268.7616065,-344.4230876,-0.0228507,-0.0144519,-0.0229373,512.1488380,-709.9658604,-0.0057570,-0.0385653,256.0643338,-354.9794636,-0.0270393,-0.0171012
2.1700000,1.4200000,1.4053474,-0.0190790,525.2225213,-696.2755107,-0.0048114,-0.0320131,268.3675809,-343.4490067,-0.0224911,-0.0142245,-0.0225618,511.3785287,-707.9676691,-0.0056630,-0.0379333,255.6793371,-353.9804253,-0.0265967,-0.0168212
2.1750000,1.4250000,1.4103474,-0.0187797,524.4483466,-694.3030823,-0.0047360,-0.0315108,267.9743911,-342.4810842,-0.0221383,-0.0140014,-0.0221937,510.6099368,-705.9812316,-0.0055708,-0.0373138,255.2951961,-352.9872626,-0.0261628,-0.0165468
2.1800000,1.4300000,1.4153474,-0.0184860,523.6758752,-692.3426016,-0.0046620,-0.0310179,267.5820358,-341.5192651,-0.0217921,-0.0137824,-0.0218328,509.8430597,-704.0064452,-0.0054804,-0.0367065,254.9119096,-351.9999244,-0.0257373,-0.0162777
2.1850000,1.4350000,1.4203474,-0.0181978,522.9051044,-690.3939797,-0.0045893,-0.0305343,267.1905134,-340.5634947,-0.0214524,-0.0135676,-0.0214789,509.0778944,-702.0432084,-0.0053918,-0.0361110,254.5294763,-351.0183599,-0.0253202,-0.0160139
2.1900000,1.4400000,1.4253474,-0.0179150,522.1360315,-688.4571290,-0.0045181,-0.0300596,266.7998226,-339.6137184,-0.0211190,-0.0133567,-0.0211320,508.3144383,-700.0914208,-0.0053049,-0.0355272,254.1478946,-350.0425189,-0.0249112,-0.0157552
2.1950000,1.4450000,1.4303474,-0.0176375,521.3686536,-686.5319629,-0.0044481,-0.0295938,266.4099618,-338.6698822,-0.0207918,-0.0131498,-0.0207918,507.5526884,-698.1509830,-0.0052197,-0.0349546,253.7671635,-349.0723518,-0.0245101,-0.0155016
2.2000000,1.4500000,1.4353474,-0.0173651,520.6029678,-684.6183962,-0.0043794,-0.0291367,266.0209295,-337.7319322,-0.0204707,-0.0129467,-0.0204581,506.7926420,-696.2217970,-0.0051361,-0.0343932,253.3872814,-348.1078096,-0.0241168,-0.0152528
2.2050000,1.4550000,1.4403474,-0.0170977,519.8389713,-682.7163445,-0.0043120,-0.0286880,265.6327242,-336.7998150,-0.0201555,-0.0127474,-0.0201309,506.0342963,-694.3037657,-0.0050542,-0.0338426,253.0082470,-347.1488437,-0.0237311,-0.0150089
2.2100000,1.4600000,1.4453474,-0.0168353,519.0766612,-680.8257247,-0.0042459,-0.0282475,265.2453444,-335.8734773,-0.0198461,-0.0125517,-0.0198100,505.2776484,-692.3967929,-0.0049738,-0.0333025,252.6300589,-346.1954062,-0.0233528,-0.0147696
2.2150000,1.4650000,1.4503474,-0.0165776,518.3160347,-678.9464544,-0.0041810,-0.0278152,264.8587885,-334.9528663,-0.0195424,-0.0123596,-0.0194952,504.5226953,-690.5007837,-0.0048949,-0.0327729,252.2527159,-345.2474495,-0.0229817,-0.0145349
2.2200000,1.4700000,1.4553474,-0.0163247,517.5570889,-677.0784525,-0.0041172,-0.0273907,264.4730549,-334.0379295,-0.0192443,-0.0121711,-0.0191864,503.7694343,-688.6156442,-0.0048176,-0.0322533,251.8762164,-344.3049267,-0.0226177,-0.0143047
2.2250000,1.4750000,1.4603474,-0.0160764,516.7998208,-675.2216383,-0.0040546,-0.0269741,264.0881422,-333.1286147,-0.0189516,-0.0119859,-0.0188835,503.0178624,-686.7419197,-0.0047417,-0.0317436,251.5005591,-343.3681051,-0.0222606,-0.0140788
2.2300000,1.4800000,1.4653474,-0.0158327,516.0442275,-673.3759322,-0.0039932,-0.0265649,263.7040486,-332.2248700,-0.0186642,-0.0118042,-0.0185863,502.2679768,-684.8800840,-0.0046672,-0.0312436,251.1257426,-342.4372325,-0.0219103,-0.0138573
2.2350000,1.4850000,1.4703474,-0.0155933,515.2903061,-671.5412555,-0.0039328,-0.0261633,263.3207727,-331.3266440,-0.0183820,-0.0116257,-0.0182948,501.5197744,-683.0288251,-0.0045942,-0.0307530,250.7517654,-341.5116475,-0.0215666,-0.0136399
2.2400000,1.4900000,1.4753474,-0.0153583,514.5380536,-669.7175298,-0.0038736,-0.0257688,262.9383129,-330.4338854,-0.0181050,-0.0114505,-0.0180087,500.7732525,-681.1880533,-0.0045225,-0.0302717,250.3786262,-340.5913051,-0.0212293,-0.0134266
2.2450000,1.4950000,1.4803474,-0.0151275,513.7874672,-667.9046776,-0.0038154,-0.0253815,262.5566674,-329.5465436,-0.0178329,-0.0112784,-0.0177280,500.0284080,-679.3576794,-0.0044521,-0.0297994,250.0063235,-339.6761609,-0.0208984,-0.0132173
2.2500000,1.5000000,1.4853474,-0.0149008,513.0385437,-666.1026220,-0.0037583,-0.0250011,262.1758347,-328.6645681,-0.0175657,-0.0111095,-0.0174525,499.2852379,-677.5376155,-0.0043831,-0.0293359,249.6348559,-338.7661709,-0.0205737,-0.0130120
2.2550000,1.5050000,1.4903474,-0.0146782,512.2912802,-664.3112866,-0.0037022,-0.0246276,261.7958132,-327.7879088,-0.0173033,-0.0109435,-0.0171822,498.5437393,-675.7277747,-0.0043154,-0.0288811,249.2642220,-337.8612916,-0.0202550,-0.0128104
2.2600000,1.5100000,1.4953474,-0.0144596,511.5456737,-662.5305954,-0.0036470,-0.0242607,261.4166012,-326.9165162,-0.0170456,-0.0107805,-0.0169169,497.8039093,-673.9280707,-0.0042489,-0.0284348,248.8944203,-336.9614801,-0.0199423,-0.0126126
2.2650000,1.5150000,1.5003474,-0.0142449,510.8017211,-660.7604730,-0.0035929,-0.0239004,261.0381970,-326.0503408,-0.0167925,-0.0106204,-0.0166565,497.0657448,-672.1384186,-0.0041836,-0.0279967,248.5254493,-336.0666936,-0.0196353,-0.0124185
2.2700000,1.5200000,1.5053474,-0.0140340,510.0594196,-659.0008442,-0.0035397,-0.0235464,260.6605991,-325.1893339,-0.0165438,-0.0104632,-0.0164009,496.3292428,-670.3587340,-0.0041196,-0.0275667,248.1573076,-335.1768902,-0.0193340,-0.0122279
2.2750000,1.5250000,1.5103474,-0.0138268,509.3187659,-657.2516341,-0.0034875,-0.0231987,260.2838056,-324.3334470,-0.0162996,-0.0103087,-0.0161500,495.5944003,-668.5889336,-0.0040567,-0.0271447,247.7899937,-334.2920282,-0.0190383,-0.0120409
2.2800000,1.5300000,1.5153474,-0.0136233,508.5797571,-655.5127683,-0.0034362,-0.0228572,259.9078149,-323.4826319,-0.0160597,-0.0101570,-0.0159037,494.8612143,-666.8289350,-0.0039950,-0.0267303,247.4235062,-333.4120664,-0.0187479,-0.0118572
2.2850000,1.5350000,1.5203474,-0.0134233,507.8423902,-653.7841724,-0.0033858,-0.0225216,259.5326254,-322.6368410,-0.0158239,-0.0100079,-0.0156619,494.1296817,-665.0786568,-0.0039343,-0.0263236,247.0578436,-332.5369640,-0.0184629,-0.0116770
2.2900000,1.5400000,1.5253474,-0.0132269,507.1066619,-652.0657722,-0.0033363,-0.0221920,259.1582353,-321.7960271,-0.0155924,-0.0098614,-0.0154245,493.3997995,-663.3380181,-0.0038748,-0.0259243,246.6930043,-331.6666807,-0.0181831,-0.0115000
2.2950000,1.5450000,1.5303474,-0.0130338,506.3725693,-650.3574938,-0.0032876,-0.0218681,258.7846429,-320.9601433,-0.0153648,-0.0097175,-0.0151915,492.6715646,-661.6069392,-0.0038164,-0.0255322,246.3289869,-330.8011767,-0.0179083,-0.0113262
2.3000000,1.5500000,1.5353474,-0.0128442,505.6401093,-648.6592632,-0.0032398,-0.0215498,258.4118464,-320.1291432,-0.0151413,-0.0095761,-0.0149626,491.9449740,-659.8853412,-0.0037590,-0.0251472,245.9657899,-329.9404125,-0.0176385,-0.0111556
2.3050000,1.5550000,1.5403474,-0.0126578,504.9092787,-646.9710066,-0.0031928,-0.0212371,258.0398441,-319.3029808,-0.0149216,-0.0094372,-0.0147379,491.2200246,-658.1731459,-0.0037027,-0.0247692,245.6034118,-329.0843490,-0.0173736,-0.0109880
2.3100000,1.5600000,1.5453474,-0.0124747,504.1800744,-645.2926501,-0.0031466,-0.0209298,257.6686344,-318.4816106,-0.0147057,-0.0093007,-0.0145172,490.4967133,-656.4702761,-0.0036474,-0.0243980,245.2418511,-328.2329477,-0.0171135,-0.0108235
2.3150000,1.5650000,1.5503474,-0.0122947,503.4524934,-643.6241199,-0.0031013,-0.0206278,257.2982153,-317.6649875,-0.0144935,-0.0091665,-0.0143005,489.7750370,-654.7766553,-0.0035930,-0.0240334,244.8811063,-327.3861702,-0.0168580,-0.0106619
2.3200000,1.5700000,1.5553474,-0.0121179,502.7265324,-641.9653420,-0.0030567,-0.0203310,256.9285852,-316.8530668,-0.0142850,-0.0090346,-0.0140876,489.0549926,-653.0922078,-0.0035397,-0.0236754,244.5211758,-326.5439788,-0.0166071,-0.0105032
2.3250000,1.5750000,1.5603474,-0.0119440,502.0021883,-640.3162424,-0.0030128,-0.0200393,256.5597422,-316.0458042,-0.0140801,-0.0089050,-0.0138786,488.3365769,-651.4168589,-0.0034872,-0.0233238,244.1620581,-325.7063361,-0.0163606,-0.0103474
2.3300000,1.5800000,1.5653474,-0.0117732,501.2794581,-638.6767473,-0.0029698,-0.0197525,256.1916847,-315.2431561,-0.0138787,-0.0087776,-0.0136732,487.6197870,-649.7505344,-0.0034357,-0.0229784,243.8037517,-324.8732050,-0.0161185,-0.0101943
2.3350000,1.5850000,1.5703474,-0.0116052,500.5583385,-637.0467823,-0.0029274,-0.0194707,255.8244107,-314.4450790,-0.0136807,-0.0086524,-0.0134715,486.9046195,-648.0931611,-0.0033852,-0.0226391,243.4462550,-324.0445490,-0.0158808,-0.0100439
2.3400000,1.5900000,1.5753474,-0.0114402,499.8388263,-635.4262733,-0.0028858,-0.0191937,255.4579185,-313.6515301,-0.0134861,-0.0085293,-0.0132734,486.1910714,-646.4446665,-0.0033355,-0.0223058,243.0895666,-323.2203318,-0.0156472,-0.0098961
2.3450000,1.5950000,1.5803474,-0.0112779,499.1209183,-633.8151458,-0.0028449,-0.0189214,255.0922063,-312.8624670,-0.0132948,-0.0084084,-0.0130787,485.4791396,-644.8049788,-0.0032867,-0.0219784,242.7336848,-322.4005175,-0.0154177,-0.0097510
2.3500000,1.6000000,1.5853474,-0.0111184,498.4046115,-632.2133254,-0.0028047,-0.0186537,254.7272723,-312.0778477,-0.0131068,-0.0082894,-0.0128875,484.7688208,-643.1740270,-0.0032387,-0.0216568,242.3786082,-321.5850706,-0.0151923,-0.0096084
2.3550000,1.6050000,1.5903474,-0.0109615,497.6899026,-630.6207373,-0.0027651,-0.0183905,254.3631145,-311.2976307,-0.0129219,-0.0081725,-0.0126996,484.0601120,-641.5517408,-0.0031916,-0.0213408,242.0243351,-320.7739561,-0.0149708,-0.0094683
2.3600000,1.6100000,1.5953474,-0.0108073,496.9767883,-629.0373068,-0.0027262,-0.0181317,253.9997313,-310.5217750,-0.0127401,-0.0080575,-0.0125150,483.3530099,-639.9380509,-0.0031453,-0.0210303,241.6708640,-319.9671391,-0.0147531,-0.0093307
2.3650000,1.6150000,1.6003474,-0.0106557,496.2652655,-627.4629591,-0.0026880,-0.0178773,253.6371207,-309.7502399,-0.0125614,-0.0079445,-0.0123335,482.6475113,-638.3328882,-0.0030998,-0.0207252,241.3181934,-319.1645853,-0.0145393,-0.0091954
2.3700000,1.6200000,1.6053474,-0.0105066,495.5553310,-625.8976190,-0.0026504,-0.0176272,253.2752809,-308.9829853,-0.0123856,-0.0078333,-0.0121553,481.9436131,-636.7361848,-0.0030550,-0.0204254,240.9663216,-318.3662607,-0.0143291,-0.0090625
2.3750000,1.6250000,1.6103474,-0.0103600,494.8469815,-624.3412114,-0.0026135,-0.0173812,252.9142100,-308.2199716,-0.0122128,-0.0077240,-0.0119801,481.2413121,-635.1478733,-0.0030111,-0.0201307,240.6152472,-317.5721315,-0.0141226,-0.0089319
2.3800000,1.6300000,1.6153474,-0.0102159,494.1402138,-622.7936613,-0.0025771,-0.0171393,252.5539062,-307.4611594,-0.0120429,-0.0076166,-0.0118079,480.5406051,-633.5678870,-0.0029679,-0.0198412,240.2649684,-316.7821645,-0.0139196,-0.0088036
2.3850000,1.6350000,1.6203474,-0.0100741,493.4350246,-621.2548932,-0.0025414,-0.0169014,252.1943676,-306.7065100,-0.0118758,-0.0075109,-0.0116387,479.8414889,-631.9961600,-0.0029255,-0.0195566,239.9154838,-315.9963266,-0.0137202,-0.0086774
2.3900000,1.6400000,1.6253474,-0.0099347,492.7314108,-619.7248318,-0.0025062,-0.0166674,251.8355923,-305.9559852,-0.0117114,-0.0074069,-0.0114724,479.1439602,-630.4326268,-0.0028837,-0.0192770,239.5667918,-315.2145852,-0.0135241,-0.0085534
2.3950000,1.6450000,1.6303474,-0.0097976,492.0293690,-618.2034019,-0.0024716,-0.0164374,251.4775784,-305.2095469,-0.0115498,-0.0073047,-0.0113089,478.4480158,-628.8772229,-0.0028427,-0.0190021,239.2188908,-314.4369080,-0.0133314,-0.0084315
2.4000000,1.6500000,1.6353474,-0.0096627,491.3288960,-616.6905280,-0.0024376,-0.0162111,251.1203241,-304.4671579,-0.0113908,-0.0072041,-0.0111482,477.7536526,-627.3298842,-0.0028024,-0.0187318,238.8717791,-313.6632631,-0.0131420,-0.0083117
2.4050000,1.6550000,1.6403474,-0.0095301,490.6299885,-615.1861348,-0.0024042,-0.0159885,250.7638274,-303.7287811,-0.0112344,-0.0071052,-0.0109903,477.0608672,-625.7905475,-0.0027628,-0.0184662,238.5254552,-312.8936187,-0.0129558,-0.0081939
2.4100000,1.6600000,1.6453474,-0.0093996,489.9326433,-613.6901471,-0.0023713,-0.0157695,250.4080864,-302.9943799,-0.0110806,-0.0070080,-0.0108350,476.3696565,-624.2591502,-0.0027238,-0.0182051,238.1799176,-312.1279435,-0.0127727,-0.0080782
2.4150000,1.6650000,1.6503474,-0.0092712,489.2368570,-612.2024897,-0.0023389,-0.0155541,250.0530992,-302.2639184,-0.0109293,-0.0069123,-0.0106823,475.6800172,-622.7356300,-0.0026855,-0.0179484,237.8351645,-311.3662066,-0.0125927,-0.0079643
2.4200000,1.6700000,1.6553474,-0.0091449,488.5426264,-610.7230875,-0.0023071,-0.0153423,249.6988639,-301.5373609,-0.0107804,-0.0068181,-0.0105322,474.9919460,-621.2199257,-0.0026478,-0.0176960,237.4911944,-310.6083772,-0.0124158,-0.0078524
2.4250000,1.6750000,1.6603474,-0.0090207,487.8499483,-609.2518658,-0.0022757,-0.0151338,249.3453786,-300.8146721,-0.0106340,-0.0067255,-0.0103846,474.3054397,-619.7119765,-0.0026108,-0.0174478,237.1480058,-309.8544250,-0.0122418,-0.0077424
2.4300000,1.6800000,1.6653474,-0.0088985,487.1588192,-607.7887497,-0.0022449,-0.0149288,248.9926414,-300.0958173,-0.0104899,-0.0066344,-0.0102395,473.6204951,-618.2117222,-0.0025744,-0.0172038,236.8055968,-309.1043198,-0.0120708,-0.0076342
2.4350000,1.6850000,1.6703474,-0.0087783,486.4692360,-606.3336648,-0.0022146,-0.0147270,248.6406502,-299.3807621,-0.0103482,-0.0065448,-0.0100968,472.9371088,-616.7191033,-0.0025386,-0.0169639,236.4639661,-308.3580320,-0.0119026,-0.0075278
2.4400000,1.6900000,1.6753474,-0.0086600,485.7811952,-604.8865369,-0.0021848,-0.0145285,248.2894033,-298.6694726,-0.0102087,-0.0064566,-0.0099565,472.2552776,-615.2340608,-0.0025034,-0.0167280,236.1231119,-307.6155319,-0.0117371,-0.0074232
2.4450000,1.6950000,1.6803474,-0.0085436,485.0946936,-603.4472921,-0.0021554,-0.0143332,247.9388986,-297.9619153,-0.0100715,-0.0063698,-0.0098185,471.5749982,-613.7565363,-0.0024687,-0.0164960,235.7830326,-306.8767906,-0.0115745,-0.0073203
2.4500000,1.7000000,1.6853474,-0.0084290,484.4097279,-602.0158568,-0.0021265,-0.0141410,247.5891341,-297.2580572,-0.0099365,-0.0062844,-0.0096828,470.8962674,-612.2864721,-0.0024347,-0.0162678,235.4437267,-306.1417791,-0.0114145,-0.0072192
2.4550000,1.7050000,1.6903474,-0.0083163,483.7262947,-600.5921578,-0.0020981,-0.0139519,247.2401080,-296.5578654,-0.0098036,-0.0062003,-0.0095494,470.2190819,-610.8238110,-0.0024012,-0.0160434,235.1051924,-305.4104687,-0.0112572,-0.0071197
2.4600000,1.7100000,1.6953474,-0.0082054,483.0443907,-599.1761223,-0.0020701,-0.0137658,246.8918183,-295.8613079,-0.0096729,-0.0061176,-0.0094181,469.5434383,-609.3684964,-0.0023682,-0.0158227,234.7674282,-304.6828313,-0.0111024,-0.0070218
2.4650000,1.7150000,1.7003474,-0.0080963,482.3640126,-597.7676779,-0.0020426,-0.0135826,246.5442631,-295.1683527,-0.0095442,-0.0060363,-0.0092890,468.8693334,-607.9204723,-0.0023358,-0.0156056,234.4304324,-303.9588388,-0.0109502,-0.0069255
2.4700000,1.7200000,1.7053474,-0.0079888,481.6851571,-596.3667527,-0.0020155,-0.0134024,246.1974403,-294.4789684,-0.0094176,-0.0059562,-0.0091620,468.1967639,-606.4796830,-0.0023039,-0.0153921,234.0942034,-303.2384634,-0.0108005,-0.0068308
2.4750000,1.7250000,1.7103474,-0.0078831,481.0078208,-594.9732753,-0.0019889,-0.0132249,245.8513480,-293.7931239,-0.0092929,-0.0058773,-0.0090370,467.5257265,-605.0460738,-0.0022726,-0.0151820,233.7587396,-302.5216777,-0.0106532,-0.0067377
2.4800000,1.7300000,1.7153474,-0.0077790,480.3320003,-593.5871749,-0.0019626,-0.0130503,245.5059842,-293.1107886,-0.0091702,-0.0057997,-0.0089141,466.8562179,-603.6195902,-0.0022417,-0.0149754,233.4240393,-301.8084545,-0.0105083,-0.0066460
2.4850000,1.7350000,1.7203474,-0.0076766,479.6576924,-592.2083810,-0.0019368,-0.0128785,245.1613471,-292.4319321,-0.0090495,-0.0057234,-0.0087932,466.1882348,-602.2001783,-0.0022114,-0.0147721,233.0901009,-301.0987668,-0.0103658,-0.0065559
2.4900000,1.7400000,1.7253474,-0.0075758,478.9848936,-590.8368239,-0.0019113,-0.0127093,244.8174345,-291.7565246,-0.0089306,-0.0056482,-0.0086743,465.5217739,-600.7877849,-0.0021815,-0.0145721,232.7569228,-300.3925881,-0.0102256,-0.0064672
2.4950000,1.7450000,1.7303474,-0.0074765,478.3136007,-589.4724346,-0.0018863,-0.0125427,244.4742446,-291.0845366,-0.0088136,-0.0055742,-0.0085572,464.8568318,-599.3823572,-0.0021521,-0.0143754,232.4245033,-299.6898920,-0.0100876,-0.0063800
2.5000000,1.7500000,1.7353474,-0.0073788,477.6438102,-588.1151444,-0.0018617,-0.0123788,244.1317754,-290.4159388,-0.0086984,-0.0055014,-0.0084421,464.1934052,-597.9838429,-0.0021232,-0.0141818,232.0928407,-298.9906522,-0.0099518,-0.0062941
2.5050000,1.7550000,1.7403474,-0.0072826,476.9755188,-586.7648856,-0.0018374,-0.0122174,243.7900248,-289.7507026,-0.0085850,-0.0054296,-0.0083288,463.5314909,-596.5921901,-0.0020948,-0.0139913,231.7619335,-298.2948430,-0.0098183,-0.0062096
2.5100000,1.7600000,1.7453474,-0.0071879,476.3087231,-585.4215910,-0.0018135,-0.0120585,243.4489910,-289.0887995,-0.0084734,-0.0053590,-0.0082173,462.8710855,-595.2073478,-0.0020668,-0.0138039,231.4317800,-297.6024387,-0.0096868,-0.0061265
2.5150000,1.7650000,1.7503474,-0.0070947,475.6434198,-584.0851940,-0.0017900,-0.0119021,243.1086718,-288.4302014,-0.0083635,-0.0052895,-0.0081076,462.2121857,-593.8292651,-0.0020392,-0.0136194,231.1023785,-296.9134139,-0.0095575,-0.0060447
2.5200000,1.7700000,1.7553474,-0.0070029,474.9796055,-582.7556291,-0.0017669,-0.0117481,242.7690655,-287.7748807,-0.0082553,-0.0052211,-0.0079996,461.5547882,-592.4578918,-0.0020121,-0.0134379,230.7737274,-296.2277436,-0.0094302,-0.0059642
2.5250000,1.7750000,1.7603474,-0.0069125,474.3172768,-581.4328310,-0.0017441,-0.0115964,242.4301700,-287.1228099,-0.0081488,-0.0051537,-0.0078933,460.8988896,-591.0931782,-0.0019855,-0.0132593,230.4458250,-295.5454028,-0.0093050,-0.0058850
2.5300000,1.7800000,1.7653474,-0.0068235,473.6564304,-580.1167356,-0.0017216,-0.0114471,242.0919832,-286.4739621,-0.0080438,-0.0050874,-0.0077888,460.2444865,-589.7350749,-0.0019592,-0.0130835,230.1186697,-294.8663670,-0.0091817,-0.0058070
2.5350000,1.7850000,1.7703474,-0.0067359,472.9970628,-578.8072792,-0.0016995,-0.0113001,241.7545033,-285.8283105,-0.0079405,-0.0050220,-0.0076858,459.5915758,-588.3835332,-0.0019334,-0.0129105,229.7922599,-294.1906117,-0.0090604,-0.0057303
2.5400000,1.7900000,1.7753474,-0.0066496,472.3391707,-577.5043992,-0.0016778,-0.0111553,241.4177283,-285.1858288,-0.0078388,-0.0049577,-0.0075845,458.9401540,-587.0385047,-0.0019079,-0.0127402,229.4665938,-293.5181128,-0.0089409,-0.0056547
2.5450000,1.7950000,1.7803474,-0.0065646,471.6827507,-576.2080335,-0.0016563,-0.0110127,241.0816561,-284.5464911,-0.0077386,-0.0048943,-0.0074848,458.2902178,-585.6999416,-0.0018829,-0.0125726,229.1416698,-292.8488463,-0.0088234,-0.0055804
2.5500000,1.8000000,1.7853474,-0.0064809,471.0277994,-574.9181209,-0.0016352,-0.0108723,240.7462849,-283.9102715,-0.0076400,-0.0048319,-0.0073867,457.6417638,-584.3677966,-0.0018583,-0.0124076,228.8174863,-292.1827886,-0.0087077,-0.0055072
2.5550000,1.8050000,1.7903474,-0.0063985,470.3743134,-573.6346011,-0.0016144,-0.0107340,240.4116126,-283.2771447,-0.0075428,-0.0047705,-0.0072900,456.9947888,-583.0420226,-0.0018340,-0.0122452,228.4940416,-291.5199162,-0.0085938,-0.0054352
2.5600000,1.8100000,1.7953474,-0.0063173,469.7222893,-572.3574142,-0.0015940,-0.0105978,240.0776373,-282.6470857,-0.0074471,-0.0047100,-0.0071949,456.3492894,-581.7225732,-0.0018101,-0.0120853,228.1713341,-290.8602059,-0.0084816,-0.0053643
2.5650000,1.8150000,1.8003474,-0.0062374,469.0717238,-571.0865016,-0.0015738,-0.0104636,239.7443570,-282.0200696,-0.0073529,-0.0046503,-0.0071013,455.7052622,-580.4094024,-0.0017866,-0.0119279,227.8493620,-290.2036347,-0.0083713,-0.0052944
2.5700000,1.8200000,1.8053474,-0.0061586,468.4226134,-569.8218052,-0.0015539,-0.0103315,239.4117698,-281.3960721,-0.0072600,-0.0045916,-0.0070091,455.0627039,-579.1024646,-0.0017635,-0.0117729,227.5281238,-289.5501797,-0.0082626,-0.0052257
2.5750000,1.8250000,1.8103474,-0.0060811,467.7749547,-568.5632678,-0.0015344,-0.0102013,239.0798736,-280.7750690,-0.0071686,-0.0045338,-0.0069184,454.4216111,-577.8017146,-0.0017407,-0.0116204,227.2076177,-288.8998184,-0.0081557,-0.0051581
2.5800000,1.8300000,1.8153474,-0.0060046,467.1287443,-567.3108329,-0.0015151,-0.0100731,238.7486665,-280.1570363,-0.0070785,-0.0044768,-0.0068291,453.7819806,-576.5095840,-0.0017183,-0.0114702,226.8878422,-288.2537981,-0.0080504,-0.0050915
2.5850000,1.8350000,1.8203474,-0.0059294,466.4839789,-566.0644448,-0.0014961,-0.0099468,238.4181467,-279.5419506,-0.0069898,-0.0044207,-0.0067411,453.1438089,-575.2858789,-0.0016962,-0.0113223,226.5687954,-287.6419583,-0.0079467,-0.0050259
2.5900000,1.8400000,1.8253474,-0.0058552,465.8406551,-564.8240488,-0.0014774,-0.0098224,238.0883120,-278.9297885,-0.0069024,-0.0043654,-0.0066545,452.5070928,-574.0673573,-0.0016744,-0.0111767,226.2504759,-287.0327100,-0.0078446,-0.0049614
2.5950000,1.8450000,1.8303474,-0.0057822,465.1987693,-563.5895907,-0.0014590,-0.0096999,237.7591606,-278.3205270,-0.0068163,-0.0043110,-0.0065692,451.8718288,-572.8539867,-0.0016530,-0.0110333,225.9328819,-286.4260370,-0.0077441,-0.0048978
2.6000000,1.8500000,1.8353474,-0.0057102,464.5583183,-562.3610173,-0.0014408,-0.0095791,237.4306905,-277.7141435,-0.0067314,-0.0042573,-0.0064852,451.2380136,-571.6457353,-0.0016319,-0.0108922,225.6160117,-285.8219234,-0.0076451,-0.0048352
2.6050000,1.8550000,1.8403474,-0.0056393,463.9192986,-561.1382761,-0.0014229,-0.0094602,237.1028998,-277.1106153,-0.0066478,-0.0042045,-0.0064025,450.6056439,-570.4425710,-0.0016111,-0.0107532,225.2998637,-285.2203532,-0.0075476,-0.0047735
2.6100000,1.8600000,1.8453474,-0.0055695,463.2817068,-559.9213154,-0.0014053,-0.0093430,236.7757866,-276.5099204,-0.0065655,-0.0041524,-0.0063211,449.9747164,-569.2444625,-0.0015906,-0.0106163,224.9844362,-284.6213107,-0.0074516,-0.0047128
2.6150000,1.8650000,1.8503474,-0.0055006,462.6455395,-558.7100842,-0.0013880,-0.0092275,236.4493488,-275.9120369,-0.0064844,-0.0041011,-0.0062409,449.3452276,-568.0513784,-0.0015705,-0.0104815,224.6697276,-284.0247803,-0.0073570,-0.0046530
2.6200000,1.8700000,1.8553474,-0.0054328,462.0107932,-557.5045323,-0.0013709,-0.0091137,236.1235847,-275.3169429,-0.0064044,-0.0040505,-0.0061619,448.7171742,-566.8632877,-0.0015506,-0.0103487,224.3557362,-283.4307463,-0.0072639,-0.0045941
2.6250000,1.8750000,1.8603474,-0.0053660,461.3774647,-556.3046103,-0.0013540,-0.0090016,235.7984922,-274.7246172,-0.0063256,-0.0040007,-0.0060841,448.0905530,-565.6801596,-0.0015311,-0.0102180,224.0424603,-282.8391935,-0.0071721,-0.0045361
2.6300000,1.8800000,1.8653474,-0.0053001,460.7455504,-555.1102695,-0.0013374,-0.0088911,235.4740695,-274.1350386,-0.0062480,-0.0039516,-0.0060074,447.4653605,-564.5019635,-0.0015118,-0.0100891,223.7298983,-282.2501066,-0.0070818,-0.0044789
2.6350000,1.8850000,1.8703474,-0.0052352,460.1150469,-553.9214618,-0.0013210,-0.0087822,235.1503146,-273.5481861,-0.0061715,-0.0039032,-0.0059319,446.8415933,-563.3286692,-0.0014928,-0.0099623,223.4180484,-281.6634703,-0.0069928,-0.0044226
2.6400000,1.8900000,1.8753474,-0.0051713,459.4859508,-552.7381401,-0.0013049,-0.0086749,234.8272257,-272.9640391,-0.0060961,-0.0038555,-0.0058575,446.2192482,-562.1602465,-0.0014742,-0.0098373,223.1069091,-281.0792697,-0.0069051,-0.0043672
2.6450000,1.8950000,1.8803474,-0.0051083,458.8582588,-551.5602578,-0.0012890,-0.0085692,234.5048008,-272.3825771,-0.0060218,-0.0038085,-0.0057843,445.5983218,-560.9966657,-0.0014557,-0.0097142,222.7964787,-280.4974900,-0.0068187,-0.0043125
2.6500000,1.9000000,1.8853474,-0.0050462,458.2319674,-550.3877690,-0.0012733,-0.0084650,234.1830381,-271.8037799,-0.0059486,-0.0037622,-0.0057121,444.9788107,-559.8378973,-0.0014376,-0.0095929,222.4867554,-279.9181162,-0.0067336,-0.0042587
2.6550000,1.9050000,1.8903474,-0.0049849,457.6070731,-549.2206286,-0.0012579,-0.0083623,233.8619357,-271.2276276,-0.0058765,-0.0037166,-0.0056410,444.3607117,-558.6839117,-0.0014197,-0.0094734,222.1777378,-279.3411337,-0.0066498,-0.0042057
2.6600000,1.9100000,1.8953474,-0.0049246,456.9835726,-548.0587922,-0.0012427,-0.0082611,233.5414917,-270.6541004,-0.0058053,-0.0036716,-0.0055709,443.7440213,-557.5346800,-0.0014021,-0.0093557,221.8694239,-278.7665279,-0.0065672,-0.0041535
2.6650000,1.9150000,1.9003474,-0.0048651,456.3614624,-546.9022159,-0.0012277,-0.0081613,233.2217042,-270.0831788,-0.0057352,-0.0036273,-0.0055019,443.1287362,-556.3901732,-0.0013848,-0.0092397,221.5618123,-278.1942845,-0.0064859,-0.0041020
2.6700000,1.9200000,1.9053474,-0.0048065,455.7407392,-545.7508566,-0.0012129,-0.0080630,232.9025713,-269.5148435,-0.0056661,-0.0035836,-0.0054339,442.5148531,-555.2503628,-0.0013677,-0.0091254,221.2549012,-277.6243892,-0.0064057,-0.0040513
2.6750000,1.9250000,1.9103474,-0.0047488,455.1213994,-544.6046718,-0.0011983,-0.0079660,232.5840913,-268.9490754,-0.0055980,-0.0035405,-0.0053669,441.9023686,-554.1152201,-0.0013509,-0.0090128,220.9486891,-277.0568275,-0.0063267,-0.0040014
2.6800000,1.9300000,1.9153474,-0.0046918,454.5034397,-543.4636196,-0.0011839,-0.0078705,232.2662623,-268.3858557,-0.0055309,-0.0034980,-0.0053009,441.2912794,-552.9847172,-0.0013343,-0.0089018,220.6431741,-276.4915856,-0.0062489,-0.0039521
2.6850000,1.9350000,1.9203474,-0.0046357,453.8868567,-542.3276588,-0.0011698,-0.0077763,231.9490824,-267.8251657,-0.0054647,-0.0034562,-0.0052358,440.6815822,-551.8588259,-0.0013179,-0.0087925,220.3383547,-275.9286494,-0.0061722,-0.0039036
2.6900000,1.9400000,1.9253474,-0.0045803,453.2716469,-541.1967488,-0.0011558,-0.0076834,231.6325498,-267.2669869,-0.0053994,-0.0034149,-0.0051717,440.0732736,-550.7375186,-0.0013018,-0.0086848,220.0342292,-275.3680050,-0.0060966,-0.0038558
2.6950000,1.9450000,1.9303474,-0.0045257,452.6578070,-540.0708496,-0.0011421,-0.0075919,231.3166628,-266.7113011,-0.0053351,-0.0033742,-0.0051085,439.4663502,-549.6207676,-0.0012859,-0.0085786,219.7307959,-274.8096387,-0.0060221,-0.0038087
2.7000000,1.9500000,1.9353474,-0.0044719,452.0453334,-538.9499216,-0.0011285,-0.0075016,231.0014194,-266.1580903,-0.0052717,-0.0033341,-0.0050462,438.8608088,-548.5085456,-0.0012703,-0.0084740,219.4280532,-274.2535367,-0.0059487,-0.0037623
2.7050000,1.9550000,1.9403474,-0.0044189,451.4342229,-537.8339261,-0.0011151,-0.0074126,230.6868179,-265.6073365,-0.0052092,-0.0032946,-0.0049849,438.2566460,-547.4008256,-0.0012548,-0.0083709,219.1259994,-273.6996856,-0.0058764,-0.0037165
2.7100000,1.9600000,1.9453474,-0.0043666,450.8244718,-536.7228248,-0.0011019,-0.0073249,230.3728564,-265.0590223,-0.0051476,-0.0032556,-0.0049244,437.6538585,-546.2975806,-0.0012396,-0.0082693,218.8246328,-273.1480718,-0.0058051,-0.0036715
2.7150000,1.9650000,1.9503474,-0.0043151,450.2160770,-535.6165798,-0.0010889,-0.0072384,230.0595333,-264.5131300,-0.0050868,-0.0032172,-0.0048648,437.0524430,-545.1987839,-0.0012246,-0.0081691,218.5239519,-272.5986821,-0.0057348,-0.0036270
2.7200000,1.9700000,1.9553474,-0.0042642,449.6090348,-534.5151540,-0.0010761,-0.0071531,229.7468467,-263.9696424,-0.0050268,-0.0031793,-0.0048060,436.4523961,-544.1044090,-0.0012099,-0.0080704,218.2239549,-272.0515032,-0.0056655,-0.0035832
2.7250000,1.9750000,1.9603474,-0.0042141,449.0033419,-533.4185108,-0.0010634,-0.0070690,229.4347949,-263.4285425,-0.0049678,-0.0031419,-0.0047481,435.8537144,-543.0144297,-0.0011953,-0.0079731,217.9246401,-271.5065219,-0.0055973,-0.0035400
2.7300000,1.9800000,1.9653474,-0.0041647,448.3989950,-532.3266139,-0.0010510,-0.0069861,229.1233761,-262.8898133,-0.0049095,-0.0031050,-0.0046910,435.2563948,-541.9288198,-0.0011810,-0.0078772,217.6260060,-270.9637253,-0.0055300,-0.0034975
2.7350000,1.9850000,1.9703474,-0.0041159,447.7959905,-531.2394278,-0.0010387,-0.0069043,228.8125886,-262.3534381,-0.0048520,-0.0030687,-0.0046348,434.6604338,-540.8475535,-0.0011668,-0.0077826,217.3280509,-270.4231003,-0.0054637,-0.0034555
2.7400000,1.9900000,1.9753474,-0.0040679,447.1943250,-530.1569173,-0.0010266,-0.0068237,228.5024307,-261.8194003,-0.0047954,-0.0030329,-0.0045793,434.0658281,-539.7706051,-0.0011529,-0.0076894,217.0307731,-269.8846341,-0.0053983,-0.0034142
2.7450000,1.9950000,1.9803474,-0.0040205,446.5939951,-529.0790478,-0.0010146,-0.0067442,228.1929005,-261.2876837,-0.0047395,-0.0029975,-0.0045246,433.4725745,-538.6979491,-0.0011391,-0.0075976,216.7341710,-269.3483141,-0.0053338,-0.0033734
