# r[nm],d[nm],daligned[nm],UC(d)[kJ/mol],UK(d)[kJ/mol],UCl(d)[kJ/mol],UC2A(d)[kJ/mol],UC4A(d)[kJ/mol],UCPlus(d)[kJ/mol],UCMinus(d)[kJ/mol],UCMoreLJ(d)[kJ/mol],UCLessLJ(d)[kJ/mol],UCMin(d)[kJ/mol],UKMin(d)[kJ/mol],UClMin(d)[kJ/mol],UC2AMin(d)[kJ/mol],UC4AMin(d)[kJ/mol],UCPlusMin(d)[kJ/mol],UCMinusMin(d)[kJ/mol],UCMoreLJMin(d)[kJ/mol],UCLessLJMin(d)[kJ/mol]
0.7500000,0.0000000,-0.0282667,287516.3077738,185065.4558441,1148822.8608020,18092.2465559,809174.7086070,287552.1270724,287480.4884751,338935.3800108,214361.5560898,287516.3077738,185065.4558441,1148822.8608020,18092.2465559,809174.7086070,287552.1270724,287480.4884751,338935.3800108,214361.5560898
0.7550000,0.0050000,-0.0232667,262734.4394528,169112.7581900,1049731.8179991,16536.9535377,739378.3015141,262763.7054289,262705.1734766,309721.5520307,195885.1089719,262734.4394528,169112.7581900,1049731.8179991,16536.9535377,739378.3015141,262763.7054289,262705.1734766,309721.5520307,195885.1089719
0.7600000,0.0100000,-0.0182667,235655.3284391,151674.7036189,941666.5793516,14817.9003050,663260.9779862,235683.7077954,235626.9490828,277799.6452254,175695.9224198,235655.3284391,151674.7036189,941666.5793516,14817.9003050,663260.9779862,235683.7077954,235626.9490828,277799.6452254,175695.9224198
0.7650000,0.0150000,-0.0132667,208751.0084948,134349.8999241,834291.3060766,13110.7934065,587629.8864433,208778.4911141,208723.5258755,246083.7889149,155637.0536431,208751.0084948,134349.8999241,834291.3060766,13110.7934065,587629.8864433,208778.4911141,208723.5258755,246083.7889149,155637.0536431
0.7700000,0.0200000,-0.0082667,182773.9960128,117622.9715831,730608.3275720,11463.4943025,514599.7559808,182800.5726420,182747.4193836,215461.0786232,136269.5511132,182773.9960128,117622.9715831,730608.3275720,11463.4943025,514599.7559808,182800.5726420,182747.4193836,215461.0786232,136269.5511132
0.7750000,0.0250000,-0.0032667,158304.2414141,101867.3711810,632931.8935154,9912.8430572,445800.6438829,158329.9037166,158278.5791117,186615.1824099,118025.8044766,158304.2414141,101867.3711810,632931.8935154,9912.8430572,445800.6438829,158329.9037166,158278.5791117,186615.1824099,118025.8044766
0.7800000,0.0300000,0.0017333,135746.4898030,87343.6850525,542877.5868753,8484.4968112,382370.4805362,135771.2304096,135721.7491963,160023.2295091,101207.5767569,135746.4898030,87343.6850525,542877.5868753,8484.4968112,382370.4805362,135771.2304096,135721.7491963,160023.2295091,101207.5767569
0.7850000,0.0350000,0.0067333,115342.6415968,74207.6016718,461411.5540038,7193.7254795,324989.7482509,115366.4541556,115318.8290379,135970.3815194,85995.2199847,115342.6415968,74207.6016718,461411.5540038,7193.7254795,324989.7482509,115366.4541556,115318.8290379,135970.3815194,85995.2199847
0.7900000,0.0400000,0.0117333,97194.1326432,62524.3338366,388939.6969017,6046.8461382,273944.3083805,97217.0118670,97171.2534194,114576.2149539,72464.3609871,97194.1326432,62524.3338366,388939.6969017,6046.8461382,273944.3083805,97217.0118670,97171.2534194,114576.2149539,72464.3609871
0.7950000,0.0450000,0.0167333,81289.4903499,52286.3741160,325417.5174128,5042.9864940,229202.7748462,81311.4320614,81267.5486385,95827.2054757,60606.4462224,81289.4903499,52286.3741160,325417.5174128,5042.9864940,229202.7748462,81311.4320614,81267.5486385,95827.2054757,60606.4462224
0.8000000,0.0500000,0.0217333,67533.0103958,43431.9708777,270464.4435746,4175.9183588,190497.0443239,67554.0115702,67512.0092215,79610.5331173,50350.1220782,67533.0103958,43431.9708777,270464.4435746,4175.9183588,190497.0443239,67554.0115702,67512.0092215,79610.5331173,50350.1220782
0.8050000,0.0550000,0.0267333,55771.5982822,35862.4208039,223470.8516825,3435.7724487,157397.6809528,55791.6570871,55751.5394774,65745.7241433,41581.2469420,55771.5982822,35862.4208039,223470.8516825,3435.7724487,157397.6809528,55791.6570871,55751.5394774,65745.7241433,41581.2469420
0.8100000,0.0600000,0.0317333,45817.9521466,29457.0032821,183690.5108823,2810.5182613,129379.0325225,45837.0679781,45798.8363151,54011.9798503,34160.1754524,45817.9521466,29457.0032821,183690.5108823,2810.5182613,129379.0325225,45837.0679781,45798.8363151,54011.9798503,34160.1754524
0.8150000,0.0650000,0.0367333,37469.2441653,24085.0140377,150315.0876951,2287.1554977,105871.7096736,37487.4176806,37451.0706500,44170.1989296,27935.6866640,37469.2441653,24085.0140377,150315.0876951,2287.1554977,105871.7096736,37487.4176806,37451.0706500,44170.1989296,27935.6866640
0.8200000,0.0700000,0.0417333,30521.1988206,19614.8327359,122530.3021368,1852.6108361,86302.1405796,30538.4319665,30503.9656747,35979.5734744,22755.4802841,30521.1988206,19614.8327359,122530.3021368,1852.6108361,86302.1405796,30538.4319665,30503.9656747,35979.5734744,22755.4802841
0.8250000,0.0750000,0.0467333,24777.9526629,15920.2725847,99555.2665228,1509.1008503,70120.2796774,24794.2486997,24761.6566261,29209.2120504,18473.5277476,24777.9526629,15920.2725847,99555.2665228,1494.3649099,70120.2796774,24794.2486997,24761.6566261,29209.2120504,18473.5277476
0.8300000,0.0800000,0.0517333,20058.3436284,12884.6296474,80667.5888191,1215.5870635,56817.2891401,20073.7071495,20042.9801073,23645.5537869,14954.7613005,20058.3436284,12884.6296474,80667.5888191,1200.8511230,56817.2891401,20073.7071495,20042.9801073,23645.5537869,14954.7613005
0.8350000,0.0850000,0.0567333,16199.3713699,10402.9096920,65217.1952885,976.4097891,45935.2744298,16213.8083162,16184.9344236,19096.4475501,12077.6538953,16199.3713699,10402.9096920,65217.1952885,961.6738486,45935.2744298,16213.8083162,16184.9344236,19096.4475501,12077.6538953
0.8400000,0.0900000,0.0617333,13057.5494141,8382.6970618,52631.7453573,782.4281203,37071.0976119,13071.0670829,13044.0317453,15392.7459174,9735.2273087,13057.5494141,8382.6970618,52631.7453573,767.6921798,37071.0976119,13071.0670829,13044.0317453,15392.7459174,9735.2273087
0.8450000,0.0950000,0.0667333,10508.7838370,6744.0745256,42416.1686929,625.7457947,29876.0505407,10521.3908861,10496.1767880,12388.1621562,7834.9616874,10508.7838370,6744.0745256,42416.1686929,611.0098543,29876.0505407,10521.3908861,10496.1767880,12388.1621562,7834.9616874
0.8500000,0.1000000,0.0717333,8447.2983409,5418.9290658,34148.3970628,499.6405383,24052.8478142,8459.0047864,8435.5918954,9958.0030621,6297.9941247,8447.2983409,5418.9290658,34148.3970628,484.9045978,24052.8478142,8459.0047864,8435.5918954,9958.0030621,6297.9941247
0.8550000,0.1050000,0.0767333,6784.0068064,4349.9019969,27472.8901139,398.4584525,19351.0659076,6794.8240151,6773.1895976,7997.2504611,5057.9052952,6784.0068064,4349.9019969,27472.8901139,383.7225120,19351.0659076,6794.8240151,6773.1895976,7997.2504611,5057.9052952
0.8600000,0.1100000,0.0817333,5444.6260735,3489.1720036,22093.1224865,317.4921312,15561.8507883,5454.5667494,5434.6853975,6418.3364815,4059.3124142,5444.6260735,3489.1720036,22093.1224865,302.7561907,15561.8507883,5454.5667494,5434.6853975,6418.3364815,4059.3124142
0.8650000,0.1150000,0.0867333,4367.7307353,2797.2010711,17763.8370980,252.8553661,12512.4609166,4376.8089000,4358.6525705,5148.8504704,3256.4189636,4367.7307353,2797.2010711,17763.8370980,238.1194261,12512.4609166,4376.8089000,4358.6525705,5148.8504704,3256.4189636
0.8700000,0.1200000,0.0917333,3502.8799539,2241.5270330,14283.5832929,201.3626916,10061.0109834,3511.1109212,3494.6489866,4129.3308109,2611.6181149,3502.8799539,2241.5270330,14283.5832929,186.6267723,10061.0109834,3511.1109212,3494.6489866,4129.3308109,2611.6181149
0.8750000,0.1250000,0.0967333,2808.8925724,1810.3877827,11487.8443358,160.4183811,8091.6308396,2816.2929165,2801.4922283,3311.2315569,2094.2067160,2808.8925724,1795.6518423,11487.8443358,145.6827995,8091.6308396,2816.2929165,2801.4922283,3311.2315569,2094.2067160
0.8800000,0.1300000,0.1017333,2252.3085157,1452.7859513,9242.9060744,127.9162565,6510.1465502,2258.8960345,2245.7209969,2655.1086740,1693.9741095,2252.3085157,1438.0500108,9242.9060744,113.1834286,6510.1465502,2258.8960345,2245.7209969,2655.1086740,1679.2381690
0.8850000,0.1350000,0.1067333,1820.7845186,1166.0409196,7440.5153156,102.1498706,5240.3177575,1826.5781954,1814.9908463,2129.0401428,1361.2591567,1806.0485776,1151.3049792,7440.5153156,87.4300830,5240.3177575,1811.8422493,1800.2549058,2129.0401428,1346.5232162
0.8900000,0.1400000,0.1117333,1463.0041487,936.1065075,5993.3107193,81.7358878,4220.6192268,1468.0240836,1457.9842138,1722.0107010,1094.5113075,1448.2682082,921.3705671,5993.3107193,67.0563460,4220.6192268,1453.2881431,1443.2482733,1707.2747606,1079.7753670
0.8950000,0.1450000,0.1167333,1176.1272299,751.6843919,4830.9705632,65.5574345,3401.5273746,1180.3946165,1171.8598433,1383.8290575,880.6264562,1161.3912894,736.9484515,4830.9705632,50.9662031,3401.5273746,1165.6586760,1157.1239028,1369.0931171,865.8905158
0.9000000,0.1500000,0.1217333,946.0409445,603.7054248,3897.0022602,52.7264301,2743.2588565,949.5779908,942.5038982,1112.5944163,709.0826069,931.3050040,588.9694846,3897.0022602,38.2826382,2743.2588565,934.8420503,927.7679577,1097.8584759,694.3466665
0.9050000,0.1550000,0.1267333,761.4311328,484.9013764,3146.0916163,42.5505740,2213.9034428,764.2610028,758.6012627,894.9692069,571.4443393,746.6951923,470.1655571,3146.0916163,28.3052505,2213.9034428,749.5250623,743.8653223,880.2332665,556.7083989
0.9100000,0.1600000,0.1317333,613.2377818,389.4406168,2541.9308100,34.4932424,1802.6300488,615.3845279,611.0910356,720.2731345,460.9568419,598.5018413,374.7188844,2541.9308100,20.4755759,1787.8941083,600.6485875,596.3550951,705.5371940,446.2209014
0.9150000,0.1650000,0.1367333,494.2116935,312.1866537,2055.4496175,28.1291153,1459.4971092,495.7001849,492.7232021,579.9605631,372.2153799,479.4757530,297.9764919,2055.4496175,14.3488916,1444.7611687,480.9642444,477.9872616,565.2246226,357.4794394
0.9200000,0.1700000,0.1417333,398.5553507,246.7911138,1678.1181977,23.1045356,1182.8587666,399.4111981,397.6995033,467.1971544,300.8975383,383.8194102,232.5757170,1663.3822572,9.5714104,1168.1228262,384.6752576,382.9635628,452.4612140,286.1615978
0.9250000,0.1750000,0.1467333,321.6331801,191.7884728,1361.8468382,19.1138349,959.6065345,321.8826577,321.3837022,376.5183149,243.5472046,306.8972396,177.1102742,1347.1108978,5.8619115,944.8705940,307.1467175,306.6477617,361.7823745,228.8112641
0.9300000,0.1800000,0.1517333,259.7385727,147.1871484,1106.4714152,15.8956640,779.2500712,259.4085361,260.0686067,303.5545501,197.4008678,245.0026322,132.4606468,1091.7354748,2.9969971,764.5141307,244.6725981,245.3326663,288.8186096,182.6649274
0.9350000,0.1850000,0.1567333,209.9070344,111.1865436,900.0634143,13.2366307,633.3915965,209.0248286,210.7892221,244.8111992,160.2483104,195.1710940,96.4528014,885.3274738,0.7992916,618.6556560,194.2889064,196.0532816,230.0752587,145.5123702
0.9400000,0.1900000,0.1617333,169.7666402,82.0931136,733.0684455,10.9795004,515.3051128,168.3599854,171.1732062,197.4921450,130.3211121,155.0306998,67.3578481,718.3325050,-0.8957045,500.5691724,153.6241339,156.4372657,182.7562045,115.5851726
0.9450000,0.1950000,0.1667333,137.4185299,58.5358669,597.8286715,9.0301170,419.6000479,135.5153696,139.3213650,159.3589375,106.2035387,122.6825896,43.8001831,583.0927310,-2.3204897,404.8641075,120.7797529,124.5854264,144.6229971,91.4676146
0.9500000,0.2000000,0.1717333,111.3415049,39.4205528,488.2014648,7.3396333,341.9526781,108.9698123,113.7121189,128.6183457,86.7611435,96.6055807,24.6847284,473.4655243,-3.3830860,327.2167377,94.2348277,98.9763337,113.8824071,72.0255584
0.9550000,0.2050000,0.1767333,90.3156819,23.8751801,399.2551282,5.8734730,278.8918315,87.5033566,93.1223378,103.8326104,71.0822182,75.5800873,9.1393048,384.5191877,-4.1628078,264.1558911,72.7699351,78.3902395,89.0967396,56.3497259
0.9600000,0.2100000,0.1817333,73.3603123,11.2036008,327.0262058,4.5987642,227.6279727,70.1357377,76.5448565,83.8473529,58.4287397,58.6274683,-3.5310244,312.2902653,-4.7222006,212.8920323,55.4065122,61.8484245,69.1123346,43.7104783
0.9650000,0.2150000,0.1867333,59.6826978,-2.5450262,268.3259453,3.4903701,185.9169067,56.0753383,63.0887794,67.7326372,48.2004705,44.9616830,-16.5441096,253.5900049,-5.1105416,171.1809664,41.3585135,48.5648524,53.0025765,33.5217727
0.9700000,0.2200000,0.1917333,48.6403783,-26.5658132,220.5859367,2.5365174,151.9510758,44.6755561,51.9389839,54.7361201,39.9142954,33.9507547,-41.3004826,205.8500004,-5.3666074,137.2151395,29.9938773,37.9076322,40.0224671,25.3124307
0.9750000,0.2250000,0.1967333,39.7163373,-45.8311123,181.7348441,1.7347014,124.2728203,35.3948211,38.9269392,44.2498208,33.1870575,25.0860466,-60.5670199,166.9990457,-5.5208636,109.5369215,20.8038019,25.0709902,29.5724051,18.7032312
0.9800000,0.2300000,0.2017333,32.4975678,-60.8904534,150.0987625,1.0822864,101.7051101,27.2903745,19.9268924,35.7857063,27.7134618,17.9577525,-75.6263648,135.3648398,-5.9452173,86.9693927,13.3782409,5.3753969,21.1692954,13.3886380
0.9850000,0.2350000,0.2067333,26.6516474,-72.7058930,124.3161678,0.5703206,83.2962336,13.6046330,3.7728367,28.9518225,23.2469544,12.2353372,-87.4417976,109.5954771,-6.4229149,68.5610650,-1.0187581,-10.3151026,14.4234903,9.1222162
0.9900000,0.2400000,0.2117333,21.9078332,-82.0047796,103.2481701,0.1832961,68.2756534,-0.3588028,-10.6845497,23.4296147,19.5893047,7.6519135,-96.7406747,88.5966911,-6.7323119,53.5416984,-15.0911077,-24.3337678,9.0203725,5.7049845
0.9950000,0.2450000,0.2167333,18.0468403,-89.3391573,72.1991530,-0.0979652,56.0186231,-11.4366204,-23.8629437,18.9587894,16.5823874,3.9917537,-104.0750392,57.4764553,-6.9130785,41.2869536,-26.1722532,-38.3494578,4.7056341,2.9761043
1.0000000,0.2500000,0.2217333,14.8931972,-95.1300692,36.2256581,-0.2933141,46.0174683,-20.1860593,-35.1518097,15.3290417,14.0970392,1.0802984,-109.8659329,21.4901856,-6.9958512,31.2900860,-34.9219202,-49.8216130,1.2734977,0.8054306
1.0050000,0.2550000,0.2267333,12.3043439,-99.7001532,7.1900421,-0.4212914,37.8580698,-27.1099333,-44.5786114,12.3713503,12.0228849,-1.2238457,-114.4359918,-7.5458118,-7.0043063,23.1392538,-41.8458108,-59.2827880,-1.4427168,-0.9124542
1.0100000,0.2600000,0.2317333,10.1593142,-103.2977622,-16.2133669,-0.4981300,31.2010432,-32.5973288,-52.4440703,9.9460677,10.2645621,-3.0353216,-118.0335664,-30.9492816,-6.9567486,16.4993050,-47.3331868,-67.1451585,-3.5781549,-2.2630238
1.0150000,0.2650000,0.2367333,8.3532148,-106.1149128,-35.0438270,-0.5374248,25.7675326,-36.9490407,-59.0433036,7.9328632,8.7448050,-4.4471714,-120.8506706,-49.7795170,-6.8673297,11.0971427,-51.6848562,-73.7279639,-5.2424982,-3.3156470
1.0200000,0.2700000,0.2417333,6.7996282,-108.3007154,-50.1617395,-0.5501881,21.3288377,-40.3983870,-64.6177573,6.2281709,7.4099757,-5.5349743,-123.0364110,-64.8896833,-6.7469862,6.7099501,-55.1341310,-79.2785717,-6.5248425,-4.1266727
1.0250000,0.2750000,0.2467333,5.4372616,-109.9714741,-62.4499975,-0.5451107,17.6982142,-43.1269738,-69.3577098,4.7504821,6.2312014,-6.3601755,-124.7070876,-76.9682226,-6.6041627,3.1557046,-57.8626031,-83.9887128,-7.4976216,-4.7419123
1.0300000,0.2800000,0.2517333,4.2329522,-111.2183202,-74.8704159,-0.5289143,14.7232582,-45.2766335,-73.4120087,3.4474980,5.1975745,-6.9727677,-125.9538263,-88.7166510,-6.4453717,0.2855249,-60.0120832,-88.0070388,-8.2197692,-5.1986385
1.0350000,0.2850000,0.2567333,3.1753465,-112.1130134,-89.4975092,-0.5067306,12.2782164,-46.9585046,-76.8971858,2.2960011,4.3053751,-7.4134541,-126.8483749,-104.1874354,-6.2756256,-2.0225096,-61.6936765,-91.4488689,-8.7392673,-5.5271980
1.0400000,0.2900000,0.2617333,2.2626031,-112.7124330,-102.9790259,-0.4824542,10.2566233,-48.2599690,-79.9048428,1.2914070,3.5498959,-7.7153939,-127.4475214,-117.7126463,-6.0987736,-3.8683592,-62.9947164,-94.4037719,-9.0952057,-5.7523131
1.0450000,0.2950000,0.2667333,1.4922216,-113.0627272,-114.8516932,-0.4590245,8.5657555,-49.2499723,-82.5074564,0.4341310,2.9223596,-7.9056145,-127.7964769,-129.5874870,-5.9177619,-5.3340729,-63.9840819,-96.9414766,-9.3194451,-5.8941346
1.0500000,0.3000000,0.2717333,0.8568465,-113.2091975,-125.3079763,-0.4386144,7.1251526,-49.9831209,-84.7628961,-0.2790645,2.4103779,-8.0642732,-127.9314742,-140.0438732,-5.7348370,-6.4870732,-64.7162937,-99.1164825,-9.5064781,-6.0124247
1.0550000,0.3050000,0.2767333,0.3445526,-113.2576880,-134.5291222,-0.4227406,5.8699908,-50.5028449,-86.7178942,-0.8572331,1.9996522,-8.5110122,-127.8817697,-149.2649807,-5.5517036,-7.3828232,-65.2346786,-100.9716552,-10.0331114,-6.3454968
1.0600000,0.3100000,0.2817333,-0.0591937,-113.7094932,-142.6608488,-0.4123412,4.7558861,-50.8438458,-88.4106466,-1.3137746,1.6755678,-8.8263007,-127.6711903,-157.3965993,-5.3900699,-8.0669955,-65.5738234,-102.5410258,-10.4047858,-6.5805643
1.0650000,0.3150000,0.2867333,-0.3696168,-115.7574390,-149.8204811,-0.4078556,3.7593090,-51.0339942,-89.8727032,-1.6641166,1.4242480,-9.0354437,-129.6727950,-164.5559753,-5.2579135,-8.5772382,-65.7614819,-103.8519649,-10.6513316,-6.7364936
1.0700000,0.3200000,0.2917333,-0.6013290,-119.1632457,-156.1037839,-0.4093138,2.8716036,-51.0958038,-91.1303399,-1.9238481,1.2330841,-9.1588316,-133.7471934,-170.8386711,-5.2215609,-8.9446152,-65.8200602,-104.9268614,-10.7967861,-6.8284871
1.0750000,0.3250000,0.2967333,-0.7676438,-122.6689941,-161.5904058,-0.4164284,2.0904460,-51.0475974,-92.2056551,-2.1075799,1.0908880,-9.2129291,-137.3761981,-176.3238611,-5.1723114,-9.1947807,-65.7677756,-105.7844118,-10.8605583,-6.8688202
1.0800000,0.3300000,0.3017333,-0.8803403,-125.8414154,-166.3482787,-0.4286853,1.4135071,-50.9045887,-93.1176191,-2.2284112,0.9878144,-9.2110594,-140.5712649,-181.0783922,-5.1062773,-9.3489404,-65.6195611,-106.4406014,-10.8583542,-6.8674262
1.0850000,0.3350000,0.3067333,-0.9497146,-128.6129205,-170.4374189,-0.4454377,0.8358229,-50.6809518,-93.8830655,-2.2978048,0.9151716,-9.1640281,-143.3473874,-185.1598703,-5.0255047,-9.4246370,-65.3877723,-106.9094422,-10.8029119,-6.8323614
1.0900000,0.3400000,0.3117333,-0.9847895,-130.9870124,-173.9136530,-0.4660152,0.3497553,-50.3983142,-94.5171861,-2.3257143,0.8652034,-9.0806202,-145.7225395,-188.6189834,-4.9319403,-9.4363941,-65.0827394,-107.6903032,-10.7045875,-6.7701756
1.0950000,0.3450000,0.3167333,-0.9935901,-132.9812696,-176.8328430,-0.4898530,-0.0540129,-50.1217556,-95.0329085,-2.3208477,0.8308997,-9.0064753,-147.7170665,-191.5012253,-4.8274267,-9.3962441,-64.7131969,-108.3906406,-10.6171825,-6.7148958
1.1000000,0.3500000,0.3217333,-0.9834151,-134.6172032,-179.2559124,-0.5166127,-0.3853952,-50.0648301,-95.4391536,-2.2909849,0.8058710,-9.0568051,-149.3530702,-193.8481574,-4.7136971,-9.3141615,-64.2866196,-108.9142338,-10.6765132,-6.7524199
1.1050000,0.3550000,0.3267333,-0.9610498,-135.9179478,-181.2536447,-0.5462167,-0.6540875,-50.6508862,-95.7391923,-2.2432829,0.7843010,-9.0700363,-150.6538202,-195.6983123,-4.5923702,-9.3907246,-63.8094828,-109.2682801,-10.6921108,-6.7622846
1.1100000,0.3600000,0.3317333,-0.9328911,-136.9073976,-182.9070855,-0.5787334,-0.8690701,-52.0421100,-95.9309762,-2.1845162,0.7609839,-9.0509784,-151.6432159,-197.0878273,-4.4649467,-9.4930971,-66.0489986,-109.4601127,-10.6696446,-6.7480757
1.1150000,0.3650000,0.3367333,-0.9049599,-137.6097330,-184.2966483,-0.6141568,-1.0383644,-53.8031265,-96.0104710,-2.1212147,0.7314369,-9.0037608,-152.3453108,-198.0508749,-4.3328066,-9.5982351,-68.2749532,-109.4972987,-10.6139826,-6.7128720
1.1200000,0.3700000,0.3417333,-0.8827943,-138.0491940,-185.4794800,-0.6522310,-1.1689753,-55.5080286,-95.9769652,-2.0596719,0.6920705,-8.9319658,-152.7839082,-198.6199441,-4.1972093,-9.6682174,-70.1409332,-109.3876754,-10.5293478,-6.6593443
1.1250000,0.3750000,0.3467333,-0.8712219,-138.2500771,-186.4722582,-0.6924439,-1.2669668,-56.9883769,-95.8379759,-2.0058022,0.6403733,-8.8387318,-152.9822280,-199.9734441,-4.0592944,-9.6923985,-71.6789001,-109.1393421,-10.4194400,-6.5898325
1.1300000,0.3800000,0.3517333,-0.8740395,-138.2368344,-187.2583281,-0.7341839,-1.3376334,-58.2073973,-95.6155515,-1.9648387,0.5750422,-8.7268338,-152.9626444,-201.1656546,-3.9200844,-9.6774347,-72.9196885,-108.7606216,-10.2875304,-6.5064055
1.1350000,0.3850000,0.3567333,-0.8936811,-138.0340315,-187.8107463,-0.7769277,-1.3857369,-59.1724402,-95.3645823,-1.9409014,0.4959859,-8.5987456,-152.7464873,-201.9423764,-3.7804888,-9.6290217,-73.8926914,-108.2600009,-10.1365349,-6.4109076
1.1400000,0.3900000,0.3617333,-0.9310016,-137.6658831,-188.1089134,-0.8203381,-1.4157719,-59.9042611,-95.1951654,-1.9365438,0.4041586,-8.4566875,-152.3539022,-202.3318952,-3.6413093,-9.5520578,-74.6256364,-107.6460623,-9.9690714,-6.3049943
1.1450000,0.3950000,0.3667333,-0.9853054,-137.1551246,-188.1424751,-0.8642384,-1.4322207,-60.4275974,-95.2240789,-1.9524596,0.3012655,-8.3026643,-151.8037603,-202.3623420,-3.5032452,-9.4507755,-75.1444414,-106.9274087,-9.7875029,-6.1901603
1.1500000,0.4000000,0.3717333,-1.0546535,-136.5212724,-187.9098739,-0.9084948,-1.4397619,-60.7682479,-95.4398072,-1.9875218,0.1894564,-8.1384935,-151.1136120,-202.0614840,-3.4786265,-9.3288484,-75.4731357,-107.0456995,-9.5939720,-6.0677606
1.1550000,0.4050000,0.3767333,-1.1363315,-135.7796874,-187.4185619,-0.9529427,-1.4433918,-60.9518295,-95.6920565,-2.0391882,0.0711060,-7.9658280,-150.2996744,-201.4565251,-3.4623271,-9.1894785,-75.6338380,-108.1558484,-9.3904271,-5.9390276
1.1600000,0.4100000,0.3817333,-1.2272815,-134.9993693,-186.6912865,-0.9975351,-1.4484082,-61.0026783,-95.8335657,-2.1041016,-0.0513242,-7.7861734,-149.3768472,-200.5739236,-3.4231009,-9.0354666,-75.6467758,-108.8224905,-9.1786433,-5.8050837
1.1650000,0.4150000,0.3867333,-1.3243851,-135.5752763,-185.7936346,-1.0425463,-1.4601827,-60.9426293,-95.7963268,-2.1786258,-0.1754389,-7.6009021,-148.3587511,-199.4392335,-3.3651816,-9.0778412,-75.5303407,-109.1167411,-8.9602383,-5.6669523
1.1700000,0.4200000,0.3917333,-1.4246547,-139.6622170,-184.9461245,-1.0883871,-1.4836847,-60.7899366,-95.5786520,-2.2591907,-0.2991138,-7.4112646,-154.0694074,-198.0769714,-3.2922809,-9.0947231,-75.3011666,-109.0994461,-8.7366862,-5.5255655
1.1750000,0.4250000,0.3967333,-1.5254358,-143.6118605,-184.6750199,-1.1351172,-1.5228296,-60.5591295,-95.2141194,-2.3425170,-0.4206842,-7.2183986,-158.1504081,-196.5105117,-3.2839296,-9.0777232,-74.9742272,-108.8225470,-8.5093283,-5.3817718
1.1800000,0.4300000,0.4017333,-1.6246133,-146.3817187,-185.2277470,-1.1822323,-1.5798777,-60.2671965,-94.7449970,-2.4258303,-0.5390231,-7.0233370,-160.8340124,-198.6483504,-3.2488740,-9.0307452,-74.5629432,-108.3302914,-8.2793821,-5.2363410
1.1850000,0.4350000,0.4067333,-1.7207265,-148.1533690,-186.0036884,-1.2289449,-1.6551372,-59.9739771,-94.2021181,-2.5070442,-0.6534967,-6.8270147,-162.4199930,-200.0996340,-3.1910776,-8.9573898,-74.0792961,-107.6602997,-8.0479499,-5.0899704
1.1900000,0.4400000,0.4117333,-1.8129416,-149.1316522,-186.4817211,-1.2746881,-1.7470733,-59.8969379,-93.5954720,-2.5848231,-0.7638557,-6.6302750,-163.1457098,-200.8438024,-3.1159464,-8.8609725,-73.5339443,-106.8445001,-7.8160255,-4.9432886
1.1950000,0.4450000,0.4167333,-1.9009275,-149.5121106,-186.5227357,-1.3192760,-1.8527203,-60.3873082,-92.9178640,-2.6584989,-0.8701203,-6.4338749,-163.1991228,-200.9965193,-3.0279306,-8.7445394,-72.9363375,-105.9099436,-7.5845014,-4.7968599
1.2000000,0.4500000,0.4217333,-1.9847060,-150.1965053,-186.1539006,-1.3624109,-1.9682330,-61.4134898,-92.1563965,-2.7279079,-0.9724672,-6.2384907,-162.7290918,-200.6560373,-2.9320225,-8.6108822,-73.8986772,-104.8795110,-7.3541749,-4.6511886
1.2050000,0.4550000,0.4267333,-2.0645049,-152.7147009,-185.4537829,-1.4030254,-2.0894662,-62.5303026,-91.3027490,-2.7932150,-1.0711033,-6.0447230,-166.9162386,-199.9057305,-2.8927383,-8.4625520,-75.5168632,-103.7725248,-7.1257541,-4.5067226
1.2100000,0.4600000,0.4317333,-2.1406004,-155.1881530,-184.5068550,-1.4390157,-2.2125084,-63.4349922,-90.3573200,-2.8547388,-1.1661553,-5.8570534,-169.8018876,-198.8162790,-2.8306358,-8.3018736,-76.5530743,-102.7147518,-6.9045218,-4.3668030
1.2150000,0.4650000,0.4367333,-2.2131733,-156.5225740,-183.3756260,-1.4675404,-2.3340875,-64.0619175,-89.3281800,-2.9127712,-1.2576561,-5.7446183,-171.2156754,-197.4475472,-2.7520493,-8.1309586,-77.1295354,-101.8191322,-6.7719790,-4.2829756
1.2200000,0.4700000,0.4417333,-2.2822607,-156.8328261,-182.0893863,-1.4857954,-2.4517887,-64.5071523,-88.2279425,-2.9674436,-1.3456284,-5.6188307,-171.5414503,-195.8501938,-2.6619627,-7.9517188,-77.3435832,-100.8121196,-6.6236956,-4.1891929
1.2250000,0.4750000,0.4467333,-2.3478396,-156.3758877,-180.6537564,-1.4918545,-2.5640855,-64.9555967,-87.0707877,-3.0187284,-1.4301361,-5.4825857,-171.0654514,-194.0670510,-2.5642784,-7.7658783,-77.2727822,-99.7192131,-6.4630848,-4.0876137
1.2300000,0.4800000,0.4517333,-2.4099236,-155.3818833,-179.0683483,-1.4851288,-2.6702281,-65.4797796,-85.8704716,-3.0665631,-1.5112062,-5.3383831,-170.0017569,-192.1343016,-2.4620348,-7.5749869,-77.9318093,-98.5611051,-6.2930932,-3.9801016
1.2350000,0.4850000,0.4567333,-2.4685351,-154.0297923,-177.3379442,-1.4663195,-2.7700391,-65.9567739,-84.6393072,-3.1109364,-1.5887301,-5.1883723,-168.5108739,-190.2612560,-2.3575800,-7.3804314,-79.2686130,-97.3545889,-6.1162546,-3.8682590
1.2400000,0.4900000,0.4617333,-2.5236066,-152.4378345,-175.4747161,-1.4370422,-2.8636581,-66.2572507,-83.3878349,-3.1518364,-1.6625078,-5.0343930,-166.7133814,-188.6025585,-2.2776150,-7.1834479,-79.9720224,-96.1132914,-5.9347378,-3.7534577
1.2450000,0.4950000,0.4667333,-2.5749879,-150.6720690,-173.4959466,-1.3993652,-2.9513136,-66.3514286,-82.1248124,-3.1891733,-1.7323925,-4.8780125,-164.6999879,-186.7598161,-2.2124990,-6.9851332,-80.1966833,-94.8482650,-5.7503905,-3.6368663
1.2500000,0.5000000,0.4717333,-2.6225719,-148.7693241,-171.4210473,-1.3554298,-3.0331970,-66.2646504,-80.8571557,-3.2228317,-1.7983054,-4.7205589,-162.5389790,-184.7738124,-2.1359591,-6.7864553,-80.0604689,-93.5684665,-5.5647780,-3.5194747
1.2550000,0.5050000,0.4767333,-2.6663262,-146.7566895,-169.2693461,-1.3072057,-3.1094360,-66.0241090,-79.5899110,-3.2527805,-1.8600114,-4.6003662,-160.2817537,-182.6779573,-2.0522161,-6.5882643,-79.6534460,-92.2811450,-5.4230902,-3.4298634
1.2600000,0.5100000,0.4817333,-2.7060813,-144.6597963,-167.0588092,-1.2563724,-3.1800883,-65.6447354,-78.3266273,-3.2790081,-1.9167984,-4.6130777,-157.9669579,-180.4996272,-1.9644427,-6.3913021,-79.0445788,-90.9921569,-5.4380750,-3.4393406
1.2650000,0.5150000,0.4867333,-2.7411887,-142.5037067,-164.8054506,-1.2042859,-3.2451230,-65.1367063,-77.0700185,-3.3012209,-1.9673115,-4.5897342,-155.6235808,-178.2612545,-1.8750039,-6.1962120,-78.2867622,-89.7062208,-5.4105568,-3.4219366
1.2700000,0.5200000,0.4917333,-2.7703116,-140.3115787,-162.5231673,-1.1519960,-3.3044469,-64.5128418,-75.8224637,-3.3185049,-2.0097048,-4.5377670,-153.2732836,-175.9812150,-1.7856429,-6.0035475,-77.4206161,-88.4271261,-5.3492958,-3.3831917
1.2750000,0.5250000,0.4967333,-2.7915443,-138.1035355,-160.2238025,-1.1002868,-3.3579979,-63.7899362,-74.5861608,-3.3292221,-2.0420621,-4.4633391,-150.9321570,-173.6745518,-1.6976253,-5.8404392,-76.4773547,-87.1579018,-5.2615574,-3.3277011
1.2800000,0.5300000,0.5017333,-2.8028392,-135.8962332,-157.9173205,-1.0497234,-3.4057918,-62.9868226,-73.3630701,-3.3312733,-2.0628753,-4.3715517,-148.6120508,-171.3535669,-1.6118502,-5.6850435,-75.4809666,-85.9009545,-5.1533547,-3.2592677
1.2850000,0.5350000,0.5067333,-2.8025284,-133.7029571,-155.6120234,-1.0006977,-3.4478034,-62.1221239,-72.1548295,-3.3226173,-2.0713687,-4.2666161,-146.3215839,-169.0283048,-1.5289372,-5.5256462,-74.4498744,-84.6581814,-5.0296526,-3.1810316
1.2900000,0.5400000,0.5117333,-2.7897015,-131.5339932,-153.3147727,-0.9534672,-3.4837093,-61.2127830,-70.9627248,-3.3017877,-2.0675853,-4.1520000,-144.0669128,-166.7069490,-1.4492930,-5.3638032,-73.3982045,-83.4310620,-4.8945387,-3.0955781
1.2950000,0.5450000,0.5167333,-2.7643298,-129.3970951,-151.0311976,-0.9081880,-3.5126662,-60.2733946,-69.7877129,-3.2681943,-2.0522768,-4.0305493,-141.8523183,-164.3961470,-1.3731638,-5.2975439,-72.3367601,-82.2207337,-4.7513679,-3.0050289
1.3000000,0.5500000,0.5217333,-2.7271677,-127.2979491,-148.7658832,-0.8649407,-3.5333046,-59.3160751,-68.6304730,-3.2221552,-2.0266924,-3.9078912,-139.6806541,-162.1012778,-1.3006748,-5.2764667,-71.2737697,-81.0280534,-4.6067738,-2.9135796
1.3050000,0.5550000,0.5267333,-2.6795314,-125.2405903,-146.5225347,-0.8237506,-3.5439869,-58.3506184,-67.4914630,-3.1647302,-1.9923536,-3.8039124,-137.5536907,-159.8266717,-1.2349173,-5.2256472,-70.2154642,-79.8536488,-4.4841995,-2.8360568
1.3100000,0.5600000,0.5317333,-2.6230524,-123.2277547,-144.3041193,-0.7846034,-3.5432086,-57.3847788,-66.3709690,-3.0974669,-1.9508640,-3.6924306,-135.4723793,-157.5757914,-1.1720213,-5.1511570,-69.2488374,-78.6979590,-4.3527804,-2.7529401
1.3150000,0.5650000,0.5367333,-2.5594664,-121.2611681,-142.1129867,-0.7474568,-3.5299602,-56.4245847,-65.2691454,-3.0221499,-1.9037756,-3.5759980,-133.4778197,-155.3513817,-1.1113998,-5.0580623,-68.3321203,-77.5612699,-4.2155252,-2.6661322
1.3200000,0.5700000,0.5417333,-2.4904604,-119.3417772,-139.9509714,-0.7122498,-3.5039241,-55.4746403,-64.1860451,-2.9405994,-1.8525055,-3.4566621,-131.6399539,-153.1555930,-1.0533627,-4.9505826,-67.4160003,-76.4437413,-4.0748474,-2.5771598
1.3250000,0.5750000,0.5467333,-2.4175775,-117.4699321,-137.8194789,-0.6789086,-3.4654846,-54.5383929,-63.1216425,-2.8545356,-1.7982962,-3.3360560,-129.8430019,-150.9900834,-0.9980803,-4.8322248,-66.5057827,-75.3454312,-3.9326723,-2.4872404
1.3300000,0.5800000,0.5517333,-2.3421696,-115.6455287,-135.7195581,-0.6473523,-3.4156044,-53.6183619,-62.0758502,-2.7654990,-1.7422031,-3.2154740,-128.0876608,-148.8561037,-0.9456227,-4.7058961,-65.6054326,-74.2663139,-3.7905255,-2.3973388
1.3350000,0.5850000,0.5567333,-2.2653819,-113.8681195,-133.6519618,-0.6174958,-3.3556397,-52.7163285,-61.0485327,-2.6748160,-1.6851007,-3.0959325,-126.3740920,-146.7545674,-0.8959889,-4.5739998,-64.7178724,-73.2062967,-3.6496054,-2.3082131
1.3400000,0.5900000,0.5617333,-2.1881589,-112.1369990,-131.6171976,-0.5892527,-3.2871558,-51.8334918,-60.0395161,-2.5835931,-1.6276987,-2.9782210,-124.7020556,-144.6861088,-0.8491282,-4.4385151,-63.8452135,-72.1652324,-3.5108425,-2.2204518
1.3450000,0.5950000,0.5667333,-2.1112617,-110.4512696,-129.6155701,-0.5625369,-3.2117723,-50.9705952,-59.0485962,-2.4927297,-1.5705620,-2.8629439,-123.0710146,-142.6511320,-0.8049565,-4.3025043,-62.9889366,-71.1429303,-3.3749493,-2.1345054
1.3500000,0.6000000,0.5717333,-2.0352901,-108.8098920,-127.6472168,-0.5372643,-3.1310531,-50.1280280,-58.0755450,-2.4029390,-1.5141318,-2.7505543,-121.4802159,-140.6498510,-0.7633673,-4.1798726,-62.1500330,-70.1391650,-3.2424602,-2.0507119
1.3550000,0.6050000,0.5767333,-1.9607063,-107.2117247,-125.7121372,-0.5133532,-3.0464356,-49.3059066,-57.1201155,-2.3147732,-1.4587461,-2.6413833,-119.9287517,-138.6823231,-0.7245083,-4.0538553,-61.3291153,-69.1536840,-3.1137651,-1.9693180
1.3600000,0.6100000,0.5817333,-1.8878578,-105.6555541,-123.8102182,-0.4907252,-2.9591947,-48.5041398,-56.1820465,-2.2286490,-1.4046576,-2.5356621,-118.4156079,-136.7484771,-0.6886694,-3.9260577,-60.5265038,-68.1862135,-2.9891369,-1.8904962
1.3650000,0.6150000,0.5867333,-1.8169975,-104.1401180,-121.9412539,-0.4693055,-2.8704291,-47.7224799,-55.2610657,-2.1448704,-1.3520494,-2.4335422,-116.9397005,-134.8481366,-0.6549448,-3.7977747,-59.7422946,-67.2364635,-2.8687539,-1.8143593
1.3700000,0.6200000,0.5917333,-1.7483018,-102.6641248,-120.1049637,-0.4490229,-2.7810644,-46.9605639,-54.3568927,-2.0636501,-1.3010488,-2.3351104,-115.4999038,-132.9810397,-0.6232020,-3.6700434,-58.9764129,-66.3041322,-2.7527188,-1.7409722
1.3750000,0.6250000,0.5967333,-1.6818857,-101.2262680,-118.3010062,-0.4298102,-2.6918644,-46.2179454,-53.4692414,-1.9851271,-1.2517386,-2.2415069,-114.0950723,-131.1468549,-0.5933153,-3.5436877,-58.2286548,-65.3889092,-2.6423754,-1.6711849
1.3800000,0.6300000,0.6017333,-1.6178154,-99.8252384,-116.5289912,-0.4116037,-2.6034481,-45.4941200,-52.5978219,-1.9093818,-1.2041661,-2.1518377,-112.7240563,-129.3451949,-0.5651662,-3.4193551,-57.4987207,-64.4904783,-2.5366698,-1.6043308
1.3850000,0.6350000,0.6067333,-1.5561190,-98.4597338,-114.7884903,-0.3943436,-2.5163078,-44.7885452,-51.7423424,-1.8364486,-1.1583508,-2.0652264,-111.3857148,-127.5756281,-0.5386433,-3.2975469,-56.7862405,-63.6085200,-2.4345690,-1.5397566
1.3900000,0.6400000,0.6117333,-1.4967945,-97.1284673,-113.0790444,-0.3779737,-2.4308276,-44.1006555,-50.9025103,-1.7663262,-1.1142910,-1.9817730,-110.0789243,-125.8376878,-0.5136418,-3.1786446,-56.0907944,-62.7427133,-2.3361910,-1.4775369
1.3950000,0.6450000,0.6167333,-1.4398176,-95.8301738,-111.4001715,-0.3624412,-2.3472998,-43.4298744,-50.0780332,-1.6989856,-1.0719680,-1.9015236,-108.8025853,-124.1308803,-0.4900639,-3.0629304,-55.4119283,-61.8927371,-2.2415898,-1.4177059
1.4000000,0.6500000,0.6217333,-1.3851465,-94.5636158,-109.7513720,-0.3476965,-2.2659407,-42.7756238,-49.2686204,-1.6343776,-1.0313511,-1.8244817,-107.5556273,-122.4546914,-0.4678178,-2.9506052,-54.7491664,-61.0582720,-2.1507699,-1.3602663
1.4050000,0.6550000,0.6267333,-1.3327265,-93.3275872,-108.1321339,-0.3336932,-2.1869038,-42.1373302,-48.4739832,-1.5724371,-0.9924001,-1.7506186,-106.3370118,-120.8085923,-0.4468179,-2.8418036,-54.1020207,-60.2390008,-2.0636971,-1.3051967
1.4100000,0.6600000,0.6317333,-1.2824940,-92.1209179,-106.5419364,-0.3203878,-2.1102914,-41.5144301,-47.6938356,-1.5130885,-0.9550682,-1.6798805,-105.1457346,-119.1920436,-0.4269842,-2.7366061,-53.4699986,-59.4346094,-1.9803083,-1.2524569
1.4150000,0.6650000,0.6367333,-1.2343790,-90.9424756,-104.9802539,-0.3077397,-2.0361642,-40.9063741,-46.9278950,-1.4562483,-0.9193038,-1.6121950,-103.9808268,-117.6044995,-0.4082423,-2.6350491,-52.8526080,-58.6447878,-1.9005181,-1.2019932
1.4200000,0.6700000,0.6417333,-1.1883070,-89.7911687,-103.4465580,-0.2957108,-1.9645495,-40.3126287,-46.1758823,-1.4018281,-0.8850524,-1.5474763,-102.8413555,-116.0454109,-0.3905227,-2.5371339,-52.2493624,-57.8692305,-1.8242251,-1.1537413
1.4250000,0.6750000,0.6467333,-1.1442016,-88.6659472,-101.9403205,-0.2842653,-1.8954484,-39.7326787,-45.4375227,-1.3497365,-0.8522577,-1.4857945,-101.7264240,-114.5142282,-0.3737605,-2.4428332,-51.6597837,-57.1076366,-1.7515122,-1.1077536
1.4300000,0.6800000,0.6517333,-1.1019850,-87.5658037,-100.4610148,-0.2733699,-1.8288408,-39.1660280,-44.7125456,-1.2998812,-0.8208625,-1.4273674,-100.6351708,-113.0104031,-0.3578955,-2.3520977,-51.0834045,-56.3597105,-1.6826360,-1.0641925
1.4350000,0.6850000,0.6567333,-1.0615795,-86.4897737,-99.0081178,-0.2629934,-1.7646906,-38.6122000,-44.0006849,-1.2521697,-0.7908096,-1.3715705,-99.5667697,-111.5333907,-0.3428715,-2.2648603,-50.5197699,-55.6251620,-1.6168605,-1.0225924
1.4400000,0.6900000,0.6617333,-1.0229083,-85.4369359,-97.5811108,-0.2531065,-1.7029493,-38.0707382,-43.3016793,-1.2065105,-0.7620426,-1.3182875,-98.5204285,-110.0826509,-0.3286362,-2.1810407,-49.9684389,-54.9037064,-1.5540484,-0.9828665
1.4450000,0.6950000,0.6667333,-0.9858957,-84.4064108,-96.1794810,-0.2436818,-1.6435590,-37.5412057,-42.6152721,-1.1628139,-0.7345057,-1.2674049,-97.4953884,-108.6576496,-0.3151409,-2.1005481,-49.4289848,-54.1950650,-1.4940661,-0.9449304
1.4500000,0.7000000,0.6717333,-0.9504682,-83.3973608,-94.8027219,-0.2346936,-1.5864551,-37.0231848,-41.9412118,-1.1209924,-0.7081446,-1.2188126,-96.4909222,-107.2578594,-0.3023402,-2.0232848,-48.9009960,-53.4989643,-1.4367836,-0.9087017
1.4550000,0.7050000,0.6767333,-0.9165542,-82.4089887,-93.4503343,-0.2261180,-1.5315682,-36.5162769,-41.2792518,-1.0809610,-0.6829068,-1.1724038,-95.5063340,-105.8827607,-0.2901917,-1.9491476,-48.3840759,-52.8151372,-1.3820751,-0.8741010
1.4600000,0.7100000,0.6817333,-0.8840847,-81.4405364,-92.1218266,-0.2179323,-1.4788258,-36.0201013,-40.6291502,-1.0426376,-0.6587411,-1.1280757,-94.5409573,-104.5318424,-0.2786562,-1.8780302,-47.8778429,-52.1433221,-1.3298194,-0.8410516
1.4650000,0.7150000,0.6867333,-0.8529932,-80.4912834,-90.8167153,-0.2101155,-1.4281533,-35.5342951,-39.9906706,-1.0059434,-0.6355985,-1.0857294,-93.5941543,-103.2046018,-0.2678787,-1.8098246,-47.3819305,-51.4832631,-1.2798999,-0.8094798
1.4700000,0.7200000,0.6917333,-0.8232156,-79.5605454,-89.5345254,-0.2026476,-1.3794758,-35.0585118,-39.3635814,-0.9708023,-0.6134316,-1.0452699,-92.6653143,-101.9005455,-0.2576413,-1.7444220,-46.8959867,-50.8347104,-1.2322048,-0.7793147
1.4750000,0.7250000,0.6967333,-0.7946906,-78.6476728,-88.2747902,-0.1955102,-1.3327179,-34.5924210,-38.7476559,-0.9371419,-0.5921953,-1.0066065,-91.7538527,-100.6191894,-0.2478872,-1.6817143,-46.4196740,-50.1974194,-1.1866268,-0.7504887
1.4800000,0.7300000,0.7017333,-0.7673598,-77.7520485,-87.0370523,-0.1886857,-1.2878054,-34.1357075,-38.1426726,-0.9048924,-0.5718461,-0.9696523,-90.8592101,-99.3600591,-0.2385898,-1.6215946,-45.9526688,-49.5711516,-1.1430637,-0.7229370
1.4850000,0.7350000,0.7067333,-0.7411669,-76.8730870,-85.8208626,-0.1821578,-1.2446648,-33.6880703,-37.5484150,-0.8739876,-0.5523427,-0.9343242,-89.9808505,-98.1226896,-0.2297238,-1.5639575,-45.4946609,-48.9556737,-1.1014176,-0.6965977
1.4900000,0.7400000,0.7117333,-0.7160587,-76.0102319,-84.6257813,-0.1759110,-1.2032244,-33.2492221,-36.9646711,-0.8443640,-0.5336454,-0.9005433,-89.1182608,-96.9066257,-0.2212658,-1.5087002,-45.0453530,-48.3507580,-1.0615954,-0.6714119
1.4950000,0.7450000,0.7167333,-0.6919842,-75.1629549,-83.4513774,-0.1699308,-1.1634143,-32.8188885,-36.3912343,-0.8159616,-0.5157165,-0.8682342,-88.2709497,-95.7114218,-0.2131938,-1.4557225,-44.6044606,-47.7561820,-1.0235081,-0.6473234
1.5000000,0.7500000,0.7217333,-0.6688948,-74.3307538,-82.2972288,-0.1642037,-1.1251666,-32.3968073,-35.8279025,-0.7887227,-0.4985202,-0.8373252,-87.4384462,-94.5366423,-0.2054869,-1.4049270,-44.1717110,-47.1717286,-0.9870714,-0.6242788
1.5050000,0.7550000,0.7267333,-0.6467446,-73.5131515,-81.1629224,-0.1587167,-1.0884157,-31.9827276,-35.2744783,-0.7625928,-0.4820222,-0.8077482,-86.6202993,-93.3818607,-0.1981257,-1.3562196,-43.7468429,-46.5971857,-0.9522049,-0.6022273
1.5100000,0.7600000,0.7317333,-0.6254895,-72.7096938,-80.0480535,-0.1534579,-1.0530981,-31.5764094,-34.7307690,-0.7375200,-0.4661901,-0.7794384,-85.8160764,-92.2466603,-0.1910918,-1.3095093,-43.3296065,-46.0323463,-0.9188322,-0.5811205
1.5150000,0.7650000,0.7367333,-0.6050879,-71.9199485,-78.9522265,-0.1484159,-1.0191527,-31.1776231,-34.1965867,-0.7134549,-0.4509928,-0.7523343,-85.0253629,-91.1306337,-0.1843681,-1.2647085,-42.9197619,-45.4770083,-0.8868808,-0.5609127
1.5200000,0.7700000,0.7417333,-0.5855001,-71.1435042,-77.8750541,-0.1435799,-0.9865207,-30.7861483,-33.6717478,-0.6903506,-0.4364011,-0.7263774,-84.2477614,-90.0333829,-0.1779383,-1.2217328,-42.5170799,-44.9309743,-0.8562819,-0.5415602
1.5250000,0.7750000,0.7467333,-0.5666886,-70.3799686,-76.8161576,-0.1389399,-0.9551457,-30.4017742,-33.1560731,-0.6681626,-0.4223869,-0.7015124,-83.4828904,-88.9545187,-0.1717873,-1.1805015,-42.1213405,-44.3940517,-0.8269700,-0.5230218
1.5300000,0.7800000,0.7517333,-0.5486175,-69.6289677,-75.7751664,-0.1344863,-0.9249737,-30.0242983,-32.6493879,-0.6468486,-0.4089236,-0.6776866,-82.7303838,-87.8936610,-0.1659007,-1.1409367,-41.7323330,-43.8660525,-0.7988832,-0.5052581
1.5350000,0.7850000,0.7567333,-0.5312529,-68.8901444,-74.7517183,-0.1302101,-0.8959527,-29.6535261,-32.1515218,-0.6263686,-0.3959862,-0.6548501,-81.9898905,-86.8504386,-0.1602650,-1.1029642,-41.3498555,-43.3467930,-0.7719627,-0.4882321
1.5400000,0.7900000,0.7617333,-0.5145625,-68.1631578,-73.7454590,-0.1261030,-0.8680333,-29.2892711,-31.6623083,-0.6066842,-0.3835507,-0.6329555,-81.2610731,-85.8244888,-0.1548675,-1.0665129,-40.9737145,-42.8360940,-0.7461526,-0.4719083
1.5450000,0.7950000,0.7667333,-0.4985157,-67.4476820,-72.7560421,-0.1221568,-0.8411679,-28.9313538,-31.1815853,-0.5877594,-0.3715942,-0.6119581,-80.5436078,-84.8154572,-0.1496962,-1.0315147,-40.6037242,-42.3337805,-0.7214000,-0.4562534
1.5500000,0.8000000,0.7717333,-0.4830835,-66.7434054,-71.7831290,-0.1183640,-0.8153112,-28.5796015,-30.7091946,-0.5695598,-0.3600952,-0.5918152,-79.8371833,-83.8229978,-0.1447399,-0.9979046,-40.2397066,-41.8396816,-0.6976548,-0.4412356
1.5550000,0.8050000,0.7767333,-0.4682381,-66.0500294,-70.8263886,-0.1147174,-0.7904200,-28.2338482,-30.2449817,-0.5520527,-0.3490332,-0.5724865,-79.1415005,-82.8467727,-0.1399879,-0.9656207,-39.8814910,-41.3536305,-0.6748693,-0.4268248
1.5600000,0.8100000,0.7817333,-0.4539534,-65.3672684,-69.8854971,-0.1112103,-0.7664527,-27.8939338,-29.7887963,-0.5352072,-0.3383886,-0.5539337,-78.4562719,-81.8864517,-0.1354302,-0.9346036,-39.5289134,-40.8754643,-0.6529985,-0.4129925
1.5650000,0.8150000,0.7867333,-0.4402045,-64.6948484,-68.9601383,-0.1078363,-0.7433701,-27.5597044,-29.3404916,-0.5189938,-0.3281429,-0.5361204,-77.7812211,-80.9417126,-0.1310573,-0.9047970,-39.1818164,-40.4050239,-0.6319995,-0.3997116
1.5700000,0.8200000,0.7917333,-0.4269676,-64.0325066,-68.0500028,-0.1045893,-0.7211343,-27.2310112,-28.8999242,-0.5033845,-0.3182786,-0.5190123,-77.1160821,-80.0122405,-0.1268603,-0.8761469,-38.8400489,-39.9421541,-0.6118319,-0.3869565
1.5750000,0.8250000,0.7967333,-0.4142203,-63.3799908,-67.1547882,-0.1014636,-0.6997094,-26.9077110,-28.4669546,-0.4883529,-0.3087789,-0.5025768,-76.4605990,-79.0977278,-0.1228307,-0.8486021,-38.5034658,-39.4867030,-0.5924570,-0.3747027
1.5800000,0.8300000,0.8017333,-0.4019412,-62.7370587,-66.2741991,-0.0984537,-0.6790612,-26.5896654,-28.0414465,-0.4738735,-0.2996279,-0.4867827,-75.8145254,-78.1978743,-0.1189606,-0.8221136,-38.1719276,-39.0385226,-0.5738384,-0.3629273
1.5850000,0.8350000,0.8067333,-0.3901100,-62.1034774,-65.4079466,-0.0955546,-0.6591569,-26.2767410,-27.6232670,-0.4599225,-0.2908105,-0.4716009,-75.1776241,-77.3123866,-0.1152424,-0.7966349,-37.8453002,-38.5974682,-0.5559414,-0.3516082
1.5900000,0.8400000,0.8117333,-0.3787073,-61.4790230,-64.5557482,-0.0927612,-0.6399653,-25.9688088,-27.2122863,-0.4464771,-0.2823123,-0.4570033,-74.5496668,-76.4409781,-0.1116689,-0.7721215,-37.5234548,-38.1633984,-0.5387332,-0.3407248
1.5950000,0.8450000,0.8167333,-0.3677149,-60.8634800,-63.7173280,-0.0900690,-0.6214567,-25.6657441,-26.8083778,-0.4335155,-0.2741196,-0.4429636,-73.9304333,-75.5833690,-0.1082335,-0.7485311,-37.2062673,-37.7361752,-0.5221826,-0.3302573
1.6000000,0.8500000,0.8217333,-0.3571151,-60.2566407,-62.8924162,-0.0874736,-0.6036026,-25.3674265,-26.4114179,-0.4210171,-0.2662195,-0.4294565,-73.3197115,-74.7392860,-0.1049298,-0.7258235,-36.8936187,-37.3156637,-0.5062600,-0.3201870
1.6050000,0.8550000,0.8267333,-0.3468914,-59.6583053,-62.0807490,-0.0849709,-0.5863759,-25.0737395,-26.0212859,-0.4089623,-0.2585995,-0.4164584,-72.7172969,-73.9084619,-0.1017517,-0.7039602,-36.5853939,-36.9017321,-0.4909373,-0.3104960
1.6100000,0.8600000,0.8317333,-0.3370280,-59.0682810,-61.2820687,-0.0825567,-0.5697509,-24.7845704,-25.6378638,-0.3973324,-0.2512480,-0.4039465,-72.1229923,-73.0906359,-0.0986935,-0.6829049,-36.2814826,-36.4942517,-0.4761878,-0.3011676
1.6150000,0.8650000,0.8367333,-0.3275098,-58.4863819,-60.4961232,-0.0802275,-0.5537030,-24.4998102,-25.2610365,-0.3861097,-0.2441536,-0.3918994,-71.5366075,-72.2855530,-0.0957498,-0.6626226,-35.9817784,-36.0930968,-0.4619862,-0.2921857
1.6200000,0.8700000,0.8417333,-0.3183225,-57.9124284,-59.7226664,-0.0779795,-0.5382085,-24.2193533,-24.8906914,-0.3752772,-0.2373058,-0.3802966,-70.9579588,-71.4929643,-0.0929154,-0.6430802,-35.6861787,-35.6981445,-0.4483083,-0.2835351
1.6250000,0.8750000,0.8467333,-0.3094523,-57.3462473,-58.9614574,-0.0758095,-0.5232450,-23.9430976,-24.5267182,-0.3648188,-0.2306943,-0.3691187,-70.3868692,-70.7126263,-0.0901855,-0.6242462,-35.3945847,-35.3092746,-0.4351314,-0.2752013
1.6300000,0.8800000,0.8517333,-0.3008864,-56.7876713,-58.2122610,-0.0737141,-0.5087912,-23.6709442,-24.1690093,-0.3547192,-0.2243094,-0.3583473,-69.8231675,-69.9443014,-0.0875555,-0.6060904,-35.1069012,-34.9263697,-0.4224337,-0.2671705
1.6350000,0.8850000,0.8567333,-0.2926123,-56.2365384,-57.4748469,-0.0716903,-0.4948265,-23.4027971,-23.8174592,-0.3449637,-0.2181420,-0.3479648,-69.2666885,-69.1877572,-0.0850210,-0.5885843,-34.8230363,-34.5493152,-0.4101944,-0.2594297
1.6400000,0.8900000,0.8617333,-0.2846182,-55.6926922,-56.7489905,-0.0697352,-0.4813316,-23.1385636,-23.4719648,-0.3355385,-0.2121833,-0.3379547,-68.7172724,-68.4427666,-0.0825778,-0.5717005,-34.5429016,-34.1779990,-0.3983941,-0.2519665
1.6450000,0.8950000,0.8667333,-0.2768928,-55.1559813,-56.0344719,-0.0678459,-0.4682876,-22.8781536,-23.1324248,-0.3264301,-0.2064247,-0.3283010,-68.1747651,-67.7091077,-0.0802220,-0.5554130,-34.2664114,-33.8123114,-0.3870139,-0.2447691
1.6500000,0.9000000,0.8717333,-0.2694254,-54.6262591,-55.3310761,-0.0660199,-0.4556770,-22.6214801,-22.7987401,-0.3176259,-0.2008584,-0.3189886,-67.6390173,-66.9865636,-0.0779498,-0.5396970,-33.9934833,-33.4521453,-0.3760361,-0.2378261
1.6550000,0.9050000,0.8767333,-0.2622057,-54.1033837,-54.6385933,-0.0642545,-0.4434826,-22.3684583,-22.4708136,-0.3091139,-0.1954768,-0.3100032,-67.1098847,-66.2749223,-0.0757577,-0.5245290,-33.7240377,-33.0973960,-0.3654438,-0.2311270
1.6600000,0.9100000,0.8817333,-0.2552240,-53.5872174,-53.9568181,-0.0625474,-0.4316883,-22.1190065,-22.1485499,-0.3008826,-0.1902725,-0.3013312,-66.5872280,-65.5739766,-0.0736423,-0.5098862,-33.4579974,-32.7479611,-0.3552209,-0.2246614
1.6650000,0.9150000,0.8867333,-0.2484709,-53.0776270,-53.2855498,-0.0608962,-0.4202784,-21.8730451,-21.8318553,-0.2929208,-0.1852385,-0.2929595,-66.0709120,-64.8835239,-0.0716003,-0.4957473,-33.1952884,-32.4037404,-0.3453521,-0.2184198
1.6700000,0.9200000,0.8917333,-0.2419376,-52.5744831,-52.6245922,-0.0592988,-0.4092383,-21.6304972,-21.5206378,-0.2852181,-0.1803683,-0.2848758,-65.5608062,-64.2033661,-0.0696288,-0.4820919,-32.9358385,-32.0646360,-0.3358226,-0.2123929
1.6750000,0.9250000,0.8967333,-0.2356154,-52.0776604,-51.9737536,-0.0577531,-0.3985537,-21.3912879,-21.2148070,-0.2777645,-0.1756555,-0.2770682,-65.0567838,-63.5333095,-0.0677247,-0.4689002,-32.6795785,-31.7305523,-0.3266187,-0.2065718
1.6800000,0.9300000,0.9017333,-0.2294964,-51.5870369,-51.3328465,-0.0562570,-0.3882110,-21.1553448,-20.9142742,-0.2705503,-0.1710941,-0.2695255,-64.5587226,-62.8731648,-0.0658854,-0.4561537,-32.4264411,-31.4013956,-0.3177271,-0.2009483
1.6850000,0.9350000,0.9067333,-0.2235727,-51.1024945,-50.7016878,-0.0548087,-0.3781973,-20.9225976,-20.6189517,-0.2635665,-0.1666783,-0.2622370,-64.0665036,-62.2227469,-0.0641081,-0.4438346,-32.1763612,-31.0770743,-0.3091351,-0.1955142
1.6900000,0.9400000,0.9117333,-0.2178369,-50.6239183,-50.0800983,-0.0534064,-0.3685003,-20.6929781,-20.3287535,-0.2568042,-0.1624025,-0.2551925,-63.5800121,-61.5818747,-0.0623904,-0.4319259,-31.9292762,-30.7574989,-0.3008308,-0.1902621
1.6950000,0.9450000,0.9167333,-0.2122818,-50.1511965,-49.4679031,-0.0520482,-0.3591080,-20.4664201,-20.0435947,-0.2502551,-0.1582614,-0.2483821,-63.0991363,-60.9503711,-0.0607298,-0.4204114,-31.6851249,-30.4425817,-0.2928025,-0.1851846
1.7000000,0.9500000,0.9217333,-0.2069008,-49.6842208,-48.8649309,-0.0507325,-0.3500091,-20.2428594,-19.7633919,-0.2439111,-0.1542501,-0.2417968,-62.6237683,-60.3280630,-0.0591241,-0.4092756,-31.4438485,-30.1322372,-0.2850394,-0.1802748
1.7050000,0.9550000,0.9267333,-0.2016874,-49.2228855,-48.2710145,-0.0494578,-0.3411928,-20.0222338,-19.4880626,-0.2377648,-0.1503636,-0.2354274,-62.1538032,-59.7147809,-0.0575712,-0.3985168,-31.2053899,-29.8263814,-0.2775310,-0.1755260
1.7100000,0.9600000,0.9317333,-0.1966352,-48.7670879,-47.6859904,-0.0482225,-0.3326485,-19.8044826,-19.2175255,-0.2318086,-0.1465973,-0.2292773,-61.6891393,-59.1103591,-0.0560688,-0.3881230,-30.9696937,-29.5249323,-0.2702810,-0.1709407
1.7150000,0.9650000,0.9367333,-0.1917384,-48.3167279,-47.1096989,-0.0470252,-0.3243665,-19.5895473,-18.9517005,-0.2260356,-0.1429469,-0.2233307,-61.2296779,-58.5146355,-0.0546170,-0.3780623,-30.7367064,-29.2278097,-0.2632709,-0.1665072
1.7200000,0.9700000,0.9417333,-0.1869913,-47.8717084,-46.5419838,-0.0458644,-0.3163371,-19.3773709,-18.6905084,-0.2204391,-0.1394080,-0.2175742,-60.7753232,-57.9274516,-0.0532135,-0.3683222,-30.5063759,-28.9349352,-0.2564849,-0.1622153
1.7250000,0.9750000,0.9467333,-0.1823885,-47.4319343,-45.9826923,-0.0447388,-0.3085511,-19.1678981,-18.4338709,-0.2150127,-0.1359767,-0.2120004,-60.3259822,-57.3486522,-0.0518546,-0.3588904,-30.2786518,-28.6462317,-0.2499143,-0.1580597
1.7300000,0.9800000,0.9517333,-0.1779247,-46.9973134,-45.4316753,-0.0436472,-0.3009999,-18.9610752,-18.1817110,-0.2097502,-0.1326489,-0.2066025,-59.8815645,-56.7780855,-0.0505385,-0.3497554,-30.0534852,-28.3616243,-0.2435510,-0.1540352
1.7350000,0.9850000,0.9567333,-0.1735949,-46.5677557,-44.8887869,-0.0425883,-0.2936750,-18.7568501,-17.9339521,-0.2046457,-0.1294211,-0.2013739,-59.4419823,-56.2156030,-0.0492637,-0.3409063,-29.8308287,-28.0810392,-0.2373873,-0.1501369
1.7400000,0.9900000,0.9617333,-0.1693943,-46.1431732,-44.3538845,-0.0415610,-0.2865684,-18.5551722,-17.6905191,-0.1996936,-0.1262896,-0.1963082,-59.0071503,-55.6610593,-0.0480285,-0.3323323,-29.6106361,-27.8044046,-0.2314157,-0.1463602
1.7450000,0.9950000,0.9667333,-0.1653183,-45.7234804,-43.8268287,-0.0405641,-0.2796724,-18.3559924,-17.4513371,-0.1948884,-0.1232510,-0.1913995,-58.5769857,-55.1143121,-0.0468316,-0.3240233,-29.3928628,-27.5316498,-0.2256291,-0.1427004
1.7500000,1.0000000,0.9717333,-0.1613626,-45.3085938,-43.3074835,-0.0395965,-0.2729795,-18.1592630,-17.2163327,-0.1902250,-0.1203020,-0.1866419,-58.1514078,-54.5752222,-0.0456714,-0.3159696,-29.1774654,-27.2627059,-0.2200207,-0.1391533
1.7550000,1.0050000,0.9767333,-0.1575230,-44.8984319,-42.7957155,-0.0386573,-0.2664826,-17.9649376,-16.9854328,-0.1856984,-0.1174396,-0.1820299,-57.7303381,-54.0436534,-0.0445468,-0.3081619,-28.9644015,-26.9975053,-0.2145839,-0.1357148
1.7600000,1.0100000,0.9817333,-0.1537952,-44.4929151,-42.2913947,-0.0377454,-0.2601750,-17.7729714,-16.7585654,-0.1813037,-0.1146605,-0.1775582,-57.3137005,-53.5194722,-0.0434562,-0.3005912,-28.7536303,-26.7359820,-0.2093125,-0.1323808
1.7650000,1.0150000,0.9867333,-0.1501756,-44.0919658,-41.7943938,-0.0368599,-0.2540501,-17.5833204,-16.5356592,-0.1770365,-0.1119621,-0.1732217,-56.9014207,-53.0025482,-0.0423986,-0.2932491,-28.5451118,-26.4780712,-0.2042004,-0.1291477
1.7700000,1.0200000,0.9917333,-0.1466603,-43.6955081,-41.3045885,-0.0359999,-0.2481015,-17.3959424,-16.3166437,-0.1728924,-0.1093414,-0.1690155,-56.4934265,-52.4927534,-0.0413727,-0.2861273,-28.3388074,-26.2237095,-0.1992420,-0.1260117
1.7750000,1.0250000,0.9967333,-0.1432458,-43.3034680,-40.8218570,-0.0351645,-0.2423234,-17.2107961,-16.1014492,-0.1688670,-0.1067958,-0.1649350,-56.0896475,-51.9899628,-0.0403775,-0.2792180,-28.1346792,-25.9728348,-0.1944318,-0.1229695
1.7800000,1.0300000,1.0017333,-0.1399286,-42.9157730,-40.3460807,-0.0343528,-0.2367098,-17.0278413,-15.8900067,-0.1649564,-0.1043228,-0.1609757,-55.6900152,-51.4940538,-0.0394117,-0.2725137,-27.9326907,-25.7253865,-0.1897644,-0.1200175
1.7850000,1.0350000,1.0067333,-0.1367055,-42.5323525,-39.8771431,-0.0335641,-0.2312553,-16.8470393,-15.6822480,-0.1611566,-0.1019199,-0.1571333,-55.2944629,-51.0049064,-0.0384743,-0.2660071,-27.7328060,-25.4813049,-0.1852348,-0.1171528
1.7900000,1.0400000,1.0117333,-0.1335732,-42.1531374,-39.4149307,-0.0327976,-0.2259544,-16.6683520,-15.4781058,-0.1574640,-0.0995848,-0.1534037,-54.9029256,-50.5224032,-0.0375645,-0.2596912,-27.5349907,-25.2405318,-0.1808382,-0.1143721
1.7950000,1.0450000,1.0167333,-0.1305287,-41.7780600,-38.9593323,-0.0320525,-0.2208020,-16.4917427,-15.2775134,-0.1538749,-0.0973151,-0.1497829,-54.5153399,-50.0464292,-0.0366811,-0.2535595,-27.3392106,-25.0030101,-0.1765699,-0.1116726
1.8000000,1.0500000,1.0217333,-0.1275691,-41.4070544,-38.5102393,-0.0313281,-0.2157932,-16.3171757,-15.0804051,-0.1503859,-0.0951086,-0.1462672,-54.1316440,-49.5768716,-0.0358233,-0.2476056,-27.1454331,-24.7686839,-0.1724255,-0.1090514
1.8050000,1.0550000,1.0267333,-0.1246916,-41.0400559,-38.0675453,-0.0306238,-0.2109233,-16.1446163,-14.8867157,-0.1469937,-0.0929634,-0.1428529,-53.7517778,-49.1136201,-0.0349901,-0.2418232,-26.9536259,-24.5374985,-0.1684006,-0.1065059
1.8100000,1.0600000,1.0317333,-0.1218935,-40.6770014,-37.6311463,-0.0299388,-0.2061876,-15.9740306,-14.6963810,-0.1436950,-0.0908773,-0.1395366,-53.3756824,-48.6565668,-0.0341809,-0.2362067,-26.7637578,-24.3094002,-0.1644912,-0.1040333
1.8150000,1.0650000,1.0367333,-0.1191721,-40.3178291,-37.2009406,-0.0292726,-0.2015819,-15.8053857,-14.5093376,-0.1404868,-0.0888485,-0.1363149,-53.0033005,-48.2056056,-0.0333946,-0.2307502,-26.5757983,-24.0843364,-0.1606932,-0.1016313
1.8200000,1.0700000,1.0417333,-0.1165250,-39.9624785,-36.7768288,-0.0286245,-0.1971017,-15.6386498,-14.3255228,-0.1373661,-0.0868750,-0.1331845,-52.6345763,-47.7606329,-0.0326306,-0.2254484,-26.3897177,-23.8622557,-0.1570030,-0.0992974
1.8250000,1.0750000,1.0467333,-0.1139497,-39.6108904,-36.3587134,-0.0279940,-0.1927431,-15.4737917,-14.1448747,-0.1343302,-0.0849550,-0.1301424,-52.2694550,-47.3215471,-0.0318881,-0.2202960,-26.2054870,-23.6431077,-0.1534169,-0.0970294
1.8300000,1.0800000,1.0517333,-0.1114440,-39.2630070,-35.9464991,-0.0273804,-0.1885022,-15.3107812,-13.9673323,-0.1313762,-0.0830869,-0.1271857,-51.9078835,-46.8882488,-0.0311663,-0.2152881,-26.0230780,-23.4268428,-0.1499314,-0.0948249
1.8350000,1.0850000,1.0567333,-0.1090055,-38.9187717,-35.5400926,-0.0267833,-0.1843752,-15.1495888,-13.7928355,-0.1285016,-0.0812690,-0.1243114,-51.5498097,-46.4606403,-0.0304646,-0.2104198,-25.8424631,-23.2134127,-0.1465431,-0.0926820
1.8400000,1.0900000,1.0617333,-0.1066322,-38.5781290,-35.1394027,-0.0262021,-0.1803585,-14.9901860,-13.6213249,-0.1257038,-0.0794996,-0.1215168,-51.1951827,-46.0386261,-0.0297823,-0.2056865,-25.6636154,-23.0027699,-0.1432487,-0.0905985
1.8450000,1.0950000,1.0667333,-0.1043220,-38.2410246,-34.7443397,-0.0256363,-0.1764485,-14.8325448,-13.4527419,-0.1229804,-0.0777773,-0.1187993,-50.8439528,-45.6221126,-0.0291188,-0.2010838,-25.4865086,-22.7948679,-0.1400453,-0.0885724
1.8500000,1.1000000,1.0717333,-0.1020729,-37.9074055,-34.3548163,-0.0250854,-0.1726419,-14.6766382,-13.2870291,-0.1203290,-0.0761005,-0.1161564,-50.4960716,-45.2110081,-0.0284735,-0.1966073,-25.3111170,-22.5896612,-0.1369297,-0.0866020
1.8550000,1.1050000,1.0767333,-0.0998830,-37.5772195,-33.9707466,-0.0245490,-0.1689355,-14.5224398,-13.1241295,-0.1177473,-0.0744679,-0.1135856,-50.1514916,-44.8052226,-0.0278457,-0.1922529,-25.1374157,-22.3871050,-0.1338992,-0.0846853
1.8600000,1.1100000,1.0817333,-0.0977504,-37.2504159,-33.5920465,-0.0240266,-0.1653261,-14.3699237,-12.9639873,-0.1152332,-0.0728779,-0.1110846,-49.8101663,-44.4046681,-0.0272349,-0.1880167,-24.9653801,-22.1871556,-0.1309509,-0.0828206
1.8650000,1.1150000,1.0867333,-0.0956733,-36.9269446,-33.2186336,-0.0235177,-0.1618107,-14.2190650,-12.8065475,-0.1127846,-0.0713294,-0.1086511,-49.4720506,-44.0092582,-0.0266405,-0.1838949,-24.7949864,-21.9897700,-0.1280822,-0.0810063
1.8700000,1.1200000,1.0917333,-0.0936501,-36.6067570,-32.8504273,-0.0230220,-0.1583864,-14.0698393,-12.6517558,-0.1103995,-0.0698210,-0.1062830,-49.1370998,-43.6189081,-0.0260620,-0.1798837,-24.6262111,-21.7949063,-0.1252905,-0.0792407
1.8750000,1.1250000,1.0967333,-0.0916790,-36.2898051,-32.4873483,-0.0225390,-0.1550505,-13.9222228,-12.4995591,-0.1080759,-0.0683515,-0.1039781,-48.8052708,-43.2335350,-0.0254990,-0.1759797,-24.4590315,-21.6025230,-0.1225734,-0.0775222
1.8800000,1.1300000,1.1017333,-0.0897585,-35.9760421,-32.1293191,-0.0220684,-0.1518001,-13.7761923,-12.3499050,-0.1058118,-0.0669197,-0.1017344,-48.4765210,-42.8530574,-0.0249508,-0.1721795,-24.2934252,-21.4125799,-0.1199285,-0.0758494
1.8850000,1.1350000,1.1067333,-0.0878870,-35.6654222,-31.7762634,-0.0216098,-0.1486328,-13.6317253,-12.2027419,-0.1036056,-0.0655244,-0.0995501,-48.1508089,-42.4773957,-0.0244171,-0.1684797,-24.1293703,-21.2250372,-0.1173535,-0.0742209
1.8900000,1.1400000,1.1117333,-0.0860631,-35.3579004,-31.4281065,-0.0211628,-0.1455459,-13.4887998,-12.0580193,-0.1014555,-0.0641646,-0.0974232,-47.8280937,-42.1064716,-0.0238974,-0.1648771,-23.9668455,-21.0398561,-0.1148462,-0.0726351
1.8950000,1.1450000,1.1167333,-0.0842853,-35.0534326,-31.0847750,-0.0207270,-0.1425371,-13.3473943,-11.9156876,-0.0993597,-0.0628392,-0.0953519,-47.5083356,-41.7402085,-0.0233913,-0.1613689,-23.8058299,-20.8569984,-0.1124045,-0.0710909
1.9000000,1.1500000,1.1217333,-0.0825522,-34.7519758,-30.7461971,-0.0203022,-0.1396041,-13.2074878,-11.7756980,-0.0973166,-0.0615471,-0.0933345,-47.1914956,-41.3785312,-0.0228982,-0.1579520,-23.6463031,-20.6764269,-0.1100264,-0.0695868
1.9050000,1.1550000,1.1267333,-0.0808625,-34.4534877,-30.4123019,-0.0198880,-0.1367445,-13.0690600,-11.6380025,-0.0953247,-0.0602874,-0.0913694,-46.8775356,-41.0213660,-0.0224179,-0.1546235,-23.4882449,-20.4981047,-0.1077098,-0.0681217
1.9100000,1.1600000,1.1317333,-0.0792149,-34.1579268,-30.0830200,-0.0194841,-0.1339562,-12.9320910,-11.5025542,-0.0933824,-0.0590590,-0.0894549,-46.5664179,-40.6686407,-0.0219499,-0.1513809,-23.3316359,-20.3219961,-0.1054529,-0.0666943
1.9150000,1.1650000,1.1367333,-0.0776082,-33.8652527,-29.7582833,-0.0190901,-0.1312370,-12.7965612,-11.3693070,-0.0914883,-0.0578612,-0.0875895,-46.2581060,-40.3202842,-0.0214939,-0.1482214,-23.1764568,-20.1480657,-0.1032539,-0.0653035
1.9200000,1.1700000,1.1417333,-0.0760412,-33.5754255,-29.4380245,-0.0187059,-0.1285850,-12.6624519,-11.2382158,-0.0896410,-0.0566929,-0.0857716,-45.9525639,-39.9762272,-0.0210495,-0.1451425,-23.0226888,-19.9762789,-0.1011109,-0.0639481
1.9250000,1.1750000,1.1467333,-0.0745126,-33.2884063,-29.1221777,-0.0183311,-0.1259982,-12.5297443,-11.1092361,-0.0878390,-0.0555532,-0.0839999,-45.6497563,-39.6364013,-0.0206163,-0.1421417,-22.8703134,-19.8066019,-0.0990223,-0.0626272
1.9300000,1.1800000,1.1517333,-0.0730214,-33.0041568,-28.8106782,-0.0179654,-0.1234747,-12.3984206,-10.9823246,-0.0860811,-0.0544415,-0.0822729,-45.3496487,-39.3007398,-0.0201940,-0.1392168,-22.7193127,-19.6390013,-0.0969865,-0.0613396
1.9350000,1.1850000,1.1567333,-0.0715665,-32.7226398,-28.5034622,-0.0176086,-0.1210126,-12.2684629,-10.8574387,-0.0843660,-0.0533568,-0.0805893,-45.0522072,-38.9691770,-0.0197823,-0.1363653,-22.5696690,-19.4734445,-0.0950018,-0.0600844
1.9400000,1.1900000,1.1617333,-0.0701469,-32.4438184,-28.2004668,-0.0172604,-0.1186103,-12.1398541,-10.7345368,-0.0826925,-0.0522984,-0.0789478,-44.7573984,-38.6416485,-0.0193809,-0.1335852,-22.4213649,-19.3098995,-0.0930667,-0.0588605
1.9450000,1.1950000,1.1667333,-0.0687615,-32.1676567,-27.9016303,-0.0169205,-0.1162658,-12.0125772,-10.6135779,-0.0810593,-0.0512655,-0.0773471,-44.4651899,-38.3180912,-0.0189894,-0.1308743,-22.2743834,-19.1483348,-0.0911798,-0.0576671
1.9500000,1.2000000,1.1717333,-0.0674093,-31.8941195,-27.6068920,-0.0165889,-0.1139777,-11.8866159,-10.4945223,-0.0794653,-0.0502574,-0.0757861,-44.1755495,-37.9984432,-0.0186075,-0.1282306,-22.1287078,-18.9887197,-0.0893395,-0.0565033
1.9550000,1.2050000,1.1767333,-0.0660895,-31.6231722,-27.3161920,-0.0162651,-0.1117443,-11.7619541,-10.3773306,-0.0779094,-0.0492734,-0.0742635,-43.8884459,-37.6826436,-0.0182351,-0.1256520,-21.9843219,-18.8310238,-0.0875447,-0.0553681
1.9600000,1.2100000,1.1817333,-0.0648011,-31.3547808,-27.0294712,-0.0159490,-0.1095640,-11.6385759,-10.2619648,-0.0763905,-0.0483128,-0.0727783,-43.6038483,-37.3706329,-0.0178717,-0.1231368,-21.8412095,-18.6752176,-0.0857938,-0.0542608
1.9650000,1.2150000,1.1867333,-0.0635431,-31.0889123,-26.7466716,-0.0156403,-0.1074354,-11.5164660,-10.1483872,-0.0749076,-0.0473750,-0.0713293,-43.3217264,-37.0623524,-0.0175172,-0.1206829,-21.6993550,-18.5212718,-0.0840857,-0.0531805
1.9700000,1.2200000,1.1917333,-0.0623149,-30.8255339,-26.4677360,-0.0153389,-0.1053571,-11.3956093,-10.0365613,-0.0734596,-0.0464593,-0.0699155,-43.0420504,-36.7577449,-0.0171713,-0.1182887,-21.5587429,-18.3691579,-0.0824191,-0.0521264
1.9750000,1.2250000,1.1967333,-0.0611154,-30.5646137,-26.1926080,-0.0150446,-0.1033275,-11.2759911,-9.9264512,-0.0720457,-0.0455650,-0.0685359,-42.7647912,-36.4567538,-0.0168337,-0.1159524,-21.4193580,-18.2188479,-0.0807928,-0.0510978
1.9800000,1.2300000,1.2017333,-0.0599440,-30.3061204,-25.9212319,-0.0147571,-0.1013454,-11.1575970,-9.8180219,-0.0706647,-0.0446917,-0.0671895,-42.4899201,-36.1593239,-0.0165042,-0.1136723,-21.2811855,-18.0703141,-0.0792056,-0.0500940
1.9850000,1.2350000,1.2067333,-0.0587998,-30.0500232,-25.6535529,-0.0144763,-0.0994094,-11.0404128,-9.7112391,-0.0693159,-0.0438386,-0.0658754,-42.2174090,-35.8654009,-0.0161825,-0.1114469,-21.1442108,-17.9235296,-0.0776564,-0.0491142
1.9900000,1.2400000,1.2117333,-0.0576822,-29.7962920,-25.3895169,-0.0142019,-0.0975183,-10.9244248,-9.6060694,-0.0679984,-0.0430054,-0.0645925,-41.9472301,-35.5749315,-0.0158685,-0.1092746,-21.0084195,-17.7784679,-0.0761442,-0.0481578
1.9950000,1.2450000,1.2167333,-0.0565903,-29.5448972,-25.1290706,-0.0139339,-0.0956708,-10.8096194,-9.5024800,-0.0667112,-0.0421913,-0.0633402,-41.6793564,-35.2878634,-0.0155619,-0.1071539,-20.8737975,-17.6351028,-0.0746678,-0.0472241
2.0000000,1.2500000,1.2217333,-0.0555235,-29.2958098,-24.8721614,-0.0136720,-0.0938658,-10.6959832,-9.4004389,-0.0654536,-0.0413960,-0.0621174,-41.4137610,-35.0041453,-0.0152626,-0.1050833,-20.7403311,-17.4934089,-0.0732264,-0.0463124
2.0050000,1.2550000,1.2267333,-0.0544811,-29.0490012,-24.6187374,-0.0134161,-0.0921021,-10.5835035,-9.2999148,-0.0642247,-0.0406188,-0.0609233,-41.1504178,-34.7237267,-0.0149703,-0.1030614,-20.6080066,-17.3533609,-0.0718188,-0.0454222
2.0100000,1.2600000,1.2317333,-0.0534624,-28.8044436,-24.3687473,-0.0131660,-0.0903785,-10.4721673,-9.2008772,-0.0630238,-0.0398593,-0.0597573,-40.8893008,-34.4465581,-0.0146847,-0.1010869,-20.4768106,-17.2149344,-0.0704442,-0.0445528
2.0150000,1.2650000,1.2367333,-0.0524668,-28.5621095,-24.1221406,-0.0129216,-0.0886941,-10.3619622,-9.1032964,-0.0618502,-0.0391170,-0.0586183,-40.6303847,-34.1725910,-0.0144058,-0.0991585,-20.3467301,-17.0781050,-0.0691016,-0.0437037
2.0200000,1.2700000,1.2417333,-0.0514937,-28.3219720,-23.8788674,-0.0126826,-0.0870477,-10.2528760,-9.0071431,-0.0607030,-0.0383915,-0.0575059,-40.3736446,-33.9017776,-0.0141334,-0.0972748,-20.2177522,-16.9428491,-0.0677901,-0.0428742
2.0250000,1.2750000,1.2467333,-0.0505424,-28.0840047,-23.6388785,-0.0124490,-0.0854383,-10.1448967,-8.9123888,-0.0595816,-0.0376823,-0.0564191,-40.1190559,-33.6340711,-0.0138672,-0.0954347,-20.0898641,-16.8091432,-0.0665090,-0.0420640
2.0300000,1.2800000,1.2517333,-0.0496125,-27.8481816,-23.4021252,-0.0122206,-0.0838650,-10.0380125,-8.8190058,-0.0584854,-0.0369890,-0.0553573,-39.8665943,-33.3694256,-0.0136072,-0.0936369,-19.9630535,-16.6769645,-0.0652573,-0.0412723
2.0350000,1.2850000,1.2567333,-0.0487032,-27.6144774,-23.1685596,-0.0119973,-0.0823268,-9.9322118,-8.7269669,-0.0574135,-0.0363111,-0.0543198,-39.6162363,-33.1077957,-0.0133530,-0.0918802,-19.8373080,-16.5462905,-0.0640342,-0.0404988
2.0400000,1.2900000,1.2617333,-0.0478142,-27.3828669,-22.9381342,-0.0117790,-0.0808227,-9.8274832,-8.6362457,-0.0563655,-0.0356483,-0.0533059,-39.3679583,-32.8491372,-0.0131047,-0.0901637,-19.7126155,-16.4170990,-0.0628391,-0.0397429
2.0450000,1.2950000,1.2667333,-0.0469448,-27.1533257,-22.7108023,-0.0115654,-0.0793520,-9.7238158,-8.5468161,-0.0553406,-0.0350001,-0.0523151,-39.1217374,-32.5934065,-0.0128622,-0.0884861,-19.5889643,-16.2893685,-0.0616710,-0.0390042
2.0500000,1.3000000,1.2717333,-0.0460945,-26.9258296,-22.4865177,-0.0113565,-0.0779136,-9.6211984,-8.4586530,-0.0543383,-0.0343662,-0.0513466,-38.8775509,-32.3405608,-0.0126253,-0.0868465,-19.4663427,-16.1630774,-0.0605294,-0.0382821
2.0550000,1.3050000,1.2767333,-0.0452629,-26.7003550,-22.2652347,-0.0111522,-0.0765068,-9.5196204,-8.3717317,-0.0533579,-0.0337462,-0.0503999,-38.6353766,-32.0905580,-0.0123936,-0.0852438,-19.3447392,-16.0382050,-0.0594134,-0.0375763
2.0600000,1.3100000,1.2817333,-0.0444495,-26.4768786,-22.0469085,-0.0109524,-0.0751307,-9.4190713,-8.2860280,-0.0523990,-0.0331397,-0.0494745,-38.3951924,-31.8433568,-0.0121672,-0.0836770,-19.2241424,-15.9147306,-0.0583225,-0.0368864
2.0650000,1.3150000,1.2867333,-0.0436537,-26.2553776,-21.8314945,-0.0107569,-0.0737845,-9.3195405,-8.2015184,-0.0514609,-0.0325464,-0.0485711,-38.1569769,-31.5989168,-0.0119457,-0.0821452,-19.1045414,-15.7926340,-0.0572575,-0.0362128
2.0700000,1.3200000,1.2917333,-0.0428752,-26.0358296,-21.6189488,-0.0105656,-0.0724676,-9.2210180,-8.1181799,-0.0505431,-0.0319660,-0.0476877,-37.9207086,-31.3571980,-0.0117292,-0.0806494,-18.9859250,-15.6718954,-0.0562161,-0.0355542
2.0750000,1.3250000,1.2967333,-0.0421135,-25.8182125,-21.4092281,-0.0103784,-0.0711791,-9.1234938,-8.0359902,-0.0496452,-0.0313981,-0.0468239,-37.6863668,-31.1181613,-0.0115175,-0.0791871,-18.8682827,-15.5524952,-0.0551978,-0.0349101
2.0800000,1.3300000,1.3017333,-0.0413681,-25.6025046,-21.2022896,-0.0101952,-0.0699183,-9.0269578,-7.9549273,-0.0487665,-0.0308424,-0.0459790,-37.4539307,-30.8817682,-0.0113103,-0.0777569,-18.7516038,-15.4344143,-0.0542018,-0.0342802
2.0850000,1.3350000,1.3067333,-0.0406387,-25.3886847,-20.9980911,-0.0100160,-0.0686845,-8.9314006,-7.8749698,-0.0479066,-0.0302986,-0.0451527,-37.2233800,-30.6479809,-0.0111077,-0.0763581,-18.6358777,-15.3176339,-0.0532277,-0.0336642
2.0900000,1.3400000,1.3117333,-0.0399248,-25.1767319,-20.7965909,-0.0098405,-0.0674770,-8.8368124,-7.7960969,-0.0470651,-0.0297663,-0.0443444,-36.9946947,-30.4167624,-0.0109096,-0.0749899,-18.5210944,-15.2021354,-0.0522749,-0.0330615
2.0950000,1.3450000,1.3167333,-0.0392261,-24.9666255,-20.5977479,-0.0096688,-0.0662951,-8.7431840,-7.7182882,-0.0462415,-0.0292454,-0.0435536,-36.7678550,-30.1880761,-0.0107157,-0.0736514,-18.4072436,-15.0879007,-0.0513427,-0.0324720
2.1000000,1.3500000,1.3217333,-0.0385422,-24.7583454,-20.4015214,-0.0095007,-0.0651383,-8.6505060,-7.6415238,-0.0454352,-0.0287355,-0.0427800,-36.5428417,-29.9618861,-0.0105260,-0.0723420,-18.2943154,-14.9749119,-0.0504307,-0.0318952
2.1050000,1.3550000,1.3267333,-0.0378727,-24.5518717,-20.2078713,-0.0093361,-0.0640059,-8.5587694,-7.5657842,-0.0446460,-0.0282364,-0.0420231,-36.3196354,-29.7381572,-0.0103403,-0.0710607,-18.1822999,-14.8631515,-0.0495384,-0.0313308
2.1100000,1.3600000,1.3317333,-0.0372173,-24.3471848,-20.0167580,-0.0091749,-0.0628973,-8.4679652,-7.4910505,-0.0438733,-0.0277477,-0.0412824,-36.0982173,-29.5168547,-0.0101587,-0.0698070,-18.0711876,-14.7526021,-0.0486653,-0.0307786
2.1150000,1.3650000,1.3367333,-0.0365755,-24.1442655,-19.8281426,-0.0090172,-0.0618118,-8.3780845,-7.4173041,-0.0431168,-0.0272692,-0.0405575,-35.8785689,-29.2979447,-0.0099809,-0.0685802,-17.9609687,-14.6432467,-0.0478108,-0.0302382
2.1200000,1.3700000,1.3417333,-0.0359471,-23.9430950,-19.6419866,-0.0088627,-0.0607490,-8.2891187,-7.3445270,-0.0423760,-0.0268007,-0.0398481,-35.6606717,-29.0813937,-0.0098068,-0.0673794,-17.8516341,-14.5350689,-0.0469745,-0.0297093
2.1250000,1.3750000,1.3467333,-0.0353318,-23.7436546,-19.4582518,-0.0087114,-0.0597083,-8.2010591,-7.2727015,-0.0416506,-0.0263419,-0.0391537,-35.4445077,-28.8671688,-0.0096365,-0.0662042,-17.7431743,-14.4280520,-0.0461559,-0.0291915
2.1300000,1.3800000,1.3517333,-0.0347291,-23.5459261,-19.2769009,-0.0085632,-0.0586891,-8.1138974,-7.2018103,-0.0409402,-0.0258926,-0.0384740,-35.2300592,-28.6552376,-0.0094698,-0.0650538,-17.6355804,-14.3221800,-0.0453546,-0.0286848
2.1350000,1.3850000,1.3567333,-0.0341389,-23.3498914,-19.0978969,-0.0084180,-0.0576908,-8.0276251,-7.1318366,-0.0402444,-0.0254526,-0.0378086,-35.0173084,-28.4455683,-0.0093065,-0.0639276,-17.5288432,-14.2174372,-0.0445702,-0.0281887
2.1400000,1.3900000,1.3617333,-0.0335608,-23.1555329,-18.9212032,-0.0082759,-0.0567131,-7.9422340,-7.0627640,-0.0395629,-0.0250216,-0.0371571,-34.8062381,-28.2381298,-0.0091466,-0.0628250,-17.4229540,-14.1138078,-0.0438022,-0.0277029
2.1450000,1.3950000,1.3667333,-0.0329945,-22.9628332,-18.7467839,-0.0081366,-0.0557554,-7.8577160,-6.9945763,-0.0388953,-0.0245994,-0.0365192,-34.5968312,-28.0328913,-0.0089901,-0.0617455,-17.3179040,-14.0112766,-0.0430502,-0.0272274
2.1500000,1.4000000,1.3717333,-0.0324397,-22.7717750,-18.5746037,-0.0080001,-0.0548172,-7.7740631,-6.9272578,-0.0382413,-0.0241858,-0.0358946,-34.3890709,-27.8298225,-0.0088368,-0.0606884,-17.2136846,-13.9098285,-0.0423139,-0.0267617
2.1550000,1.4050000,1.3767333,-0.0318962,-22.5823417,-18.4046274,-0.0078664,-0.0538980,-7.6912673,-6.8607933,-0.0376006,-0.0237805,-0.0352829,-34.1829405,-27.6288939,-0.0086867,-0.0596532,-17.1102872,-13.8094487,-0.0415928,-0.0263056
2.1600000,1.4100000,1.3817333,-0.0313637,-22.3945165,-18.2368207,-0.0077355,-0.0529974,-7.6093209,-6.7951677,-0.0369728,-0.0233835,-0.0346838,-33.9784236,-27.4300762,-0.0085397,-0.0586395,-17.0077036,-13.7101226,-0.0408866,-0.0258590
2.1650000,1.4150000,1.3867333,-0.0308418,-22.2082830,-18.0711495,-0.0076071,-0.0521150,-7.5282162,-6.7303664,-0.0363577,-0.0229945,-0.0340971,-33.7755040,-27.2333407,-0.0083957,-0.0576465,-16.9059255,-13.6118360,-0.0401949,-0.0254215
2.1700000,1.4200000,1.3917333,-0.0303305,-22.0236253,-17.9075805,-0.0074813,-0.0512503,-7.4479454,-6.6663750,-0.0357549,-0.0226132,-0.0335223,-33.5741658,-27.0386591,-0.0082546,-0.0566739,-16.8049446,-13.5145748,-0.0395174,-0.0249930
2.1750000,1.4250000,1.3967333,-0.0298294,-21.8405275,-17.7460805,-0.0073580,-0.0504028,-7.3685011,-6.6031797,-0.0351641,-0.0222396,-0.0329593,-33.3743933,-26.8460037,-0.0081164,-0.0557212,-16.7047530,-13.4183250,-0.0388537,-0.0245732
2.1800000,1.4300000,1.4017333,-0.0293382,-21.6589740,-17.5866171,-0.0072372,-0.0495723,-7.2898759,-6.5407667,-0.0345851,-0.0218734,-0.0324077,-33.1761709,-26.6553471,-0.0079810,-0.0547878,-16.6053428,-13.3230732,-0.0382034,-0.0241620
2.1850000,1.4350000,1.4067333,-0.0288568,-21.4789493,-17.4291583,-0.0071187,-0.0487583,-7.2120624,-6.4791226,-0.0340176,-0.0215145,-0.0318673,-32.9794832,-26.4666626,-0.0078483,-0.0538733,-16.5067061,-13.2288058,-0.0375664,-0.0237591
2.1900000,1.4400000,1.4117333,-0.0283850,-21.3004385,-17.2736725,-0.0070026,-0.0479604,-7.1350532,-6.4182345,-0.0334614,-0.0211627,-0.0313377,-32.7843151,-26.2799236,-0.0077183,-0.0529773,-16.4088353,-13.1355098,-0.0369421,-0.0233643
2.1950000,1.4450000,1.4167333,-0.0279224,-21.1234265,-17.1201287,-0.0068888,-0.0471782,-7.0588413,-6.3580895,-0.0329161,-0.0208178,-0.0308188,-32.5906518,-26.0951042,-0.0075908,-0.0520992,-16.3117226,-13.0431721,-0.0363304,-0.0229774
2.2000000,1.4500000,1.4217333,-0.0274689,-20.9478987,-16.9684962,-0.0067772,-0.0464113,-6.9834194,-6.2986752,-0.0323815,-0.0204797,-0.0303103,-32.3984784,-25.9121789,-0.0074660,-0.0512388,-16.2153606,-12.9517801,-0.0357310,-0.0225982
2.2050000,1.4550000,1.4267333,-0.0270243,-20.7738406,-16.8187449,-0.0066678,-0.0456595,-6.9087806,-6.2399794,-0.0318573,-0.0201482,-0.0298119,-32.2077804,-25.7311224,-0.0073436,-0.0503955,-16.1197419,-12.8613211,-0.0351434,-0.0222267
2.2100000,1.4600000,1.4317333,-0.0265883,-20.6012380,-16.6708452,-0.0065605,-0.0449224,-6.8349179,-6.1819901,-0.0313434,-0.0198232,-0.0293234,-32.0185434,-25.5519101,-0.0072236,-0.0495690,-16.0248592,-12.7717828,-0.0345676,-0.0218625
2.2150000,1.4650000,1.4367333,-0.0261608,-20.4300768,-16.5247678,-0.0064552,-0.0441996,-6.7618244,-6.1246958,-0.0308394,-0.0195045,-0.0288446,-31.8307532,-25.3745175,-0.0071060,-0.0487589,-15.9307052,-12.6831531,-0.0340031,-0.0215055
2.2200000,1.4700000,1.4417333,-0.0257416,-20.2603433,-16.3804839,-0.0063521,-0.0434907,-6.6894932,-6.0680849,-0.0303453,-0.0191919,-0.0283752,-31.6443960,-25.1989208,-0.0069907,-0.0479647,-15.8372728,-12.5954201,-0.0334498,-0.0211555
2.2250000,1.4750000,1.4467333,-0.0253305,-20.0920236,-16.2379654,-0.0062509,-0.0427956,-6.6179177,-6.0121464,-0.0298606,-0.0188854,-0.0279151,-31.4594577,-25.0250964,-0.0068777,-0.0471862,-15.7445550,-12.5085719,-0.0329074,-0.0208124
2.2300000,1.4800000,1.4517333,-0.0249272,-19.9251045,-16.0971843,-0.0061516,-0.0421139,-6.5470910,-5.9568694,-0.0293853,-0.0185848,-0.0274639,-31.2759248,-24.8530212,-0.0067669,-0.0464229,-15.6525448,-12.4225971,-0.0323755,-0.0204761
2.2350000,1.4850000,1.4567333,-0.0245317,-19.7595726,-15.9581131,-0.0060542,-0.0414452,-6.4770066,-5.9022430,-0.0289190,-0.0182899,-0.0270216,-31.0937837,-24.6826721,-0.0066582,-0.0456745,-15.5612354,-12.3374842,-0.0318541,-0.0201463
2.2400000,1.4900000,1.4617333,-0.0241438,-19.5954150,-15.8207251,-0.0059587,-0.0407892,-6.4076580,-5.8482570,-0.0284617,-0.0180007,-0.0265878,-30.9130213,-24.5140270,-0.0065516,-0.0449406,-15.4706200,-12.2532221,-0.0313427,-0.0198229
2.2450000,1.4950000,1.4667333,-0.0237632,-19.4326186,-15.6849936,-0.0058650,-0.0401458,-6.3390385,-5.7949011,-0.0280131,-0.0177169,-0.0261624,-30.7336242,-24.3470636,-0.0064471,-0.0442210,-15.3806920,-12.1697997,-0.0308413,-0.0195057
2.2500000,1.5000000,1.4717333,-0.0233899,-19.2711708,-15.5508925,-0.0057731,-0.0395146,-6.2711417,-5.7421653,-0.0275729,-0.0174386,-0.0257453,-30.5555796,-24.1817601,-0.0063446,-0.0435153,-15.2914446,-12.0872062,-0.0303495,-0.0191947
2.2550000,1.5050000,1.4767333,-0.0230236,-19.1110591,-15.4183961,-0.0056829,-0.0388953,-6.2039613,-5.6900398,-0.0271411,-0.0171655,-0.0253361,-30.3788746,-24.0180953,-0.0062441,-0.0428231,-15.2028715,-12.0054309,-0.0298672,-0.0188897
2.2600000,1.5100000,1.4817333,-0.0226642,-18.9522712,-15.2874793,-0.0055944,-0.0382877,-6.1374909,-5.6385151,-0.0267175,-0.0168975,-0.0249348,-30.2034965,-23.8560480,-0.0061454,-0.0421443,-15.1149661,-11.9244633,-0.0293941,-0.0185905
2.2650000,1.5150000,1.4867333,-0.0223115,-18.7947947,-15.1581171,-0.0055076,-0.0376915,-6.0717242,-5.5875817,-0.0263017,-0.0166346,-0.0245412,-30.0294327,-23.6955976,-0.0060487,-0.0414784,-15.0277221,-11.8442931,-0.0289301,-0.0182970
2.2700000,1.5200000,1.4917333,-0.0219655,-18.6386178,-15.0302852,-0.0054223,-0.0371065,-6.0066550,-5.5372305,-0.0258938,-0.0163766,-0.0241550,-29.8566711,-23.5367235,-0.0059538,-0.0408251,-14.9411332,-11.7649101,-0.0284749,-0.0180091
2.2750000,1.5250000,1.4967333,-0.0216258,-18.4837286,-14.9039595,-0.0053387,-0.0365324,-5.9422771,-5.4874525,-0.0254934,-0.0161234,-0.0237762,-29.6851992,-23.3794058,-0.0058607,-0.0401843,-14.8551933,-11.6863042,-0.0280283,-0.0177267
2.2800000,1.5300000,1.5017333,-0.0212926,-18.3301154,-14.7791165,-0.0052566,-0.0359689,-5.8785843,-5.4382389,-0.0251005,-0.0158749,-0.0234045,-29.5150051,-23.2236246,-0.0057693,-0.0395556,-14.7698961,-11.6084656,-0.0275901,-0.0174495
2.2850000,1.5350000,1.5067333,-0.0209654,-18.1777666,-14.6557329,-0.0051760,-0.0354159,-5.8155705,-5.3895811,-0.0247149,-0.0156310,-0.0230398,-29.3460768,-23.0693605,-0.0056797,-0.0389387,-14.6852357,-11.5313846,-0.0271602,-0.0171776
2.2900000,1.5400000,1.5117333,-0.0206443,-18.0266709,-14.5337860,-0.0050970,-0.0348731,-5.7532298,-5.3414706,-0.0243364,-0.0153916,-0.0226820,-29.1784025,-22.9165944,-0.0055917,-0.0383334,-14.6012061,-11.4550516,-0.0267384,-0.0169109
2.2950000,1.5450000,1.5167333,-0.0203292,-17.8768170,-14.4132532,-0.0050193,-0.0343403,-5.6915561,-5.2938992,-0.0239649,-0.0151566,-0.0223308,-29.0119706,-22.7653073,-0.0055054,-0.0377394,-14.5178013,-11.3794572,-0.0263245,-0.0166490
2.3000000,1.5500000,1.5217333,-0.0200198,-17.7281938,-14.2941126,-0.0049431,-0.0338173,-5.6305435,-5.2468588,-0.0236001,-0.0149260,-0.0219862,-28.8467695,-22.6154806,-0.0054207,-0.0371565,-14.4350155,-11.3045922,-0.0259182,-0.0163921
2.3050000,1.5550000,1.5267333,-0.0197160,-17.5807905,-14.1763424,-0.0048683,-0.0333039,-5.5701860,-5.2003415,-0.0232421,-0.0146995,-0.0216480,-28.6827880,-22.4670962,-0.0053375,-0.0365845,-14.3528429,-11.2304474,-0.0255195,-0.0161400
2.3100000,1.5600000,1.5317333,-0.0194178,-17.4345962,-14.0599215,-0.0047948,-0.0327998,-5.5104778,-5.1543394,-0.0228905,-0.0144772,-0.0213161,-28.5200147,-22.3201359,-0.0052559,-0.0360230,-14.2712779,-11.1570138,-0.0251282,-0.0158925
2.3150000,1.5650000,1.5367333,-0.0191250,-17.2896002,-13.9448288,-0.0047227,-0.0323049,-5.4514130,-5.1088450,-0.0225454,-0.0142589,-0.0209902,-28.3584385,-22.1745821,-0.0051758,-0.0354719,-14.1903149,-11.0842826,-0.0247441,-0.0156495
2.3200000,1.5700000,1.5417333,-0.0188375,-17.1457921,-13.8310439,-0.0046518,-0.0318189,-5.3929859,-5.0638508,-0.0222064,-0.0140445,-0.0206704,-28.1980485,-22.0304172,-0.0050971,-0.0349310,-14.1099481,-11.0122451,-0.0243671,-0.0154111
2.3250000,1.5750000,1.5467333,-0.0185552,-17.0031614,-13.7185465,-0.0045823,-0.0313417,-5.3351907,-5.0193495,-0.0218737,-0.0138341,-0.0203564,-28.0388337,-21.8876241,-0.0050199,-0.0343999,-14.0301723,-10.9408927,-0.0239969,-0.0151770
2.3300000,1.5800000,1.5517333,-0.0182780,-16.8616980,-13.6073168,-0.0045140,-0.0308731,-5.2780217,-4.9753340,-0.0215468,-0.0136274,-0.0200482,-27.8807835,-21.7461859,-0.0049441,-0.0338786,-13.9509818,-10.8702168,-0.0236336,-0.0149472
2.3350000,1.5850000,1.5567333,-0.0180057,-16.7213916,-13.4973353,-0.0044469,-0.0304129,-5.2214732,-4.9317971,-0.0212259,-0.0134244,-0.0197455,-27.7238873,-21.6060858,-0.0048697,-0.0333667,-13.8723714,-10.8002093,-0.0232768,-0.0147215
2.3400000,1.5900000,1.5617333,-0.0177383,-16.5822323,-13.3885828,-0.0043810,-0.0299610,-5.1655397,-4.8887320,-0.0209107,-0.0132250,-0.0194484,-27.5681345,-21.4673074,-0.0047966,-0.0328642,-13.7943357,-10.7308619,-0.0229265,-0.0145000
2.3450000,1.5950000,1.5667333,-0.0174757,-16.4442102,-13.2810406,-0.0043163,-0.0295171,-5.1102154,-4.8461320,-0.0206011,-0.0130292,-0.0191566,-27.4135148,-21.3298346,-0.0047248,-0.0323707,-13.7168695,-10.6621666,-0.0225826,-0.0142825
2.3500000,1.6000000,1.5717333,-0.0172178,-16.3073157,-13.1746900,-0.0042527,-0.0290811,-5.0554949,-4.8039905,-0.0202970,-0.0128369,-0.0188701,-27.2600180,-21.1936514,-0.0046543,-0.0318862,-13.6399675,-10.5941153,-0.0222448,-0.0140689
2.3550000,1.6050000,1.5767333,-0.0169644,-16.1715389,-13.0695131,-0.0041903,-0.0286528,-5.0013725,-4.7623008,-0.0199983,-0.0126480,-0.0185887,-27.1076339,-21.0587421,-0.0045851,-0.0314104,-13.5636248,-10.5267002,-0.0219131,-0.0138591
2.3600000,1.6100000,1.5817333,-0.0167154,-16.0368706,-12.9654918,-0.0041289,-0.0282320,-4.9478429,-4.7210567,-0.0197048,-0.0124624,-0.0183124,-26.9563524,-20.9250912,-0.0045171,-0.0309430,-13.4878361,-10.4599137,-0.0215874,-0.0136531
2.3650000,1.6150000,1.5867333,-0.0164709,-15.9033011,-12.8626088,-0.0040686,-0.0278187,-4.8949006,-4.6802520,-0.0194165,-0.0122801,-0.0180410,-26.8061637,-20.7926835,-0.0044503,-0.0304841,-13.4125965,-10.3937481,-0.0212674,-0.0134507
2.3700000,1.6200000,1.5917333,-0.0162306,-15.7708214,-12.7608469,-0.0040094,-0.0274127,-4.8425400,-4.6398804,-0.0191333,-0.0121009,-0.0177744,-26.6570580,-20.6615040,-0.0043848,-0.0300333,-13.3379010,-10.3281959,-0.0209532,-0.0132520
2.3750000,1.6250000,1.5967333,-0.0159946,-15.6394222,-12.6601890,-0.0039512,-0.0270137,-4.7907559,-4.5999359,-0.0188550,-0.0119249,-0.0175126,-26.5090256,-20.5315379,-0.0043203,-0.0295905,-13.2637447,-10.2632498,-0.0206445,-0.0130567
2.3800000,1.6300000,1.6017333,-0.0157626,-15.5090945,-12.5606186,-0.0038941,-0.0266217,-4.7395429,-4.5604127,-0.0185816,-0.0117520,-0.0172554,-26.3620568,-20.4027706,-0.0042570,-0.0291555,-13.1901228,-10.1989024,-0.0203413,-0.0128650
2.3850000,1.6350000,1.6067333,-0.0155347,-15.3798293,-12.4621195,-0.0038379,-0.0262365,-4.6888956,-4.5213050,-0.0183130,-0.0115821,-0.0170027,-26.2161423,-20.2751877,-0.0041949,-0.0287283,-13.1170305,-10.1351466,-0.0200434,-0.0126766
2.3900000,1.6400000,1.6117333,-0.0153108,-15.2516178,-12.3646756,-0.0037827,-0.0258580,-4.6388087,-4.4826071,-0.0180489,-0.0114151,-0.0167545,-26.0712726,-20.1487752,-0.0041338,-0.0283085,-13.0444630,-10.0719754,-0.0197508,-0.0124915
2.3950000,1.6450000,1.6167333,-0.0150907,-15.1244513,-12.2682712,-0.0037284,-0.0254861,-4.5892770,-4.4443134,-0.0177895,-0.0112510,-0.0165106,-25.9274386,-20.0235190,-0.0040738,-0.0278961,-12.9724157,-10.0093817,-0.0194633,-0.0123097
2.4000000,1.6500000,1.6217333,-0.0148744,-14.9983212,-12.1728908,-0.0036751,-0.0251205,-4.5402953,-4.4064184,-0.0175345,-0.0110898,-0.0162709,-25.7846309,-19.8994055,-0.0040148,-0.0274909,-12.9008839,-9.9473588,-0.0191808,-0.0121310
2.4050000,1.6550000,1.6267333,-0.0146618,-14.8732188,-12.0785193,-0.0036227,-0.0247613,-4.4918583,-4.3689168,-0.0172839,-0.0109313,-0.0160355,-25.6428406,-19.7764211,-0.0039568,-0.0270927,-12.8298630,-9.8858999,-0.0189032,-0.0119555
2.4100000,1.6600000,1.6317333,-0.0144528,-14.7491359,-11.9851419,-0.0035711,-0.0244082,-4.4439608,-4.3318032,-0.0170376,-0.0107755,-0.0158041,-25.5020586,-19.6545524,-0.0038999,-0.0267015,-12.7593486,-9.8249983,-0.0186305,-0.0117829
2.4150000,1.6650000,1.6367333,-0.0142475,-14.6260640,-11.8927438,-0.0035205,-0.0240611,-4.3965978,-4.2950725,-0.0167955,-0.0106224,-0.0155767,-25.3622762,-19.5337864,-0.0038439,-0.0263170,-12.6893360,-9.7646474,-0.0183624,-0.0116134
2.4200000,1.6700000,1.6417333,-0.0140456,-14.5039950,-11.8013107,-0.0034707,-0.0237199,-4.3497640,-4.2587196,-0.0165575,-0.0104718,-0.0153532,-25.2234845,-19.4141100,-0.0037889,-0.0259392,-12.6198210,-9.7048408,-0.0180990,-0.0114468
2.4250000,1.6750000,1.6467333,-0.0138471,-14.3829207,-11.7108285,-0.0034218,-0.0233845,-4.3034545,-4.2227396,-0.0163235,-0.0103239,-0.0151336,-25.0856748,-19.2955104,-0.0037348,-0.0255678,-12.5507991,-9.6455721,-0.0178401,-0.0112831
2.4300000,1.6800000,1.6517333,-0.0136520,-14.2628331,-11.6212835,-0.0033737,-0.0230548,-4.2576642,-4.1871274,-0.0160935,-0.0101784,-0.0149178,-24.9488386,-19.1779752,-0.0036817,-0.0252029,-12.4822660,-9.5868350,-0.0175857,-0.0111221
2.4350000,1.6850000,1.6567333,-0.0134602,-14.1437242,-11.5326619,-0.0033264,-0.0227307,-4.2123879,-4.1518783,-0.0158674,-0.0100354,-0.0147056,-24.8129674,-19.0614919,-0.0036295,-0.0248442,-12.4142173,-9.5286234,-0.0173355,-0.0109640
2.4400000,1.6900000,1.6617333,-0.0132716,-14.0255861,-11.4449504,-0.0032798,-0.0224120,-4.1676209,-4.1169875,-0.0156451,-0.0098948,-0.0144971,-24.6780527,-18.9460482,-0.0035781,-0.0244915,-12.3466489,-9.4709311,-0.0170897,-0.0108085
2.4450000,1.6950000,1.6667333,-0.0130862,-13.9084112,-11.3581360,-0.0032341,-0.0220986,-4.1233580,-4.0824504,-0.0154265,-0.0097565,-0.0142920,-24.5440863,-18.8316321,-0.0035276,-0.0241449,-12.2795565,-9.4137521,-0.0168480,-0.0106556
2.4500000,1.7000000,1.6717333,-0.0129038,-13.7921916,-11.2722057,-0.0031891,-0.0217905,-4.0795943,-4.0482623,-0.0152116,-0.0096206,-0.0140905,-24.4110598,-18.7182318,-0.0034780,-0.0238042,-12.2129360,-9.3570805,-0.0166104,-0.0105054
2.4550000,1.7050000,1.6767333,-0.0127245,-13.6769199,-11.1871469,-0.0031449,-0.0214876,-4.0363249,-4.0144190,-0.0150002,-0.0094869,-0.0138924,-24.2789653,-18.6058354,-0.0034292,-0.0234692,-12.1467833,-9.3009104,-0.0163769,-0.0103576
2.4600000,1.7100000,1.6817333,-0.0125482,-13.5625884,-11.1029472,-0.0031014,-0.0211897,-3.9935450,-3.9809157,-0.0147924,-0.0093555,-0.0136976,-24.1477946,-18.4944315,-0.0033813,-0.0231399,-12.0810943,-9.2452361,-0.0161472,-0.0102124
2.4650000,1.7150000,1.6867333,-0.0123748,-13.4491899,-11.0195943,-0.0030587,-0.0208967,-3.9512497,-3.9477484,-0.0145880,-0.0092262,-0.0135060,-24.0175397,-18.3840087,-0.0033341,-0.0228161,-12.0158650,-9.1900519,-0.0159214,-0.0100696
2.4700000,1.7200000,1.6917333,-0.0122043,-13.3367169,-10.9370764,-0.0030166,-0.0206086,-3.9094342,-3.9149126,-0.0143869,-0.0090991,-0.0133177,-23.8881929,-18.2745556,-0.0032877,-0.0224977,-11.9510915,-9.1353521,-0.0156994,-0.0099292
2.4750000,1.7250000,1.6967333,-0.0120366,-13.2251621,-10.8553816,-0.0029752,-0.0203252,-3.8680936,-3.8824043,-0.0141892,-0.0089740,-0.0131325,-23.7597461,-18.1660614,-0.0032421,-0.0221846,-11.8867697,-9.0811313,-0.0154811,-0.0097911
2.4800000,1.7300000,1.7017333,-0.0118717,-13.1145184,-10.7744985,-0.0029345,-0.0200465,-3.8272233,-3.8502192,-0.0139948,-0.0088511,-0.0129504,-23.6321919,-18.0585150,-0.0031973,-0.0218767,-11.8228958,-9.0273839,-0.0152664,-0.0096554
2.4850000,1.7350000,1.7067333,-0.0117094,-13.0047786,-10.6944155,-0.0028945,-0.0197723,-3.7868184,-3.8183533,-0.0138035,-0.0087301,-0.0127713,-23.5055224,-17.9519057,-0.0031533,-0.0215740,-11.7594659,-8.9741047,-0.0150553,-0.0095218
2.4900000,1.7400000,1.7117333,-0.0115498,-12.8959358,-10.6151218,-0.0028551,-0.0195026,-3.7468743,-3.7868026,-0.0136154,-0.0086111,-0.0125952,-23.3797302,-17.8462229,-0.0031100,-0.0212762,-11.6964763,-8.9212883,-0.0148477,-0.0093905
2.4950000,1.7450000,1.7167333,-0.0113928,-12.7879829,-10.5366062,-0.0028164,-0.0192374,-3.7073862,-3.7555633,-0.0134303,-0.0084940,-0.0124220,-23.2548077,-17.7414560,-0.0030674,-0.0209834,-11.6339231,-8.8689295,-0.0146435,-0.0092614
2.5000000,1.7500000,1.7217333,-0.0112383,-12.6809132,-10.4588580,-0.0027783,-0.0189764,-3.6683497,-3.7246314,-0.0132482,-0.0083789,-0.0122519,-23.1307477,-17.6375949,-0.0030255,-0.0206954,-11.5718026,-8.8170232,-0.0144430,-0.0091346
2.5050000,1.7550000,1.7267333,-0.0110864,-12.5747196,-10.3818667,-0.0027408,-0.0187197,-3.6297599,-3.6940032,-0.0130691,-0.0082656,-0.0120846,-23.0075426,-17.5346293,-0.0029842,-0.0204124,-11.5101112,-8.7655642,-0.0142458,-0.0090098
2.5100000,1.7600000,1.7317333,-0.0109369,-12.4693956,-10.3056219,-0.0027039,-0.0184671,-3.5916124,-3.6636749,-0.0128929,-0.0081541,-0.0119200,-22.8851853,-17.4325491,-0.0029437,-0.0201342,-11.4488451,-8.7145476,-0.0140517,-0.0088871
2.5150000,1.7650000,1.7367333,-0.0107898,-12.3649345,-10.2301135,-0.0026676,-0.0182186,-3.5539025,-3.6336429,-0.0127195,-0.0080445,-0.0117581,-22.7636686,-17.3313445,-0.0029038,-0.0198606,-11.3880008,-8.6639684,-0.0138609,-0.0087664
2.5200000,1.7700000,1.7417333,-0.0106451,-12.2613296,-10.1553314,-0.0026319,-0.0179741,-3.5166258,-3.6039036,-0.0125489,-0.0079366,-0.0115988,-22.6429855,-17.2316764,-0.0028645,-0.0195913,-11.3275747,-8.6141548,-0.0136731,-0.0086476
2.5250000,1.7750000,1.7467333,-0.0105027,-12.1585744,-10.0812657,-0.0025968,-0.0177335,-3.4797777,-3.5744533,-0.0123810,-0.0078304,-0.0114421,-22.5231287,-17.1331423,-0.0028259,-0.0193264,-11.2675631,-8.5649101,-0.0134884,-0.0085308
2.5300000,1.7800000,1.7517333,-0.0103626,-12.0566625,-10.0079070,-0.0025622,-0.0174967,-3.4433538,-3.5452887,-0.0122158,-0.0077259,-0.0112879,-22.4040915,-17.0354410,-0.0027879,-0.0190658,-11.2079627,-8.5160815,-0.0133066,-0.0084159
2.5350000,1.7850000,1.7567333,-0.0102247,-11.9555874,-9.9352456,-0.0025282,-0.0172637,-3.4073495,-3.5164062,-0.0120532,-0.0076231,-0.0111362,-22.2858669,-16.9385635,-0.0027506,-0.0188094,-11.1487700,-8.4676644,-0.0131278,-0.0083028
2.5400000,1.7900000,1.7617333,-0.0100890,-11.8553428,-9.8632723,-0.0024947,-0.0170345,-3.3717606,-3.4878026,-0.0118933,-0.0075219,-0.0109870,-22.1684481,-16.8425005,-0.0027138,-0.0185572,-11.0899814,-8.4196543,-0.0129519,-0.0081915
2.5450000,1.7950000,1.7667333,-0.0099554,-11.7559225,-9.7919779,-0.0024617,-0.0168088,-3.3365826,-3.4594744,-0.0117358,-0.0074224,-0.0108401,-22.0518283,-16.7472433,-0.0026776,-0.0183089,-11.0315937,-8.3720467,-0.0127787,-0.0080820
2.5500000,1.8000000,1.7717333,-0.0098240,-11.6573202,-9.7213535,-0.0024293,-0.0165868,-3.3018111,-3.4314184,-0.0115809,-0.0073244,-0.0106955,-21.9360009,-16.6527830,-0.0026420,-0.0180646,-10.9736034,-8.3248372,-0.0126083,-0.0079742
2.5550000,1.8050000,1.7767333,-0.0096946,-11.5595297,-9.6513901,-0.0023973,-0.0163682,-3.2674419,-3.4036314,-0.0114284,-0.0072279,-0.0105533,-21.8209593,-16.5591109,-0.0026069,-0.0178242,-10.9160072,-8.2780215,-0.0124407,-0.0078682
2.5600000,1.8100000,1.7817333,-0.0095672,-11.4625450,-9.5820792,-0.0023659,-0.0161531,-3.2334706,-3.3761101,-0.0112782,-0.0071330,-0.0104133,-21.7066968,-16.4662185,-0.0025724,-0.0175876,-10.8588019,-8.2315953,-0.0122757,-0.0077638
2.5650000,1.8150000,1.7867333,-0.0094419,-11.3663601,-9.5134121,-0.0023350,-0.0159413,-3.1998929,-3.3488515,-0.0111305,-0.0070395,-0.0102756,-21.5932071,-16.3740973,-0.0025384,-0.0173548,-10.8019841,-8.1855544,-0.0121133,-0.0076611
2.5700000,1.8200000,1.7917333,-0.0093185,-11.2709689,-9.4453806,-0.0023045,-0.0157329,-3.1667047,-3.3218525,-0.0109850,-0.0069475,-0.0101400,-21.4804836,-16.2827390,-0.0025050,-0.0171257,-10.7455506,-8.1398947,-0.0119534,-0.0075600
2.5750000,1.8250000,1.7967333,-0.0091971,-11.1763656,-9.3779764,-0.0022745,-0.0155277,-3.1339017,-3.2951100,-0.0108419,-0.0068570,-0.0100065,-21.3685201,-16.1921353,-0.0024721,-0.0169001,-10.6894982,-8.0946120,-0.0117961,-0.0074605
2.5800000,1.8300000,1.8017333,-0.0090775,-11.0825443,-9.3111913,-0.0022450,-0.0153257,-3.1014797,-3.2686211,-0.0107009,-0.0067678,-0.0098752,-21.2573103,-16.1022782,-0.0024397,-0.0166781,-10.6338238,-8.0497022,-0.0116412,-0.0073626
2.5850000,1.8350000,1.8067333,-0.0089598,-10.9894991,-9.2450175,-0.0022159,-0.0151269,-3.0694347,-3.2423828,-0.0105621,-0.0066801,-0.0097459,-21.1468479,-16.0131596,-0.0024079,-0.0164596,-10.5785242,-8.0051614,-0.0114888,-0.0072662
2.5900000,1.8400000,1.8117333,-0.0088439,-10.8972244,-9.1794471,-0.0021873,-0.0149311,-3.0377624,-3.2163922,-0.0104255,-0.0065937,-0.0096186,-21.0371267,-15.9247716,-0.0023765,-0.0162445,-10.5235964,-7.9609857,-0.0113388,-0.0071713
2.5950000,1.8450000,1.8167333,-0.0087298,-10.8057144,-9.1144725,-0.0021592,-0.0147383,-3.0064588,-3.1906466,-0.0102910,-0.0065086,-0.0094933,-20.9281407,-15.8371064,-0.0023456,-0.0160327,-10.4690372,-7.9171710,-0.0111911,-0.0070778
2.6000000,1.8500000,1.8217333,-0.0086174,-10.7149635,-9.0500861,-0.0021314,-0.0145485,-2.9755199,-3.1651429,-0.0101585,-0.0064248,-0.0093699,-20.8198839,-15.7501563,-0.0023152,-0.0158242,-10.4148435,-7.8737137,-0.0110456,-0.0069859
2.6050000,1.8550000,1.8267333,-0.0085068,-10.6249661,-8.9862805,-0.0021041,-0.0143616,-2.9449416,-3.1398786,-0.0100281,-0.0063423,-0.0092485,-20.7123501,-15.6639137,-0.0022852,-0.0156190,-10.3610125,-7.8306098,-0.0109025,-0.0068953
2.6100000,1.8600000,1.8317333,-0.0083978,-10.5357167,-8.9230484,-0.0020772,-0.0141776,-2.9147199,-3.1148509,-0.0098997,-0.0062611,-0.0091289,-20.6055336,-15.5783712,-0.0022557,-0.0154169,-10.3075411,-7.7878557,-0.0107615,-0.0068062
2.6150000,1.8650000,1.8367333,-0.0082906,-10.4472096,-8.8603826,-0.0020507,-0.0139964,-2.8848509,-3.0900570,-0.0097733,-0.0061811,-0.0090112,-20.4994283,-15.4935212,-0.0022267,-0.0152179,-10.2544264,-7.7454476,-0.0106227,-0.0067184
2.6200000,1.8700000,1.8417333,-0.0081849,-10.3594396,-8.7982761,-0.0020246,-0.0138180,-2.8553306,-3.0654944,-0.0096487,-0.0061024,-0.0088953,-20.3940287,-15.4093565,-0.0021981,-0.0150220,-10.2016653,-7.7033819,-0.0104861,-0.0066320
2.6250000,1.8750000,1.8467333,-0.0080809,-10.2724012,-8.7367220,-0.0019989,-0.0136423,-2.8261552,-3.0411604,-0.0095261,-0.0060248,-0.0087811,-20.2893288,-15.3258699,-0.0021700,-0.0148291,-10.1492552,-7.6616550,-0.0103515,-0.0065469
2.6300000,1.8800000,1.8517333,-0.0079784,-10.1860890,-8.6757134,-0.0019736,-0.0134692,-2.7973207,-3.0170525,-0.0094053,-0.0059484,-0.0086687,-20.1853229,-15.2430542,-0.0021423,-0.0146392,-10.0971930,-7.6202633,-0.0102190,-0.0064631
2.6350000,1.8850000,1.8567333,-0.0078775,-10.1004978,-8.6152437,-0.0019487,-0.0132987,-2.7688233,-2.9931681,-0.0092864,-0.0058732,-0.0085580,-20.0820055,-15.1609025,-0.0021150,-0.0144522,-10.0454759,-7.5792033,-0.0100885,-0.0063805
2.6400000,1.8900000,1.8617333,-0.0077782,-10.0156223,-8.5553062,-0.0019242,-0.0131309,-2.7406593,-2.9695047,-0.0091692,-0.0057991,-0.0084490,-19.9793710,-15.0794077,-0.0020881,-0.0142680,-9.9941012,-7.5384716,-0.0099600,-0.0062993
2.6450000,1.8950000,1.8667333,-0.0076803,-9.9314572,-8.4958946,-0.0019000,-0.0129655,-2.7128249,-2.9460599,-0.0090538,-0.0057261,-0.0083417,-19.8774138,-14.9985631,-0.0020616,-0.0140865,-9.9430660,-7.4980647,-0.0098335,-0.0062192
2.6500000,1.9000000,1.8717333,-0.0075838,-9.8479974,-8.4370023,-0.0018762,-0.0128026,-2.6853162,-2.9228313,-0.0089401,-0.0056542,-0.0082359,-19.7761284,-14.9183618,-0.0020355,-0.0139079,-9.8923676,-7.4579793,-0.0097088,-0.0061404
2.6550000,1.9050000,1.8767333,-0.0074888,-9.7652377,-8.3786233,-0.0018527,-0.0126422,-2.6581296,-2.8998164,-0.0088281,-0.0055834,-0.0081318,-19.6755094,-14.8387973,-0.0020098,-0.0137319,-9.8420032,-7.4182119,-0.0095861,-0.0060628
2.6600000,1.9100000,1.8817333,-0.0073953,-9.6831731,-8.3207512,-0.0018296,-0.0124841,-2.6312615,-2.8770129,-0.0087178,-0.0055136,-0.0080292,-19.5755515,-14.7598628,-0.0019845,-0.0135586,-9.7919703,-7.3787595,-0.0094652,-0.0059863
2.6650000,1.9150000,1.8867333,-0.0073031,-9.6017985,-8.2633801,-0.0018069,-0.0123285,-2.6047081,-2.8544185,-0.0086092,-0.0054449,-0.0079282,-19.4762493,-14.6815519,-0.0019596,-0.0133879,-9.7422660,-7.3396185,-0.0093461,-0.0059110
2.6700000,1.9200000,1.8917333,-0.0072123,-9.5211089,-8.2065040,-0.0017844,-0.0121751,-2.5784658,-2.8320308,-0.0085021,-0.0053772,-0.0078287,-19.3775976,-14.6038582,-0.0019351,-0.0132197,-9.6928877,-7.3007860,-0.0092288,-0.0058368
2.6750000,1.9250000,1.8967333,-0.0071228,-9.4410994,-8.1501171,-0.0017623,-0.0120240,-2.5525311,-2.8098477,-0.0083967,-0.0053105,-0.0077307,-19.2795911,-14.5267753,-0.0019109,-0.0130541,-9.6438329,-7.2622586,-0.0091132,-0.0057637
2.6800000,1.9300000,1.9017333,-0.0070347,-9.3617649,-8.0942135,-0.0017406,-0.0118751,-2.5269005,-2.7878669,-0.0082928,-0.0052448,-0.0076341,-19.1822246,-14.4502969,-0.0018871,-0.0128909,-9.5950988,-7.2240334,-0.0089994,-0.0056917
2.6850000,1.9350000,1.9067333,-0.0069478,-9.2831007,-8.0387877,-0.0017191,-0.0117284,-2.5015703,-2.7660862,-0.0081904,-0.0051801,-0.0075389,-19.0854931,-14.3744169,-0.0018636,-0.0127302,-9.5466831,-7.1861071,-0.0088872,-0.0056208
2.6900000,1.9400000,1.9117333,-0.0068623,-9.2051018,-7.9838339,-0.0016980,-0.0115839,-2.4765370,-2.7445034,-0.0080895,-0.0051163,-0.0074452,-18.9893915,-14.2991292,-0.0018405,-0.0125718,-9.4985830,-7.1484767,-0.0087767,-0.0055509
2.6950000,1.9450000,1.9167333,-0.0067780,-9.1277634,-7.9293469,-0.0016772,-0.0114415,-2.4517973,-2.7231163,-0.0079901,-0.0050534,-0.0073529,-18.8939147,-14.2244276,-0.0018177,-0.0124158,-9.4507960,-7.1111392,-0.0086679,-0.0054820
2.7000000,1.9500000,1.9217333,-0.0066949,-9.0510808,-7.8753211,-0.0016566,-0.0113012,-2.4273478,-2.7019230,-0.0078922,-0.0049915,-0.0072619,-18.7990578,-14.1503064,-0.0017952,-0.0122621,-9.4033198,-7.0740917,-0.0085606,-0.0054142
2.7050000,1.9550000,1.9267333,-0.0066130,-8.9750492,-7.8217512,-0.0016364,-0.0111629,-2.4031849,-2.6809213,-0.0077957,-0.0049304,-0.0071723,-18.7048159,-14.0767595,-0.0017731,-0.0121106,-9.3561517,-7.0373312,-0.0084549,-0.0053474
2.7100000,1.9600000,1.9317333,-0.0065323,-8.8996639,-7.7686320,-0.0016165,-0.0110267,-2.3793053,-2.6601091,-0.0077006,-0.0048703,-0.0070839,-18.6111840,-14.0037812,-0.0017513,-0.0119614,-9.3092893,-7.0008547,-0.0083508,-0.0052815
2.7150000,1.9650000,1.9367333,-0.0064528,-8.8249201,-7.7159584,-0.0015968,-0.0108924,-2.3557058,-2.6394845,-0.0076069,-0.0048110,-0.0069969,-18.5181574,-13.9313657,-0.0017299,-0.0118143,-9.2627303,-6.9646595,-0.0082482,-0.0052166
2.7200000,1.9700000,1.9417333,-0.0063745,-8.7508134,-7.6637253,-0.0015775,-0.0107601,-2.3323829,-2.6190453,-0.0075145,-0.0047526,-0.0069111,-18.4257312,-13.8595073,-0.0017087,-0.0116694,-9.2164722,-6.9287427,-0.0081471,-0.0051527
2.7250000,1.9750000,1.9467333,-0.0062973,-8.6773390,-7.6119277,-0.0015584,-0.0106296,-2.3093335,-2.5987898,-0.0074235,-0.0046950,-0.0068266,-18.3339007,-13.7882006,-0.0016878,-0.0115266,-9.1705126,-6.8931015,-0.0080475,-0.0050897
2.7300000,1.9800000,1.9517333,-0.0062212,-8.6044923,-7.5605607,-0.0015396,-0.0105011,-2.2865543,-2.5787158,-0.0073337,-0.0046383,-0.0067433,-18.2426612,-13.7174398,-0.0016673,-0.0113859,-9.1248491,-6.8577332,-0.0079493,-0.0050276
2.7350000,1.9850000,1.9567333,-0.0061461,-8.5322689,-7.5096195,-0.0015211,-0.0103744,-2.2640420,-2.5588216,-0.0072453,-0.0045823,-0.0066613,-18.1520081,-13.6472196,-0.0016470,-0.0112472,-9.0794795,-6.8226349,-0.0078525,-0.0049664
2.7400000,1.9900000,1.9617333,-0.0060722,-8.4606641,-7.4590993,-0.0015028,-0.0102495,-2.2417936,-2.5391052,-0.0071582,-0.0045272,-0.0065804,-18.0619367,-13.5775346,-0.0016271,-0.0111106,-9.0344013,-6.7878041,-0.0077572,-0.0049061
2.7450000,1.9950000,1.9667333,-0.0059993,-8.3896736,-7.4089955,-0.0014848,-0.0101265,-2.2198057,-2.5195646,-0.0070722,-0.0044729,-0.0065006,-17.9724425,-13.5083795,-0.0016074,-0.0109759,-8.9896124,-6.7532380,-0.0076632,-0.0048466
