# r[nm],d[nm],daligned[nm],UC(d)[kJ/mol],UK(d)[kJ/mol],UCl(d)[kJ/mol],UC2A(d)[kJ/mol],UC4A(d)[kJ/mol],UCPlus(d)[kJ/mol],UCMinus(d)[kJ/mol],UCMoreLJ(d)[kJ/mol],UCLessLJ(d)[kJ/mol]
0.7500000,0.0000000,-0.0253408,239306.8265375,153962.1722300,956360.9376819,15042.4649006,673568.1635384,239306.4036019,239307.2494732,282104.1728718,178418.3447425
0.7550000,0.0050000,-0.0203408,216882.8850936,139524.3118988,866860.6343439,13620.1842842,610528.6700828,216882.4053053,216883.3648820,255669.9605884,161699.8809490
0.7600000,0.0100000,-0.0153408,194158.9602245,124893.8904390,776156.8653573,12179.5631192,546641.7334180,194158.4239363,194159.4965128,228882.1162032,144757.7605763
0.7650000,0.0150000,-0.0103408,171807.2578093,110503.7985422,686931.6707009,10763.3409415,483796.4772487,171806.6654108,171807.8502079,202533.0620899,128093.1555385
0.7700000,0.0200000,-0.0053408,150378.2088356,96708.4754544,601381.5377817,9406.4791754,423540.0099444,150377.5607525,150378.8569187,177271.6676549,112116.4468812
0.7750000,0.0250000,-0.0003408,130288.8453051,83776.4258335,521170.9949676,8135.4251218,367044.7386075,130288.1419994,130289.5486108,153589.5464037,97138.5582856
0.7800000,0.0300000,0.0046592,111824.0328133,71891.0186776,447437.4750931,6968.1964011,315111.7966448,111823.2747825,111824.7908441,131822.5089539,83371.8750345
0.7850000,0.0350000,0.0096592,95147.5491524,61157.6284792,380835.4475668,5915.0932198,268202.1311661,95146.7369294,95148.3613755,112163.6229220,70938.5038100
0.7900000,0.0400000,0.0146592,80319.5926597,51614.9175466,321606.1992381,4979.8200415,226485.6565496,80318.7268120,80320.4585074,94683.8524438,59883.3262723
0.7950000,0.0450000,0.0196592,67317.4755006,43248.1690177,269660.3266348,4160.8093392,189899.3612645,67316.5566302,67318.3943711,79356.4522195,50189.4272088
0.8000000,0.0500000,0.0246592,56056.8095478,36002.9361217,224662.2039028,3452.5755173,158206.8059409,56055.8382901,56057.7808054,66081.9422501,41793.8899436
0.8050000,0.0550000,0.0296592,46411.2241464,29797.7446663,186108.6071077,2846.9739254,131053.5049177,46410.2011702,46412.2471227,54711.3519043,34602.4971769
0.8100000,0.0600000,0.0346592,38229.4001690,24535.0658125,153396.6459601,2334.2875421,108014.7758268,38228.3261751,38230.4741629,45066.3003229,28502.4309475
0.8150000,0.0650000,0.0396592,31348.8527975,20110.1937079,125878.7376959,1904.1053282,88634.4616734,31347.7285184,31349.9770766,36955.2440976,23372.5485672
0.8200000,0.0700000,0.0446592,25606.3911893,16417.9819028,102904.3344295,1560.7238458,72454.3221475,25605.2173884,25607.5649902,30185.8075309,19091.1809618
0.8250000,0.0750000,0.0496592,20845.5154433,13357.6065076,83849.4403668,1264.6733575,59034.8242495,20844.2929139,20846.7379726,24573.5024667,15541.6475765
0.8300000,0.0800000,0.0546592,16921.1977008,10835.6441109,68135.6989064,1021.4362337,47968.5861100,16919.9272653,16922.4681363,19947.3644377,12615.8209881
0.8350000,0.0850000,0.0596592,13702.5666067,8767.7990779,55241.1187062,822.6721605,38887.9314732,13701.2491155,13703.8840978,16153.1172124,10216.1283406
0.8400000,0.0900000,0.0646592,11074.0077965,7079.6105851,44704.4820294,661.0220954,31467.9941476,11072.6441273,11075.3714657,13054.4700918,8256.3718274
0.8450000,0.0950000,0.0696592,8935.1390695,5706.4349219,36125.2636847,530.1046776,25426.6602791,8933.7301261,8936.5480130,10533.0886426,6661.7101814
0.8500000,0.1000000,0.0746592,7200.0421836,4592.9491363,29160.5832454,424.4654537,20522.4210065,7198.5888948,7201.4954725,8487.6891071,5368.0859300
0.8550000,0.1050000,0.0796592,5796.0510700,3692.3691624,23520.3859261,339.4980657,16550.9775064,5794.5543886,5797.5477514,6832.6099037,4321.3219318
0.8600000,0.1100000,0.0846592,4662.3194031,2965.5260402,18961.7411792,271.3515963,13341.2246612,4660.7803049,4663.8585013,5496.1230229,3476.0534106
0.8650000,0.1150000,0.0896592,3748.3244305,2379.9012870,15282.8848739,216.8338691,10751.0541916,3746.7439128,3749.9049482,4418.6702838,2794.6124652
0.8700000,0.1200000,0.0946592,3012.4107336,1908.6881808,12317.4187138,173.3166908,8663.2686140,3010.7898145,3014.0316528,3551.1466625,2245.9423517
0.8750000,0.1250000,0.0996592,2420.4368888,1544.6554362,9928.9182727,138.6466853,6981.7830806,2418.7766054,2422.0971722,2853.3049239,1819.3244242
0.8800000,0.1300000,0.1046592,1944.5583567,1240.4190717,8006.0828314,111.0654262,5628.2089053,1942.8597644,1946.2569490,2292.3208450,1464.5269401
0.8850000,0.1350000,0.1096592,1576.8953310,996.1697896,6458.4782829,89.1419859,4538.8548744,1575.1595020,1578.6311601,1856.7824274,1179.4243730
0.8900000,0.1400000,0.1146592,1269.6692428,800.1366125,5212.8707181,71.7156570,3662.1446556,1267.8972649,1271.4412208,1494.1000121,950.3679315
0.8950000,0.1450000,0.1196592,1022.8381983,642.8201727,4210.1156864,57.8423652,2956.4256371,1021.0311735,1024.6452231,1203.1259991,766.3398072
0.9000000,0.1500000,0.1246592,824.4992907,516.5714620,3402.5504783,46.7508265,2388.1321054,822.6583342,826.3402472,969.3163987,618.4656321
0.9050000,0.1550000,0.1296592,665.0817868,415.2422347,2751.8293339,37.8292836,1930.2604246,663.2080253,666.9555483,781.3888593,499.6098199
0.9100000,0.1600000,0.1346592,536.9002282,333.8971869,2227.1406200,30.6270666,1575.8492176,534.9947991,538.8056565,630.2834643,404.0423711
0.9150000,0.1650000,0.1396592,433.7888591,268.5785404,1818.4840818,24.8183704,1278.0081646,431.8529109,435.7247779,508.7317841,327.1662593
0.9200000,0.1700000,0.1446592,350.8041545,216.1143930,1476.5399630,20.1357692,1037.4974987,348.8388762,352.7689410,410.9062357,265.2953426
0.9250000,0.1750000,0.1496592,283.9836633,173.9609486,1200.1227534,16.3317464,843.1067413,281.9905040,285.9722235,332.1359878,215.4736766
0.9300000,0.1800000,0.1546592,230.1507169,140.0554988,976.4607790,13.1859092,685.8436256,228.1322790,232.1419773,268.6773699,175.3281179
0.9350000,0.1850000,0.1596592,186.7556557,112.6304899,795.3068481,10.5292556,558.4936872,184.7176933,188.6814160,217.5281977,142.9461806
0.9400000,0.1900000,0.1646592,151.7445264,89.8650803,648.4359390,8.2547505,455.2664802,149.6972755,153.4450111,176.2762426,116.7738491
0.9450000,0.1950000,0.1696592,123.4494153,69.4810412,529.2422680,6.3023161,371.5118274,121.4014400,124.6698959,142.9727967,95.5423797
0.9500000,0.2000000,0.1746592,100.5084920,51.0595543,432.4146567,4.6309608,303.4921884,98.4472818,101.0187622,116.0300040,78.2376203
0.9550000,0.2050000,0.1796592,81.8290465,35.6002995,353.6597196,3.2019610,248.1985427,79.6982030,81.5789418,94.1554194,64.0843856
0.9600000,0.2100000,0.1846592,66.5692410,23.0287216,289.4002762,1.9792016,203.1982462,64.2428839,65.6853611,76.3262757,52.4944140
0.9650000,0.2150000,0.1896592,54.0875617,12.8859776,236.4458950,0.9345337,166.5106350,51.3152803,52.7605462,61.7610825,42.9916858
0.9700000,0.2200000,0.1946592,43.8679460,4.7174061,192.2609122,0.0484195,136.5186803,40.2899741,42.2724030,49.8535076,35.1690323
0.9750000,0.2250000,0.1996592,35.4727923,-1.8772394,155.5120675,-0.6932773,111.9199030,30.8341271,33.7250137,40.1035913,28.6848701
0.9800000,0.2300000,0.2046592,28.5359479,-7.2601896,125.2755222,-1.3026335,91.6884544,22.8372025,26.5645044,32.0877194,23.2731591
0.9850000,0.2350000,0.2096592,22.7702924,-11.7579409,100.5473899,-1.7919926,75.0158534,16.1776340,19.9657337,25.4598699,18.7417741
0.9900000,0.2400000,0.2146592,17.9649483,-15.6082521,80.3671744,-2.1750829,61.2460465,10.6632042,13.3849699,19.9558066,14.9524086
0.9950000,0.2450000,0.2196592,13.9653458,-18.9214216,63.8711048,-2.4666706,49.8378797,6.0816324,7.3062067,15.3818955,11.7945713
1.0000000,0.2500000,0.2246592,10.6480002,-21.7458590,49.4944575,-2.6811909,40.3545614,2.2527395,2.1614216,11.5910890,9.1683913
1.0050000,0.2550000,0.2296592,7.9032789,-24.2285884,33.8907459,-2.8313363,32.4566032,-0.9521990,-2.0327999,8.4604499,6.9799368
1.0100000,0.2600000,0.2346592,5.6295268,-26.9118008,19.4110636,-2.9274286,25.8825840,-3.6262601,-5.4044874,5.8787415,5.1449064
1.0150000,0.2650000,0.2396592,3.7354696,-30.3252377,7.4368212,-2.9777523,20.4233475,-5.8501294,-8.0976413,3.7439823,3.5942324
1.0200000,0.2700000,0.2446592,2.1455098,-33.8847280,-2.3669974,-2.9893492,15.9024155,-7.7000889,-10.2396976,1.9672387,2.2764373
1.0250000,0.2750000,0.2496592,0.8026608,-36.9588379,-10.3983355,-2.9686585,12.1658080,-9.2446004,-11.9364215,0.4774183,1.1554179
1.0300000,0.2800000,0.2546592,-0.3331050,-39.4215573,-16.9791897,-2.9217630,9.0773871,-10.5415716,-13.2736377,-0.7774124,0.2056308
1.0350000,0.2850000,0.2596592,-1.2896851,-41.3348029,-22.3666516,-2.8543411,6.5170871,-11.6389429,-14.3203108,-1.8331766,-0.5927363
1.0400000,0.2900000,0.2646592,-2.0881483,-42.7915457,-26.7684232,-2.7715176,4.3815584,-12.5749089,-15.1315400,-2.7152607,-1.2570850
1.0450000,0.2950000,0.2696592,-2.7466291,-43.8786594,-30.3538042,-2.6777408,2.5861508,-13.3770597,-15.7511801,-3.4436723,-1.8038732
1.0500000,0.3000000,0.2746592,-3.2822114,-44.6725675,-33.2613920,-2.5767340,1.0659392,-14.0629162,-16.2140861,-4.0363727,-2.2487010
1.0550000,0.3050000,0.2796592,-3.7111773,-45.2437075,-35.6048563,-2.4715147,-0.2259280,-14.6428151,-16.5479977,-4.5105367,-2.6057945
1.0600000,0.3100000,0.2846592,-4.0484661,-45.6635856,-37.4775197,-2.3644596,-1.3223639,-15.1235687,-16.7750765,-4.8823788,-2.8875286
1.0650000,0.3150000,0.2896592,-4.3071027,-46.0097563,-38.9560885,-2.2573931,-2.2474052,-15.5111333,-16.9131244,-5.1664736,-3.1043048
1.0700000,0.3200000,0.2946592,-4.4979987,-46.3604486,-40.1037121,-2.1516808,-3.0205560,-15.8118067,-16.9765319,-5.3752595,-3.2648012
1.0750000,0.3250000,0.2996592,-4.6301857,-46.7724188,-40.9724852,-2.0483211,-3.6594588,-16.0324316,-16.9770134,-5.5190112,-3.3764191
1.0800000,0.3300000,0.3046592,-4.7113062,-47.2548884,-41.6054871,-1.9480255,-4.1808318,-16.1802751,-16.9241797,-5.6062307,-3.4457141
1.0850000,0.3350000,0.3096592,-4.7481143,-47.7684427,-42.0384355,-1.8512873,-4.6002807,-16.2630851,-16.8259855,-5.6442160,-3.4786807
1.0900000,0.3400000,0.3146592,-4.7468211,-48.2525527,-42.3010276,-1.7584367,-4.9317566,-16.2896258,-16.6890860,-5.6395546,-3.4808791
1.0950000,0.3450000,0.3196592,-4.7132490,-48.6538593,-42.4180281,-1.6696827,-5.1872000,-16.2707792,-16.5191267,-5.5984132,-3.4574516
1.1000000,0.3500000,0.3246592,-4.6528457,-48.9375718,-42.4101542,-1.5851463,-5.3765720,-16.2209107,-16.3209951,-5.5266290,-3.4130920
1.1050000,0.3550000,0.3296592,-4.5706354,-49.0862300,-42.2948005,-1.5048864,-5.5082018,-16.1585588,-16.0990602,-5.4296773,-3.3520135
1.1100000,0.3600000,0.3346592,-4.4711635,-49.0946083,-42.0866336,-1.4289214,-5.5892569,-16.1049126,-15.8574256,-5.3125963,-3.2779329
1.1150000,0.3650000,0.3396592,-4.3584637,-48.9651141,-41.7980842,-1.3572430,-5.6261549,-16.0789690,-15.6002124,-5.1799233,-3.1940769
1.1200000,0.3700000,0.3446592,-4.2360550,-48.7046145,-41.4397534,-1.2898186,-5.6248262,-16.0906355,-15.3318675,-5.0356636,-3.1032036
1.1250000,0.3750000,0.3496592,-4.1069603,-48.3224435,-41.0207502,-1.2265843,-5.5908263,-16.1359971,-15.0574627,-4.8832935,-3.0076337
1.1300000,0.3800000,0.3546592,-3.9737375,-47.8291821,-40.5489702,-1.1674367,-5.5293459,-16.1985593,-14.7829218,-4.7257857,-2.9092853
1.1350000,0.3850000,0.3596592,-3.8385140,-47.2359088,-40.0313263,-1.1122365,-5.4451725,-16.2556633,-14.5151077,-4.5656448,-2.8097113
1.1400000,0.3900000,0.3646592,-3.7030222,-46.5538711,-39.4739401,-1.0608196,-5.3426471,-16.2856257,-14.2617110,-4.4049438,-2.7101374
1.1450000,0.3950000,0.3696592,-3.5686331,-45.7975946,-38.8823059,-1.0130062,-5.2256365,-16.2721247,-14.0308742,-4.2453568,-2.6115021
1.1500000,0.4000000,0.3746592,-3.4363928,-45.0221560,-38.2614597,-0.9685967,-5.0975310,-16.2053781,-13.8304993,-4.0881919,-2.5144977
1.1550000,0.4050000,0.3796592,-3.3070612,-44.4978630,-37.6162305,-0.9273575,-4.9612665,-16.0813614,-13.6674363,-3.9344242,-2.4196150
1.1600000,0.4100000,0.3846592,-3.1811562,-44.7729897,-36.9517542,-0.8890268,-4.8193633,-15.9003654,-13.5473795,-3.7847353,-2.3271888
1.1650000,0.4150000,0.3896592,-3.0590032,-45.7541843,-36.2745446,-0.8533636,-4.6739717,-15.6658335,-13.4766748,-3.6395588,-2.2374431
1.1700000,0.4200000,0.3946592,-2.9407882,-46.7360685,-35.5944641,-0.8201885,-4.5269153,-15.3848909,-13.4657919,-3.4991348,-2.1505308
1.1750000,0.4250000,0.3996592,-2.8266086,-47.4212497,-34.9277504,-0.7893652,-4.3797247,-15.0732361,-13.5306975,-3.3635689,-2.0665643
1.1800000,0.4300000,0.4046592,-2.7165156,-47.8822636,-34.3005784,-0.7607352,-4.2336608,-14.7644806,-13.6866231,-3.2328882,-1.9856356
1.1850000,0.4350000,0.4096592,-2.6105435,-48.2433149,-33.7508571,-0.7340683,-4.0897297,-14.5127306,-13.9347509,-3.1070865,-1.9078266
1.1900000,0.4400000,0.4146592,-2.5087255,-48.4845302,-33.3235061,-0.7090993,-3.9486971,-14.3722395,-14.2531452,-2.9861540,-1.8332112
1.1950000,0.4450000,0.4196592,-2.4110977,-48.4953693,-33.0585704,-0.6856033,-3.8111084,-14.3653645,-14.6031068,-2.8700911,-1.7618522
1.2000000,0.4500000,0.4246592,-2.3176949,-48.2071321,-32.9928513,-0.6634034,-3.6773194,-14.4734811,-14.9494706,-2.7589084,-1.6937992
1.2050000,0.4550000,0.4296592,-2.2285467,-47.6196739,-33.2006364,-0.6423392,-3.5475377,-14.6501738,-15.2867801,-2.6526209,-1.6290872
1.2100000,0.4600000,0.4346592,-2.1436745,-46.7712185,-33.8007189,-0.6222982,-3.4218701,-14.8349040,-15.6567188,-2.5512426,-1.5677319
1.2150000,0.4650000,0.4396592,-2.0630860,-45.7120659,-34.7985824,-0.6032501,-3.3003676,-14.9683323,-16.1291516,-2.4547832,-1.5097164
1.2200000,0.4700000,0.4446592,-1.9867606,-44.4915910,-35.9858387,-0.5851410,-3.1830596,-15.0080910,-16.8308486,-2.3632376,-1.4549789
1.2250000,0.4750000,0.4496592,-1.9146301,-43.1533862,-37.1201252,-0.5677527,-3.0699735,-14.9348056,-18.3282041,-2.2765656,-1.4034076
1.2300000,0.4800000,0.4546592,-1.8465672,-41.7343648,-38.0694763,-0.5507213,-2.9611421,-14.7480611,-20.9704193,-2.1946693,-1.3548471
1.2350000,0.4850000,0.4596592,-1.7823871,-40.2655443,-38.8148012,-0.5336882,-2.8566034,-14.4590171,-23.6792530,-2.1173827,-1.3091074
1.2400000,0.4900000,0.4646592,-1.7218560,-38.7726892,-39.4450442,-0.5164299,-2.7563984,-14.0842947,-25.7921182,-2.0444750,-1.2659716
1.2450000,0.4950000,0.4696592,-1.6646992,-37.2759167,-40.2650464,-0.4988924,-2.6605640,-13.6423349,-27.4012423,-1.9756584,-1.2252106
1.2500000,0.5000000,0.4746592,-1.6106170,-35.7892832,-42.9017579,-0.4811542,-2.5691183,-13.1515555,-29.1138219,-1.9105985,-1.1866058
1.2550000,0.5050000,0.4796592,-1.5593157,-34.3216690,-47.7703891,-0.4633655,-2.4820415,-12.6290277,-31.2752738,-1.8489392,-1.1499680
1.2600000,0.5100000,0.4846592,-1.5105365,-32.8786993,-52.0080223,-0.4456963,-2.3992590,-12.0891146,-33.2217644,-1.7903435,-1.1151443
1.2650000,0.5150000,0.4896592,-1.4640700,-31.4645241,-55.0343580,-0.4283042,-2.3206335,-11.5426220,-34.4967100,-1.7345248,-1.0820130
1.2700000,0.5200000,0.4946592,-1.4197520,-30.0827836,-57.1559308,-0.4113185,-2.2459667,-10.9970000,-35.0950776,-1.6812582,-1.0504536
1.2750000,0.5250000,0.4996592,-1.3774308,-28.7368599,-59.3294411,-0.3948356,-2.1750122,-10.4572964,-35.1439912,-1.6303645,-1.0203005
1.2800000,0.5300000,0.5046592,-1.3369100,-27.4297918,-62.2208280,-0.3789218,-2.1074987,-9.9271811,-34.7766101,-1.5816586,-0.9913146
1.2850000,0.5350000,0.5096592,-1.2979099,-26.1641356,-64.7292848,-0.3636175,-2.0431604,-9.4096428,-34.1045478,-1.5348849,-0.9632039
1.2900000,0.5400000,0.5146592,-1.2600862,-24.9418915,-66.2594917,-0.3489429,-1.9817605,-8.9073247,-33.2157435,-1.4896960,-0.9356795
1.2950000,0.5450000,0.5196592,-1.2230936,-23.7645097,-66.8745361,-0.3349027,-1.9230967,-8.4226099,-32.1778807,-1.4456979,-0.9085105
1.3000000,0.5500000,0.5246592,-1.1866541,-22.6329484,-66.7616805,-0.3214906,-1.8669803,-7.9575806,-31.0424568,-1.4025295,-0.8815546
1.3050000,0.5550000,0.5296592,-1.1505957,-21.5477560,-66.0956179,-0.3086924,-1.8131939,-7.5139356,-29.8483506,-1.3599300,-0.8547593
1.3100000,0.5600000,0.5346592,-1.1148562,-20.5091534,-65.0186934,-0.2964890,-1.7614587,-7.0929211,-28.6247042,-1.3177654,-0.8281442
1.3150000,0.5650000,0.5396592,-1.0794619,-19.5171045,-63.6429525,-0.2848577,-1.7114369,-6.6952987,-27.3931837,-1.2760183,-0.8017757
1.3200000,0.5700000,0.5446592,-1.0444961,-18.5713696,-62.0555486,-0.2737741,-1.6627734,-6.3213535,-26.1697319,-1.2347567,-0.7757441
1.3250000,0.5750000,0.5496592,-1.0100702,-17.6715401,-60.3238956,-0.2632130,-1.6151504,-5.9709359,-24.9659216,-1.1940973,-0.7501447
1.3300000,0.5800000,0.5546592,-0.9763012,-16.8170575,-58.4999327,-0.2531490,-1.5683298,-5.6435254,-23.7899989,-1.1541748,-0.7250668
1.3350000,0.5850000,0.5596592,-0.9432961,-16.0072189,-56.6235123,-0.2435570,-1.5221709,-5.3383052,-22.6476877,-1.1151199,-0.7005864
1.3400000,0.5900000,0.5646592,-0.9111450,-15.2411745,-54.7250545,-0.2344126,-1.4766240,-5.0542377,-21.5428093,-1.0770463,-0.6767638
1.3450000,0.5950000,0.5696592,-0.8799172,-14.5179206,-52.8276178,-0.2256925,-1.4317106,-4.7901357,-20.4777600,-1.0400443,-0.6536436
1.3500000,0.6000000,0.5746592,-0.8496617,-13.8362926,-50.9485146,-0.2173740,-1.3874986,-4.5447248,-19.4538784,-1.0041799,-0.6312556
1.3550000,0.6050000,0.5796592,-0.8204091,-13.1949626,-49.1005713,-0.2094358,-1.3440794,-4.3166948,-18.4717267,-0.9694956,-0.6096168
1.3600000,0.6100000,0.5846592,-0.7921738,-12.5924428,-47.2931149,-0.2018576,-1.3015503,-4.1047404,-17.5313066,-0.9360141,-0.5887338
1.3650000,0.6150000,0.5896592,-0.7649575,-12.0270976,-45.5327466,-0.1946201,-1.2600021,-3.9075918,-16.6322219,-0.9037408,-0.5686043
1.3700000,0.6200000,0.5946592,-0.7387512,-11.4971628,-43.8239495,-0.1877053,-1.2195125,-3.7240361,-15.7738022,-0.8726681,-0.5492197
1.3750000,0.6250000,0.5996592,-0.7135381,-11.0007732,-42.1695671,-0.1810960,-1.1801423,-3.5529312,-14.9551938,-0.8427776,-0.5305661
1.3800000,0.6300000,0.6046592,-0.6892954,-10.5359931,-40.5711807,-0.1747761,-1.1419354,-3.3932139,-14.1754268,-0.8140435,-0.5126257
1.3850000,0.6350000,0.6096592,-0.6659963,-10.1008508,-39.0294073,-0.1687304,-1.1049193,-3.2439029,-13.4334623,-0.7864340,-0.4953782
1.3900000,0.6400000,0.6146592,-0.6436108,-9.6933723,-37.5441343,-0.1629448,-1.0691070,-3.1040990,-12.7282248,-0.7599138,-0.4788015
1.3950000,0.6450000,0.6196592,-0.6221071,-9.3116120,-36.1147047,-0.1574057,-1.0344994,-2.9729825,-12.0586233,-0.7344451,-0.4628723
1.4000000,0.6500000,0.6246592,-0.6014526,-8.9536800,-34.7400626,-0.1521005,-1.0010872,-2.8498092,-11.4235629,-0.7099886,-0.4475667
1.4050000,0.6550000,0.6296592,-0.5816141,-8.6177645,-33.4188674,-0.1470174,-0.9688532,-2.7339056,-10.8219506,-0.6865045,-0.4328607
1.4100000,0.6600000,0.6346592,-0.5625588,-8.3021476,-32.1495823,-0.1421451,-0.9377737,-2.6246634,-10.2526959,-0.6639532,-0.4187303
1.4150000,0.6650000,0.6396592,-0.5442540,-8.0052169,-30.9305441,-0.1374732,-0.9078207,-2.5215337,-9.7147087,-0.6422955,-0.4051519
1.4200000,0.6700000,0.6446592,-0.5266679,-7.7254717,-29.7600159,-0.1329916,-0.8789627,-2.4240218,-9.2068957,-0.6214931,-0.3921024
1.4250000,0.6750000,0.6496592,-0.5097696,-7.4615255,-28.6362276,-0.1286911,-0.8511658,-2.3316820,-8.7281560,-0.6015089,-0.3795596
1.4300000,0.6800000,0.6546592,-0.4935293,-7.2121043,-27.5574071,-0.1245629,-0.8243949,-2.2441124,-8.2773777,-0.5823068,-0.3675015
1.4350000,0.6850000,0.6596592,-0.4779181,-6.9760435,-26.5218022,-0.1205986,-0.7986141,-2.1609504,-7.8534351,-0.5638523,-0.3559074
1.4400000,0.6900000,0.6646592,-0.4629083,-6.7522821,-25.5276980,-0.1167904,-0.7737871,-2.0818688,-7.4551884,-0.5461122,-0.3447571
1.4450000,0.6950000,0.6696592,-0.4484735,-6.5398566,-24.5734283,-0.1131310,-0.7498779,-2.0065718,-7.0814837,-0.5290545,-0.3340313
1.4500000,0.7000000,0.6746592,-0.4345882,-6.3378935,-23.6573833,-0.1096132,-0.7268510,-1.9347917,-6.7311570,-0.5126491,-0.3237115
1.4550000,0.7050000,0.6796592,-0.4212283,-6.1456017,-22.7780151,-0.1062306,-0.7046717,-1.8662858,-6.4030375,-0.4968667,-0.3137801
1.4600000,0.7100000,0.6846592,-0.4083706,-5.9622657,-21.9338404,-0.1029769,-0.6833062,-1.8008339,-6.0959544,-0.4816797,-0.3042201
1.4650000,0.7150000,0.6896592,-0.3959930,-5.7872379,-21.1234414,-0.0998461,-0.6627214,-1.7382356,-5.8087427,-0.4670619,-0.2950154
1.4700000,0.7200000,0.6946592,-0.3840746,-5.6199321,-20.3454659,-0.0968328,-0.6428857,-1.6783083,-5.5402513,-0.4529881,-0.2861506
1.4750000,0.7250000,0.6996592,-0.3725954,-5.4598174,-19.5986259,-0.0939315,-0.6237684,-1.6208855,-5.2893495,-0.4394344,-0.2776112
1.4800000,0.7300000,0.7046592,-0.3615363,-5.3064121,-18.8816959,-0.0911374,-0.6053400,-1.5658150,-5.0549346,-0.4263782,-0.2693830
1.4850000,0.7350000,0.7096592,-0.3508792,-5.1592789,-18.1935101,-0.0884457,-0.5875723,-1.5129570,-4.8359378,-0.4137978,-0.2614529
1.4900000,0.7400000,0.7146592,-0.3406068,-5.0180199,-17.5329602,-0.0858518,-0.5704379,-1.4621836,-4.6313296,-0.4016728,-0.2538080
1.4950000,0.7450000,0.7196592,-0.3307028,-4.8822723,-16.8989916,-0.0833515,-0.5539110,-1.4133769,-4.4401246,-0.3899834,-0.2464364
1.5000000,0.7500000,0.7246592,-0.3211515,-4.7517050,-16.2906009,-0.0809408,-0.5379665,-1.3664285,-4.2613846,-0.3787113,-0.2393266
1.5050000,0.7550000,0.7296592,-0.3119380,-4.6260150,-15.7068320,-0.0786158,-0.5225807,-1.3212382,-4.0942211,-0.3678386,-0.2324675
1.5100000,0.7600000,0.7346592,-0.3030481,-4.5049244,-15.1467731,-0.0763729,-0.5077307,-1.2777135,-3.9377964,-0.3573487,-0.2258487
1.5150000,0.7650000,0.7396592,-0.2944685,-4.3881779,-14.6095530,-0.0742086,-0.4933948,-1.2357686,-3.7913242,-0.3472254,-0.2194604
1.5200000,0.7700000,0.7446592,-0.2861862,-4.2755406,-14.0943384,-0.0721196,-0.4795521,-1.1953239,-3.6540692,-0.3374535,-0.2132929
1.5250000,0.7750000,0.7496592,-0.2781891,-4.1667954,-13.6003301,-0.0701028,-0.4661828,-1.1563055,-3.5253462,-0.3280185,-0.2073373
1.5300000,0.7800000,0.7546592,-0.2704654,-4.0617418,-13.1267607,-0.0681552,-0.4532678,-1.1186446,-3.4045183,-0.3189067,-0.2015849
1.5350000,0.7850000,0.7596592,-0.2630041,-3.9601941,-12.6728909,-0.0662740,-0.4407891,-1.0822770,-3.2909950,-0.3101048,-0.1960276
1.5400000,0.7900000,0.7646592,-0.2557946,-3.8619797,-12.2380076,-0.0644564,-0.4287292,-1.0471427,-3.1842304,-0.3016003,-0.1906575
1.5450000,0.7950000,0.7696592,-0.2488268,-3.7669384,-11.8214211,-0.0626999,-0.4170717,-1.0131858,-3.0837202,-0.2933813,-0.1854671
1.5500000,0.8000000,0.7746592,-0.2420911,-3.6749205,-11.4224631,-0.0610020,-0.4058006,-0.9803537,-2.9889996,-0.2854364,-0.1804493
1.5550000,0.8050000,0.7796592,-0.2355783,-3.5857867,-11.0404845,-0.0593605,-0.3949009,-0.9485973,-2.8996405,-0.2777546,-0.1755974
1.5600000,0.8100000,0.7846592,-0.2292796,-3.4994065,-10.6748540,-0.0577731,-0.3843582,-0.9178702,-2.8152491,-0.2703257,-0.1709048
1.5650000,0.8150000,0.7896592,-0.2231867,-3.4156580,-10.3249567,-0.0562376,-0.3741586,-0.8881291,-2.7354631,-0.2631397,-0.1663653
1.5700000,0.8200000,0.7946592,-0.2172917,-3.3344265,-9.9901928,-0.0547520,-0.3642890,-0.8593329,-2.6599500,-0.2561872,-0.1619729
1.5750000,0.8250000,0.7996592,-0.2115868,-3.2556046,-9.6699767,-0.0533144,-0.3547367,-0.8314432,-2.5884038,-0.2494592,-0.1577222
1.5800000,0.8300000,0.8046592,-0.2060648,-3.1790912,-9.3637365,-0.0519230,-0.3454897,-0.8044234,-2.5205439,-0.2429470,-0.1536075
1.5850000,0.8350000,0.8096592,-0.2007187,-3.1047912,-9.0709135,-0.0505760,-0.3365364,-0.7782392,-2.4561121,-0.2366425,-0.1496239
1.5900000,0.8400000,0.8146592,-0.1955420,-3.0326147,-8.7909621,-0.0492717,-0.3278659,-0.7528580,-2.3948713,-0.2305377,-0.1457662
1.5950000,0.8450000,0.8196592,-0.1905281,-2.9624771,-8.5233492,-0.0480085,-0.3194675,-0.7282489,-2.3366037,-0.2246252,-0.1420299
1.6000000,0.8500000,0.8246592,-0.1856711,-2.8942985,-8.2675551,-0.0467848,-0.3113312,-0.7043829,-2.2811087,-0.2188977,-0.1384103
1.6050000,0.8550000,0.8296592,-0.1809651,-2.8280031,-8.0230728,-0.0455992,-0.3034473,-0.6812320,-2.2282021,-0.2133485,-0.1349032
1.6100000,0.8600000,0.8346592,-0.1764046,-2.7635193,-7.7894087,-0.0444503,-0.2958065,-0.6587700,-2.1777140,-0.2079708,-0.1315044
1.6150000,0.8650000,0.8396592,-0.1719842,-2.7007792,-7.5660828,-0.0433367,-0.2884000,-0.6369719,-2.1294882,-0.2027585,-0.1282100
1.6200000,0.8700000,0.8446592,-0.1676988,-2.6397185,-7.3526292,-0.0422571,-0.2812192,-0.6158138,-2.0833805,-0.1977054,-0.1250161
1.6250000,0.8750000,0.8496592,-0.1635435,-2.5802760,-7.1485959,-0.0412104,-0.2742561,-0.5952729,-2.0392580,-0.1928058,-0.1219191
1.6300000,0.8800000,0.8546592,-0.1595137,-2.5223938,-6.9535455,-0.0401952,-0.2675028,-0.5753278,-1.9969978,-0.1880542,-0.1189156
1.6350000,0.8850000,0.8596592,-0.1556048,-2.4660165,-6.7670553,-0.0392106,-0.2609518,-0.5559577,-1.9564866,-0.1834453,-0.1160022
1.6400000,0.8900000,0.8646592,-0.1518126,-2.4110916,-6.5887175,-0.0382553,-0.2545960,-0.5371430,-1.9176194,-0.1789740,-0.1131756
1.6450000,0.8950000,0.8696592,-0.1481329,-2.3575692,-6.4181394,-0.0373284,-0.2484285,-0.5188649,-1.8802992,-0.1746354,-0.1104329
1.6500000,0.9000000,0.8746592,-0.1445618,-2.3054017,-6.2549434,-0.0364288,-0.2424427,-0.5011053,-1.8444360,-0.1704248,-0.1077711
1.6550000,0.9050000,0.8796592,-0.1410954,-2.2545434,-6.0987671,-0.0355557,-0.2366323,-0.4838470,-1.8099462,-0.1663378,-0.1051874
1.6600000,0.9100000,0.8846592,-0.1377302,-2.2049512,-5.9492629,-0.0347080,-0.2309912,-0.4670736,-1.7767526,-0.1623701,-0.1026790
1.6650000,0.9150000,0.8896592,-0.1344626,-2.1565836,-5.8060986,-0.0338849,-0.2255136,-0.4507694,-1.7447832,-0.1585176,-0.1002433
1.6700000,0.9200000,0.8946592,-0.1312893,-2.1094011,-5.6689563,-0.0330856,-0.2201938,-0.4349191,-1.7139710,-0.1547762,-0.0978779
1.6750000,0.9250000,0.8996592,-0.1282071,-2.0633658,-5.5375329,-0.0323092,-0.2150265,-0.4195082,-1.6842537,-0.1511422,-0.0955804
1.6800000,0.9300000,0.9046592,-0.1252128,-2.0184417,-5.4115395,-0.0315550,-0.2100065,-0.4045230,-1.6555734,-0.1476120,-0.0933484
1.6850000,0.9350000,0.9096592,-0.1223036,-1.9745941,-5.2907009,-0.0308222,-0.2051289,-0.3899499,-1.6278760,-0.1441820,-0.0911797
1.6900000,0.9400000,0.9146592,-0.1194764,-1.9317899,-5.1747556,-0.0301101,-0.2003888,-0.3757761,-1.6011109,-0.1408489,-0.0890723
1.6950000,0.9450000,0.9196592,-0.1167287,-1.8899973,-5.0634550,-0.0294179,-0.1957818,-0.3619893,-1.5752310,-0.1376095,-0.0870241
1.7000000,0.9500000,0.9246592,-0.1140578,-1.8491859,-4.9565633,-0.0287451,-0.1913033,-0.3485777,-1.5501922,-0.1344605,-0.0850330
1.7050000,0.9550000,0.9296592,-0.1114611,-1.8093266,-4.8538568,-0.0280910,-0.1869492,-0.3355298,-1.5259531,-0.1313991,-0.0830973
1.7100000,0.9600000,0.9346592,-0.1089361,-1.7703913,-4.7551235,-0.0274550,-0.1827154,-0.3228346,-1.5024752,-0.1284223,-0.0812151
1.7150000,0.9650000,0.9396592,-0.1064807,-1.7323531,-4.6601627,-0.0268365,-0.1785979,-0.3104815,-1.4797221,-0.1255274,-0.0793846
1.7200000,0.9700000,0.9446592,-0.1040924,-1.6951861,-4.5687844,-0.0262349,-0.1745930,-0.2984604,-1.4576597,-0.1227117,-0.0776042
1.7250000,0.9750000,0.9496592,-0.1017691,-1.6588657,-4.4808088,-0.0256497,-0.1706970,-0.2867614,-1.4362563,-0.1199727,-0.0758722
1.7300000,0.9800000,0.9546592,-0.0995087,-1.6233678,-4.3960660,-0.0250803,-0.1669065,-0.2753750,-1.4154817,-0.1173079,-0.0741872
1.7350000,0.9850000,0.9596592,-0.0973092,-1.5886695,-4.3143953,-0.0245262,-0.1632180,-0.2642921,-1.3953076,-0.1147149,-0.0725475
1.7400000,0.9900000,0.9646592,-0.0951687,-1.5547487,-4.2356449,-0.0239870,-0.1596284,-0.2535038,-1.3757076,-0.1121914,-0.0709518
1.7450000,0.9950000,0.9696592,-0.0930853,-1.5215840,-4.1596714,-0.0234622,-0.1561344,-0.2430018,-1.3566564,-0.1097352,-0.0693987
1.7500000,1.0000000,0.9746592,-0.0910572,-1.4891551,-4.0863392,-0.0229513,-0.1527332,-0.2327776,-1.3381306,-0.1073442,-0.0678867
1.7550000,1.0050000,0.9796592,-0.0890827,-1.4574421,-4.0155204,-0.0224539,-0.1494217,-0.2228235,-1.3201077,-0.1050164,-0.0664147
1.7600000,1.0100000,0.9846592,-0.0871601,-1.4264259,-3.9470942,-0.0219696,-0.1461972,-0.2131317,-1.3025667,-0.1027498,-0.0649814
1.7650000,1.0150000,0.9896592,-0.0852877,-1.3960882,-3.8809463,-0.0214979,-0.1430570,-0.2036948,-1.2854878,-0.1005425,-0.0635856
1.7700000,1.0200000,0.9946592,-0.0834641,-1.3664111,-3.8169690,-0.0210385,-0.1399985,-0.1945057,-1.2688520,-0.0983926,-0.0622260
1.7750000,1.0250000,0.9996592,-0.0816877,-1.3373776,-3.7550604,-0.0205910,-0.1370192,-0.1855574,-1.2526416,-0.0962984,-0.0609017
1.7800000,1.0300000,1.0046592,-0.0799571,-1.3089711,-3.6951243,-0.0201550,-0.1341166,-0.1768432,-1.2368398,-0.0942582,-0.0596116
1.7850000,1.0350000,1.0096592,-0.0782709,-1.2811755,-3.6370699,-0.0197302,-0.1312885,-0.1683566,-1.2214305,-0.0922704,-0.0583545
1.7900000,1.0400000,1.0146592,-0.0766278,-1.2539755,-3.5808112,-0.0193163,-0.1285326,-0.1600913,-1.2063985,-0.0903333,-0.0571295
1.7950000,1.0450000,1.0196592,-0.0750264,-1.2273560,-3.5262671,-0.0189128,-0.1258467,-0.1520413,-1.1917295,-0.0884454,-0.0559357
1.8000000,1.0500000,1.0246592,-0.0734655,-1.2013025,-3.4733608,-0.0185196,-0.1232286,-0.1442007,-1.1774098,-0.0866053,-0.0547720
1.8050000,1.0550000,1.0296592,-0.0719439,-1.1758011,-3.4220198,-0.0181362,-0.1206765,-0.1365637,-1.1634265,-0.0848115,-0.0536376
1.8100000,1.0600000,1.0346592,-0.0704605,-1.1508382,-3.3721754,-0.0177625,-0.1181883,-0.1291249,-1.1497671,-0.0830627,-0.0525317
1.8150000,1.0650000,1.0396592,-0.0690140,-1.1264005,-3.3237627,-0.0173981,-0.1157622,-0.1218789,-1.1364200,-0.0813575,-0.0514533
1.8200000,1.0700000,1.0446592,-0.0676035,-1.1024755,-3.2767202,-0.0170427,-0.1133963,-0.1148205,-1.1233739,-0.0796947,-0.0504018
1.8250000,1.0750000,1.0496592,-0.0662279,-1.0790507,-3.2309897,-0.0166961,-0.1110888,-0.1079446,-1.1106183,-0.0780729,-0.0493762
1.8300000,1.0800000,1.0546592,-0.0648860,-1.0561141,-3.1865161,-0.0163580,-0.1088381,-0.1012464,-1.0981429,-0.0764911,-0.0483758
1.8350000,1.0850000,1.0596592,-0.0635771,-1.0336542,-3.1432472,-0.0160282,-0.1066425,-0.0947212,-1.0859382,-0.0749480,-0.0473999
1.8400000,1.0900000,1.0646592,-0.0623000,-1.0116596,-3.1011334,-0.0157065,-0.1045005,-0.0883644,-1.0739948,-0.0734425,-0.0464479
1.8450000,1.0950000,1.0696592,-0.0610540,-0.9901194,-3.0601277,-0.0153925,-0.1024104,-0.0821715,-1.0623040,-0.0719736,-0.0455189
1.8500000,1.1000000,1.0746592,-0.0598381,-0.9690231,-3.0201858,-0.0150861,-0.1003709,-0.0761382,-1.0508574,-0.0705402,-0.0446124
1.8550000,1.1050000,1.0796592,-0.0586514,-0.9483602,-2.9812652,-0.0147871,-0.0983804,-0.0702604,-1.0396468,-0.0691413,-0.0437277
1.8600000,1.1100000,1.0846592,-0.0574932,-0.9281208,-2.9433258,-0.0144953,-0.0964375,-0.0645339,-1.0286648,-0.0677759,-0.0428642
1.8650000,1.1150000,1.0896592,-0.0563626,-0.9082951,-2.9063296,-0.0142104,-0.0945410,-0.0589547,-1.0179038,-0.0664430,-0.0420213
1.8700000,1.1200000,1.0946592,-0.0552588,-0.8888736,-2.8702403,-0.0139323,-0.0926896,-0.0535192,-1.0073568,-0.0651418,-0.0411984
1.8750000,1.1250000,1.0996592,-0.0541812,-0.8698471,-2.8350236,-0.0136608,-0.0908819,-0.0482235,-0.9970172,-0.0638714,-0.0403950
1.8800000,1.1300000,1.1046592,-0.0531289,-0.8512068,-2.8006465,-0.0133956,-0.0891167,-0.0430640,-0.9868785,-0.0626309,-0.0396104
1.8850000,1.1350000,1.1096592,-0.0521012,-0.8329438,-2.7670781,-0.0131366,-0.0873929,-0.0380372,-0.9769344,-0.0614195,-0.0388443
1.8900000,1.1400000,1.1146592,-0.0510976,-0.8150497,-2.7342886,-0.0128837,-0.0857094,-0.0331398,-0.9671791,-0.0602363,-0.0380961
1.8950000,1.1450000,1.1196592,-0.0501173,-0.7975162,-2.7022498,-0.0126367,-0.0840650,-0.0283683,-0.9576070,-0.0590807,-0.0373652
1.9000000,1.1500000,1.1246592,-0.0491597,-0.7803352,-2.6709349,-0.0123954,-0.0824586,-0.0237196,-0.9482124,-0.0579518,-0.0366513
1.9050000,1.1550000,1.1296592,-0.0482241,-0.7634991,-2.6403180,-0.0121596,-0.0808893,-0.0191905,-0.9389902,-0.0568489,-0.0359538
1.9100000,1.1600000,1.1346592,-0.0473101,-0.7470001,-2.6103749,-0.0119293,-0.0793560,-0.0147780,-0.9299355,-0.0557713,-0.0352723
1.9150000,1.1650000,1.1396592,-0.0464169,-0.7308308,-2.5810821,-0.0117042,-0.0778577,-0.0104791,-0.9210432,-0.0547184,-0.0346064
1.9200000,1.1700000,1.1446592,-0.0455440,-0.7149841,-2.5524174,-0.0114842,-0.0763936,-0.0062910,-0.9123089,-0.0536894,-0.0339556
1.9250000,1.1750000,1.1496592,-0.0446910,-0.6994527,-2.5243596,-0.0112693,-0.0749626,-0.0022109,-0.9037280,-0.0526838,-0.0333197
1.9300000,1.1800000,1.1546592,-0.0438572,-0.6842299,-2.4968883,-0.0110591,-0.0735639,0.0017641,-0.8952963,-0.0517009,-0.0326980
1.9350000,1.1850000,1.1596592,-0.0430421,-0.6693090,-2.4699841,-0.0108537,-0.0721967,0.0056364,-0.8870096,-0.0507401,-0.0320904
1.9400000,1.1900000,1.1646592,-0.0422454,-0.6546834,-2.4436285,-0.0106529,-0.0708601,0.0094087,-0.8788639,-0.0498007,-0.0314963
1.9450000,1.1950000,1.1696592,-0.0414663,-0.6403468,-2.4178037,-0.0104566,-0.0695533,0.0130834,-0.8708555,-0.0488824,-0.0309155
1.9500000,1.2000000,1.1746592,-0.0407046,-0.6262929,-2.3924927,-0.0102646,-0.0682756,0.0166631,-0.8629806,-0.0479844,-0.0303476
1.9550000,1.2050000,1.1796592,-0.0399598,-0.6125156,-2.3676793,-0.0100769,-0.0670261,0.0201501,-0.8552357,-0.0471064,-0.0297923
1.9600000,1.2100000,1.1846592,-0.0392313,-0.5990092,-2.3433479,-0.0098933,-0.0658041,0.0235466,-0.8476174,-0.0462476,-0.0292492
1.9650000,1.2150000,1.1896592,-0.0385188,-0.5857677,-2.3194837,-0.0097137,-0.0646090,0.0268550,-0.8401223,-0.0454077,-0.0287180
1.9700000,1.2200000,1.1946592,-0.0378220,-0.5727855,-2.2960722,-0.0095381,-0.0634400,0.0300774,-0.8327473,-0.0445862,-0.0281985
1.9750000,1.2250000,1.1996592,-0.0371403,-0.5600572,-2.2730998,-0.0093663,-0.0622965,0.0332159,-0.8254893,-0.0437826,-0.0276902
1.9800000,1.2300000,1.2046592,-0.0364734,-0.5475774,-2.2505533,-0.0091982,-0.0611777,0.0362726,-0.8183454,-0.0429964,-0.0271930
1.9850000,1.2350000,1.2096592,-0.0358209,-0.5353408,-2.2284202,-0.0090337,-0.0600832,0.0392495,-0.8113126,-0.0422272,-0.0267065
1.9900000,1.2400000,1.2146592,-0.0351824,-0.5233424,-2.2066883,-0.0088728,-0.0590122,0.0421486,-0.8043883,-0.0414746,-0.0262305
1.9950000,1.2450000,1.2196592,-0.0345577,-0.5115770,-2.1853460,-0.0087153,-0.0579642,0.0449718,-0.7975696,-0.0407381,-0.0257648
2.0000000,1.2500000,1.2246592,-0.0339462,-0.5000399,-2.1643820,-0.0085612,-0.0569386,0.0477209,-0.7908542,-0.0400173,-0.0253089
2.0050000,1.2550000,1.2296592,-0.0333478,-0.4887262,-2.1437857,-0.0084104,-0.0559348,0.0503978,-0.7842394,-0.0393119,-0.0248628
2.0100000,1.2600000,1.2346592,-0.0327621,-0.4776313,-2.1235468,-0.0082627,-0.0549522,0.0530041,-0.7777229,-0.0386214,-0.0244261
2.0150000,1.2650000,1.2396592,-0.0321888,-0.4667506,-2.1036553,-0.0081182,-0.0539905,0.0555417,-0.7713022,-0.0379455,-0.0239986
2.0200000,1.2700000,1.2446592,-0.0316275,-0.4560797,-2.0841015,-0.0079767,-0.0530489,0.0580122,-0.7649753,-0.0372839,-0.0235802
2.0250000,1.2750000,1.2496592,-0.0310780,-0.4456143,-2.0648765,-0.0078382,-0.0521271,0.0604171,-0.7587398,-0.0366361,-0.0231705
2.0300000,1.2800000,1.2546592,-0.0305400,-0.4353501,-2.0459712,-0.0077026,-0.0512246,0.0627582,-0.7525937,-0.0360018,-0.0227693
2.0350000,1.2850000,1.2596592,-0.0300131,-0.4252828,-2.0273772,-0.0075698,-0.0503408,0.0650369,-0.7465349,-0.0353807,-0.0223766
2.0400000,1.2900000,1.2646592,-0.0294972,-0.4154086,-2.0090862,-0.0074397,-0.0494754,0.0672548,-0.7405614,-0.0347726,-0.0219919
2.0450000,1.2950000,1.2696592,-0.0289919,-0.4057234,-1.9910904,-0.0073123,-0.0486278,0.0694132,-0.7346714,-0.0341769,-0.0216152
2.0500000,1.3000000,1.2746592,-0.0284971,-0.3962233,-1.9733820,-0.0071876,-0.0477977,0.0715137,-0.7288628,-0.0335936,-0.0212463
2.0550000,1.3050000,1.2796592,-0.0280123,-0.3869045,-1.9559537,-0.0070654,-0.0469846,0.0735577,-0.7231341,-0.0330221,-0.0208849
2.0600000,1.3100000,1.2846592,-0.0275375,-0.3777634,-1.9387984,-0.0069457,-0.0461881,0.0755464,-0.7174833,-0.0324624,-0.0205309
2.0650000,1.3150000,1.2896592,-0.0270724,-0.3687963,-1.9219093,-0.0068284,-0.0454079,0.0774812,-0.7119088,-0.0319141,-0.0201841
2.0700000,1.3200000,1.2946592,-0.0266167,-0.3599996,-1.9052797,-0.0067136,-0.0446434,0.0793634,-0.7064090,-0.0313768,-0.0198443
2.0750000,1.3250000,1.2996592,-0.0261702,-0.3513699,-1.8889033,-0.0066010,-0.0438944,0.0811943,-0.7009822,-0.0308505,-0.0195114
2.0800000,1.3300000,1.3046592,-0.0257326,-0.3429038,-1.8727737,-0.0064907,-0.0431605,0.0829750,-0.6956270,-0.0303347,-0.0191852
2.0850000,1.3350000,1.3096592,-0.0253039,-0.3345980,-1.8568852,-0.0063826,-0.0424413,0.0847068,-0.6903417,-0.0298293,-0.0188656
2.0900000,1.3400000,1.3146592,-0.0248838,-0.3264493,-1.8412319,-0.0062767,-0.0417365,0.0863908,-0.6851250,-0.0293340,-0.0185523
2.0950000,1.3450000,1.3196592,-0.0244720,-0.3184544,-1.8258082,-0.0061729,-0.0410458,0.0880282,-0.6799754,-0.0288486,-0.0182453
2.1000000,1.3500000,1.3246592,-0.0240684,-0.3106103,-1.8106087,-0.0060711,-0.0403687,0.0896200,-0.6748915,-0.0283728,-0.0179444
2.1050000,1.3550000,1.3296592,-0.0236727,-0.3029139,-1.7956283,-0.0059714,-0.0397051,0.0911674,-0.6698721,-0.0279064,-0.0176494
2.1100000,1.3600000,1.3346592,-0.0232849,-0.2953623,-1.7808618,-0.0058736,-0.0390545,0.0926713,-0.6649157,-0.0274492,-0.0173603
2.1150000,1.3650000,1.3396592,-0.0229047,-0.2879525,-1.7663044,-0.0057777,-0.0384168,0.0941329,-0.6600212,-0.0270010,-0.0170768
2.1200000,1.3700000,1.3446592,-0.0225319,-0.2806818,-1.7519514,-0.0056837,-0.0377915,0.0955531,-0.6551873,-0.0265616,-0.0167989
2.1250000,1.3750000,1.3496592,-0.0221665,-0.2735473,-1.7377981,-0.0055916,-0.0371784,0.0969329,-0.6504129,-0.0261307,-0.0165264
2.1300000,1.3800000,1.3546592,-0.0218081,-0.2665463,-1.7238401,-0.0055012,-0.0365773,0.0982732,-0.6456966,-0.0257083,-0.0162592
2.1350000,1.3850000,1.3596592,-0.0214566,-0.2596762,-1.7100731,-0.0054126,-0.0359878,0.0995749,-0.6410376,-0.0252940,-0.0159972
2.1400000,1.3900000,1.3646592,-0.0211120,-0.2529343,-1.6964929,-0.0053257,-0.0354097,0.1008391,-0.6364345,-0.0248877,-0.0157403
2.1450000,1.3950000,1.3696592,-0.0207740,-0.2463181,-1.6830956,-0.0052405,-0.0348427,0.1020665,-0.6318864,-0.0244892,-0.0154883
2.1500000,1.4000000,1.3746592,-0.0204425,-0.2398252,-1.6698771,-0.0051569,-0.0342866,0.1032580,-0.6273922,-0.0240984,-0.0152411
2.1550000,1.4050000,1.3796592,-0.0201173,-0.2334530,-1.6568336,-0.0050749,-0.0337411,0.1044144,-0.6229509,-0.0237151,-0.0149987
2.1600000,1.4100000,1.3846592,-0.0197983,-0.2271992,-1.6439616,-0.0049945,-0.0332060,0.1055366,-0.6185615,-0.0233391,-0.0147609
2.1650000,1.4150000,1.3896592,-0.0194854,-0.2210615,-1.6312573,-0.0049156,-0.0326811,0.1066253,-0.6142231,-0.0229702,-0.0145275
2.1700000,1.4200000,1.3946592,-0.0191784,-0.2150375,-1.6187173,-0.0048382,-0.0321662,0.1076815,-0.6099347,-0.0226083,-0.0142987
2.1750000,1.4250000,1.3996592,-0.0188772,-0.2091251,-1.6063382,-0.0047622,-0.0316609,0.1087057,-0.6056954,-0.0222532,-0.0140741
2.1800000,1.4300000,1.4046592,-0.0185816,-0.2033219,-1.5941168,-0.0046877,-0.0311652,0.1096987,-0.6015043,-0.0219048,-0.0138537
2.1850000,1.4350000,1.4096592,-0.0182916,-0.1976260,-1.5820498,-0.0046146,-0.0306787,0.1106613,-0.5973605,-0.0215629,-0.0136375
2.1900000,1.4400000,1.4146592,-0.0180071,-0.1920352,-1.5701342,-0.0045428,-0.0302014,0.1115942,-0.5932633,-0.0212275,-0.0134254
2.1950000,1.4450000,1.4196592,-0.0177278,-0.1865474,-1.5583669,-0.0044724,-0.0297329,0.1124980,-0.5892117,-0.0208982,-0.0132171
2.2000000,1.4500000,1.4246592,-0.0174537,-0.1811606,-1.5467451,-0.0044033,-0.0292731,0.1133735,-0.5852050,-0.0205751,-0.0130128
2.2050000,1.4550000,1.4296592,-0.0171846,-0.1758729,-1.5352658,-0.0043354,-0.0288219,0.1142213,-0.5812424,-0.0202580,-0.0128122
2.2100000,1.4600000,1.4346592,-0.0169206,-0.1706823,-1.5239264,-0.0042688,-0.0283789,0.1150420,-0.5773231,-0.0199467,-0.0126153
2.2150000,1.4650000,1.4396592,-0.0166614,-0.1655870,-1.5127240,-0.0042035,-0.0279442,0.1158362,-0.5734464,-0.0196411,-0.0124221
2.2200000,1.4700000,1.4446592,-0.0164069,-0.1605850,-1.5016562,-0.0041393,-0.0275173,0.1166046,-0.5696115,-0.0193411,-0.0122324
2.2250000,1.4750000,1.4496592,-0.0161571,-0.1556747,-1.4907203,-0.0040763,-0.0270983,0.1173478,-0.5658178,-0.0190467,-0.0120461
2.2300000,1.4800000,1.4546592,-0.0159119,-0.1508542,-1.4799139,-0.0040145,-0.0266869,0.1180663,-0.5620645,-0.0187575,-0.0118633
2.2350000,1.4850000,1.4596592,-0.0156711,-0.1461217,-1.4692346,-0.0039537,-0.0262830,0.1187608,-0.5583510,-0.0184737,-0.0116837
2.2400000,1.4900000,1.4646592,-0.0154346,-0.1414757,-1.4586800,-0.0038941,-0.0258864,0.1194317,-0.5546767,-0.0181949,-0.0115075
2.2450000,1.4950000,1.4696592,-0.0152024,-0.1369144,-1.4482477,-0.0038356,-0.0254969,0.1200796,-0.5510408,-0.0179212,-0.0113343
2.2500000,1.5000000,1.4746592,-0.0149744,-0.1324362,-1.4379357,-0.0037781,-0.0251145,0.1207050,-0.5474427,-0.0176525,-0.0111644
2.2550000,1.5050000,1.4796592,-0.0147505,-0.1280395,-1.4277417,-0.0037216,-0.0247389,0.1213085,-0.5438818,-0.0173885,-0.0109974
2.2600000,1.5100000,1.4846592,-0.0145306,-0.1237228,-1.4176636,-0.0036661,-0.0243700,0.1218906,-0.5403576,-0.0171292,-0.0108335
2.2650000,1.5150000,1.4896592,-0.0143146,-0.1194845,-1.4076993,-0.0036117,-0.0240077,0.1224517,-0.5368694,-0.0168746,-0.0106724
2.2700000,1.5200000,1.4946592,-0.0141024,-0.1153231,-1.3978469,-0.0035581,-0.0236519,0.1229923,-0.5334167,-0.0166245,-0.0105142
2.2750000,1.5250000,1.4996592,-0.0138940,-0.1112372,-1.3881043,-0.0035056,-0.0233023,0.1235130,-0.5299988,-0.0163789,-0.0103589
2.2800000,1.5300000,1.5046592,-0.0136893,-0.1072253,-1.3784696,-0.0034540,-0.0229589,0.1240141,-0.5266153,-0.0161375,-0.0102062
2.2850000,1.5350000,1.5096592,-0.0134882,-0.1032861,-1.3689411,-0.0034032,-0.0226216,0.1244960,-0.5232657,-0.0159004,-0.0100563
2.2900000,1.5400000,1.5146592,-0.0132906,-0.0994181,-1.3595168,-0.0033534,-0.0222902,0.1249594,-0.5199493,-0.0156675,-0.0099090
2.2950000,1.5450000,1.5196592,-0.0130965,-0.0956200,-1.3501949,-0.0033044,-0.0219646,0.1254045,-0.5166656,-0.0154387,-0.0097642
2.3000000,1.5500000,1.5246592,-0.0129057,-0.0918906,-1.3409739,-0.0032563,-0.0216446,0.1258318,-0.5134143,-0.0152138,-0.0096220
2.3050000,1.5550000,1.5296592,-0.0127183,-0.0882284,-1.3318519,-0.0032091,-0.0213303,0.1262417,-0.5101947,-0.0149929,-0.0094823
2.3100000,1.5600000,1.5346592,-0.0125341,-0.0846322,-1.3228273,-0.0031626,-0.0210213,0.1266346,-0.5070065,-0.0147758,-0.0093450
2.3150000,1.5650000,1.5396592,-0.0123532,-0.0811009,-1.3138985,-0.0031170,-0.0207178,0.1270108,-0.5038491,-0.0145624,-0.0092100
2.3200000,1.5700000,1.5446592,-0.0121753,-0.0776331,-1.3050639,-0.0030721,-0.0204194,0.1273709,-0.5007220,-0.0143527,-0.0090774
2.3250000,1.5750000,1.5496592,-0.0120005,-0.0742277,-1.2963221,-0.0030280,-0.0201262,0.1277150,-0.4976249,-0.0141466,-0.0089471
2.3300000,1.5800000,1.5546592,-0.0118287,-0.0708836,-1.2876714,-0.0029847,-0.0198380,0.1280437,-0.4945572,-0.0139441,-0.0088190
2.3350000,1.5850000,1.5596592,-0.0116598,-0.0675995,-1.2791104,-0.0029421,-0.0195547,0.1283572,-0.4915186,-0.0137450,-0.0086931
2.3400000,1.5900000,1.5646592,-0.0114938,-0.0643744,-1.2706377,-0.0029002,-0.0192763,0.1286559,-0.4885086,-0.0135493,-0.0085693
2.3450000,1.5950000,1.5696592,-0.0113306,-0.0612072,-1.2622519,-0.0028590,-0.0190026,0.1289401,-0.4855269,-0.0133570,-0.0084477
2.3500000,1.6000000,1.5746592,-0.0111702,-0.0580967,-1.2539515,-0.0028186,-0.0187335,0.1292102,-0.4825729,-0.0131678,-0.0083281
2.3550000,1.6050000,1.5796592,-0.0110125,-0.0550421,-1.2457354,-0.0027788,-0.0184690,0.1294665,-0.4796464,-0.0129819,-0.0082105
2.3600000,1.6100000,1.5846592,-0.0108574,-0.0520421,-1.2376021,-0.0027397,-0.0182089,0.1297093,-0.4767468,-0.0127991,-0.0080949
2.3650000,1.6150000,1.5896592,-0.0107050,-0.0490959,-1.2295504,-0.0027012,-0.0179532,0.1299389,-0.4738739,-0.0126194,-0.0079812
2.3700000,1.6200000,1.5946592,-0.0105551,-0.0462023,-1.2215790,-0.0026634,-0.0177018,0.1301556,-0.4710273,-0.0124427,-0.0078695
2.3750000,1.6250000,1.5996592,-0.0104077,-0.0433606,-1.2136868,-0.0026263,-0.0174546,0.1303598,-0.4682066,-0.0122690,-0.0077596
2.3800000,1.6300000,1.6046592,-0.0102627,-0.0405696,-1.2058724,-0.0025897,-0.0172115,0.1305516,-0.4654114,-0.0120981,-0.0076515
2.3850000,1.6350000,1.6096592,-0.0101202,-0.0378285,-1.1981347,-0.0025537,-0.0169724,0.1307314,-0.4626415,-0.0119301,-0.0075452
2.3900000,1.6400000,1.6146592,-0.0099800,-0.0351364,-1.1904727,-0.0025184,-0.0167373,0.1308995,-0.4598963,-0.0117649,-0.0074407
2.3950000,1.6450000,1.6196592,-0.0098422,-0.0324924,-1.1828851,-0.0024836,-0.0165061,0.1310561,-0.4571757,-0.0116023,-0.0073380
2.4000000,1.6500000,1.6246592,-0.0097066,-0.0298955,-1.1753708,-0.0024494,-0.0162787,0.1312015,-0.4544792,-0.0114425,-0.0072369
2.4050000,1.6550000,1.6296592,-0.0095732,-0.0273450,-1.1679289,-0.0024158,-0.0160550,0.1313359,-0.4518066,-0.0112853,-0.0071374
2.4100000,1.6600000,1.6346592,-0.0094420,-0.0248400,-1.1605582,-0.0023827,-0.0158350,0.1314596,-0.4491576,-0.0111307,-0.0070396
2.4150000,1.6650000,1.6396592,-0.0093130,-0.0223797,-1.1532576,-0.0023501,-0.0156185,0.1315729,-0.4465317,-0.0109785,-0.0069434
2.4200000,1.6700000,1.6446592,-0.0091861,-0.0199632,-1.1460263,-0.0023181,-0.0154056,0.1316759,-0.4439288,-0.0108289,-0.0068488
2.4250000,1.6750000,1.6496592,-0.0090612,-0.0175898,-1.1388631,-0.0022866,-0.0151962,0.1317690,-0.4413485,-0.0106817,-0.0067557
2.4300000,1.6800000,1.6546592,-0.0089383,-0.0152587,-1.1317672,-0.0022556,-0.0149901,0.1318523,-0.4387905,-0.0105369,-0.0066641
2.4350000,1.6850000,1.6596592,-0.0088175,-0.0129692,-1.1247375,-0.0022251,-0.0147874,0.1319261,-0.4362545,-0.0103944,-0.0065740
2.4400000,1.6900000,1.6646592,-0.0086986,-0.0107204,-1.1177732,-0.0021951,-0.0145880,0.1319906,-0.4337403,-0.0102542,-0.0064853
2.4450000,1.6950000,1.6696592,-0.0085815,-0.0085117,-1.1108734,-0.0021656,-0.0143917,0.1320460,-0.4312475,-0.0101163,-0.0063981
2.4500000,1.7000000,1.6746592,-0.0084664,-0.0063424,-1.1040370,-0.0021366,-0.0141986,0.1320925,-0.4287759,-0.0099805,-0.0063122
2.4550000,1.7050000,1.6796592,-0.0083531,-0.0042117,-1.0972633,-0.0021080,-0.0140086,0.1321303,-0.4263253,-0.0098470,-0.0062278
2.4600000,1.7100000,1.6846592,-0.0082416,-0.0021190,-1.0905514,-0.0020799,-0.0138216,0.1321597,-0.4238953,-0.0097155,-0.0061446
2.4650000,1.7150000,1.6896592,-0.0081319,-0.0000636,-1.0839005,-0.0020522,-0.0136375,0.1321807,-0.4214857,-0.0095862,-0.0060628
2.4700000,1.7200000,1.6946592,-0.0080239,0.0019552,-1.0773097,-0.0020249,-0.0134564,0.1321937,-0.4190962,-0.0094589,-0.0059823
2.4750000,1.7250000,1.6996592,-0.0079176,0.0039380,-1.0707782,-0.0019981,-0.0132782,0.1321988,-0.4167266,-0.0093336,-0.0059031
2.4800000,1.7300000,1.7046592,-0.0078130,0.0058855,-1.0643053,-0.0019717,-0.0131028,0.1321961,-0.4143767,-0.0092103,-0.0058251
2.4850000,1.7350000,1.7096592,-0.0077101,0.0077983,-1.0578900,-0.0019458,-0.0129301,0.1321860,-0.4120462,-0.0090890,-0.0057484
2.4900000,1.7400000,1.7146592,-0.0076087,0.0096769,-1.0515318,-0.0019202,-0.0127601,0.1321684,-0.4097348,-0.0089695,-0.0056728
2.4950000,1.7450000,1.7196592,-0.0075090,0.0115221,-1.0452298,-0.0018950,-0.0125928,0.1321437,-0.4074424,-0.0088519,-0.0055984
2.5000000,1.7500000,1.7246592,-0.0074108,0.0133343,-1.0389833,-0.0018703,-0.0124281,0.1321120,-0.4051687,-0.0087361,-0.0055252
2.5050000,1.7550000,1.7296592,-0.0073141,0.0151142,-1.0327915,-0.0018459,-0.0122660,0.1320734,-0.4029135,-0.0086222,-0.0054531
2.5100000,1.7600000,1.7346592,-0.0072189,0.0168623,-1.0266538,-0.0018219,-0.0121063,0.1320281,-0.4006765,-0.0085100,-0.0053822
2.5150000,1.7650000,1.7396592,-0.0071252,0.0185791,-1.0205695,-0.0017982,-0.0119492,0.1319763,-0.3984575,-0.0083995,-0.0053123
2.5200000,1.7700000,1.7446592,-0.0070330,0.0202653,-1.0145378,-0.0017749,-0.0117945,0.1319180,-0.3962564,-0.0082908,-0.0052435
2.5250000,1.7750000,1.7496592,-0.0069422,0.0219214,-1.0085581,-0.0017520,-0.0116421,0.1318536,-0.3940729,-0.0081837,-0.0051758
2.5300000,1.7800000,1.7546592,-0.0068527,0.0235478,-1.0026298,-0.0017295,-0.0114921,0.1317831,-0.3919068,-0.0080783,-0.0051091
2.5350000,1.7850000,1.7596592,-0.0067647,0.0251451,-0.9967522,-0.0017072,-0.0113444,0.1317066,-0.3897580,-0.0079744,-0.0050435
2.5400000,1.7900000,1.7646592,-0.0066779,0.0267138,-0.9909246,-0.0016854,-0.0111990,0.1316243,-0.3876261,-0.0078722,-0.0049788
2.5450000,1.7950000,1.7696592,-0.0065925,0.0282544,-0.9851465,-0.0016638,-0.0110557,0.1315364,-0.3855110,-0.0077715,-0.0049151
2.5500000,1.8000000,1.7746592,-0.0065084,0.0297673,-0.9794172,-0.0016426,-0.0109147,0.1314429,-0.3834126,-0.0076724,-0.0048524
2.5550000,1.8050000,1.7796592,-0.0064256,0.0312531,-0.9737361,-0.0016217,-0.0107758,0.1313441,-0.3813306,-0.0075748,-0.0047907
2.5600000,1.8100000,1.7846592,-0.0063440,0.0327122,-0.9681027,-0.0016011,-0.0106389,0.1312400,-0.3792648,-0.0074786,-0.0047299
2.5650000,1.8150000,1.7896592,-0.0062637,0.0341450,-0.9625163,-0.0015809,-0.0105042,0.1311307,-0.3772150,-0.0073839,-0.0046700
2.5700000,1.8200000,1.7946592,-0.0061846,0.0355521,-0.9569763,-0.0015609,-0.0103715,0.1310165,-0.3751812,-0.0072906,-0.0046110
2.5750000,1.8250000,1.7996592,-0.0061066,0.0369338,-0.9514823,-0.0015412,-0.0102407,0.1308973,-0.3731630,-0.0071987,-0.0045529
2.5800000,1.8300000,1.8046592,-0.0060298,0.0382907,-0.9460336,-0.0015219,-0.0101120,0.1307734,-0.3711604,-0.0071082,-0.0044956
2.5850000,1.8350000,1.8096592,-0.0059542,0.0396230,-0.9406298,-0.0015028,-0.0099851,0.1306448,-0.3691731,-0.0070190,-0.0044392
2.5900000,1.8400000,1.8146592,-0.0058797,0.0409312,-0.9352702,-0.0014840,-0.0098602,0.1305117,-0.3672010,-0.0069312,-0.0043837
2.5950000,1.8450000,1.8196592,-0.0058063,0.0422158,-0.9299544,-0.0014655,-0.0097371,0.1303741,-0.3652439,-0.0068447,-0.0043290
2.6000000,1.8500000,1.8246592,-0.0057340,0.0434771,-0.9246818,-0.0014472,-0.0096158,0.1302322,-0.3633016,-0.0067594,-0.0042750
2.6050000,1.8550000,1.8296592,-0.0056627,0.0447156,-0.9194520,-0.0014292,-0.0094963,0.1300861,-0.3613741,-0.0066755,-0.0042219
2.6100000,1.8600000,1.8346592,-0.0055926,0.0459315,-0.9142644,-0.0014115,-0.0093786,0.1299359,-0.3594610,-0.0065927,-0.0041696
2.6150000,1.8650000,1.8396592,-0.0055234,0.0471254,-0.9091185,-0.0013941,-0.0092626,0.1297817,-0.3575623,-0.0065112,-0.0041180
2.6200000,1.8700000,1.8446592,-0.0054553,0.0482975,-0.9040139,-0.0013769,-0.0091483,0.1296235,-0.3556779,-0.0064309,-0.0040672
2.6250000,1.8750000,1.8496592,-0.0053881,0.0494482,-0.8989501,-0.0013599,-0.0090357,0.1294616,-0.3538075,-0.0063517,-0.0040172
2.6300000,1.8800000,1.8546592,-0.0053220,0.0505779,-0.8939266,-0.0013432,-0.0089248,0.1292959,-0.3519510,-0.0062737,-0.0039679
2.6350000,1.8850000,1.8596592,-0.0052568,0.0516869,-0.8889430,-0.0013268,-0.0088154,0.1291266,-0.3501082,-0.0061969,-0.0039192
2.6400000,1.8900000,1.8646592,-0.0051925,0.0527756,-0.8839987,-0.0013106,-0.0087077,0.1289538,-0.3482791,-0.0061211,-0.0038713
2.6450000,1.8950000,1.8696592,-0.0051292,0.0538444,-0.8790934,-0.0012946,-0.0086015,0.1287775,-0.3464635,-0.0060465,-0.0038241
2.6500000,1.9000000,1.8746592,-0.0050668,0.0548935,-0.8742267,-0.0012789,-0.0084968,0.1285979,-0.3446611,-0.0059729,-0.0037776
2.6550000,1.9050000,1.8796592,-0.0050053,0.0559232,-0.8693980,-0.0012633,-0.0083937,0.1284150,-0.3428720,-0.0059004,-0.0037318
2.6600000,1.9100000,1.8846592,-0.0049447,0.0569340,-0.8646070,-0.0012481,-0.0082920,0.1282290,-0.3410960,-0.0058290,-0.0036866
2.6650000,1.9150000,1.8896592,-0.0048849,0.0579260,-0.8598533,-0.0012330,-0.0081918,0.1280398,-0.3393328,-0.0057585,-0.0036420
2.6700000,1.9200000,1.8946592,-0.0048260,0.0588997,-0.8551363,-0.0012181,-0.0080931,0.1278476,-0.3375825,-0.0056891,-0.0035981
2.6750000,1.9250000,1.8996592,-0.0047680,0.0598553,-0.8504558,-0.0012035,-0.0079957,0.1276525,-0.3358448,-0.0056207,-0.0035548
2.6800000,1.9300000,1.9046592,-0.0047108,0.0607932,-0.8458114,-0.0011890,-0.0078997,0.1274545,-0.3341196,-0.0055533,-0.0035122
2.6850000,1.9350000,1.9096592,-0.0046544,0.0617135,-0.8412026,-0.0011748,-0.0078052,0.1272537,-0.3324068,-0.0054868,-0.0034701
2.6900000,1.9400000,1.9146592,-0.0045988,0.0626166,-0.8366290,-0.0011608,-0.0077119,0.1270502,-0.3307064,-0.0054212,-0.0034287
2.6950000,1.9450000,1.9196592,-0.0045440,0.0635028,-0.8320903,-0.0011469,-0.0076200,0.1268441,-0.3290180,-0.0053566,-0.0033878
2.7000000,1.9500000,1.9246592,-0.0044899,0.0643724,-0.8275861,-0.0011333,-0.0075293,0.1266354,-0.3273417,-0.0052929,-0.0033475
2.7050000,1.9550000,1.9296592,-0.0044366,0.0652256,-0.8231161,-0.0011199,-0.0074400,0.1264242,-0.3256773,-0.0052301,-0.0033078
2.7100000,1.9600000,1.9346592,-0.0043841,0.0660627,-0.8186798,-0.0011066,-0.0073519,0.1262105,-0.3240247,-0.0051682,-0.0032686
2.7150000,1.9650000,1.9396592,-0.0043323,0.0668839,-0.8142769,-0.0010935,-0.0072650,0.1259945,-0.3223837,-0.0051071,-0.0032300
2.7200000,1.9700000,1.9446592,-0.0042813,0.0676896,-0.8099070,-0.0010806,-0.0071794,0.1257762,-0.3207543,-0.0050469,-0.0031919
2.7250000,1.9750000,1.9496592,-0.0042309,0.0684799,-0.8055699,-0.0010679,-0.0070950,0.1255557,-0.3191364,-0.0049876,-0.0031544
2.7300000,1.9800000,1.9546592,-0.0041813,0.0692552,-0.8012651,-0.0010554,-0.0070117,0.1253330,-0.3175298,-0.0049290,-0.0031174
2.7350000,1.9850000,1.9596592,-0.0041323,0.0700156,-0.7969924,-0.0010431,-0.0069296,0.1251082,-0.3159344,-0.0048713,-0.0030809
2.7400000,1.9900000,1.9646592,-0.0040840,0.0707614,-0.7927513,-0.0010309,-0.0068486,0.1248813,-0.3143501,-0.0048144,-0.0030449
2.7450000,1.9950000,1.9696592,-0.0040364,0.0714928,-0.7885416,-0.0010189,-0.0067688,0.1246524,-0.3127768,-0.0047583,-0.0030094
