# r[nm],d[nm],daligned[nm],UC(d)[kJ/mol],UK(d)[kJ/mol],UCl(d)[kJ/mol]
0.9150000,0.1650000,0.1430385,358.2712102,140.7600046,1587.4461910
0.9200000,0.1700000,0.1480385,289.9108283,94.9880874,1304.3661444
0.9250000,0.1750000,0.1530385,234.8641922,40.4842429,1075.3484537
0.9300000,0.1800000,0.1580385,190.5153204,-2.9561869,889.8660010
0.9350000,0.1850000,0.1630385,154.7646346,-37.1602569,739.4749901
0.9400000,0.1900000,0.1680385,125.9218514,-98.8821705,617.3986308
0.9450000,0.1950000,0.1730385,102.6244774,-154.0326219,518.1940148
0.9500000,0.2000000,0.1780385,83.7789467,-197.7065103,437.4857684
0.9550000,0.2050000,0.1830385,68.5118198,-232.3690865,371.7530334
0.9600000,0.2100000,0.1880385,56.1189465,-259.9358880,318.1586548
0.9650000,0.2150000,0.1930385,46.0161624,-281.9107530,274.4082989
0.9700000,0.2200000,0.1980385,37.7098320,-300.3386482,238.4812453
0.9750000,0.2250000,0.2030385,30.8023689,-320.3110095,207.3327937
0.9800000,0.2300000,0.2080385,25.0122782,-338.2199594,179.2342418
0.9850000,0.2350000,0.2130385,20.1578412,-352.6338178,155.6324273
0.9900000,0.2400000,0.2180385,16.1032927,-364.2293610,136.2545109
0.9950000,0.2450000,0.2230385,12.7178251,-373.6224339,120.3584251
1.0000000,0.2500000,0.2280385,9.8695085,-381.2954128,107.3141967
1.0050000,0.2550000,0.2330385,7.4412344,-387.6935783,96.3323446
1.0100000,0.2600000,0.2380385,5.3483140,-393.6571397,84.1843281
1.0150000,0.2650000,0.2430385,3.5413354,-400.3373439,71.1007420
1.0200000,0.2700000,0.2480385,1.9930670,-407.1071207,60.1183870
1.0250000,0.2750000,0.2530385,0.6823646,-413.0464206,51.2307100
1.0300000,0.2800000,0.2580385,-0.4145865,-418.0232820,44.0533236
1.0350000,0.2850000,0.2630385,-1.3252733,-422.1386568,38.2440626
1.0400000,0.2900000,0.2680385,-2.0780696,-425.5129990,33.5233980
1.0450000,0.2950000,0.2730385,-2.6989729,-428.2495403,29.6701324
1.0500000,0.3000000,0.2780385,-3.2094622,-430.4318482,26.5142035
1.0550000,0.3050000,0.2830385,-3.6258728,-432.1270042,23.9261191
1.0600000,0.3100000,0.2880385,-3.9600561,-433.3891391,21.8038443
1.0650000,0.3150000,0.2930385,-4.2207664,-434.2624019,20.0610484
1.0700000,0.3200000,0.2980385,-4.4151346,-434.7832978,18.6207719
1.0750000,0.3250000,0.3030385,-4.5497621,-434.9825099,17.4157487
1.0800000,0.3300000,0.3080385,-4.6312805,-434.8863430,16.3928625
1.0850000,0.3350000,0.3130385,-4.6664636,-434.5178898,15.5166300
1.0900000,0.3400000,0.3180385,-4.6620842,-433.8981135,14.7676836
1.0950000,0.3450000,0.3230385,-4.6246843,-433.0749759,14.1367753
1.1000000,0.3500000,0.3280385,-4.5603642,-433.3526593,13.6181598
1.1050000,0.3550000,0.3330385,-4.4746356,-438.6672176,13.2053893
1.1100000,0.3600000,0.3380385,-4.3723454,-444.3111358,12.8899136
1.1150000,0.3650000,0.3430385,-4.2576590,-448.6447863,12.6613939
1.1200000,0.3700000,0.3480385,-4.1340880,-451.7577668,12.5086082
1.1250000,0.3750000,0.3530385,-4.0045450,-453.8015022,12.4203207
1.1300000,0.3800000,0.3580385,-3.8714151,-454.9122897,12.3858980
1.1350000,0.3850000,0.3630385,-3.7366329,-455.2098324,12.3956649
1.1400000,0.3900000,0.3680385,-3.6017559,-454.7990739,12.4410602
1.1450000,0.3950000,0.3730385,-3.4680296,-453.7720312,12.5146602
1.1500000,0.4000000,0.3780385,-3.3364424,-452.2094215,12.6101252
1.1550000,0.4050000,0.3830385,-3.2077709,-450.1820891,12.7221053
1.1600000,0.4100000,0.3880385,-3.0826190,-447.7550692,12.8461295
1.1650000,0.4150000,0.3930385,-2.9614501,-445.6513380,12.9784927
1.1700000,0.4200000,0.3980385,-2.8446109,-449.9671742,13.1161481
1.1750000,0.4250000,0.4030385,-2.7323465,-454.8818614,13.2566097
1.1800000,0.4300000,0.4080385,-2.6248139,-457.6266648,13.3978643
1.1850000,0.4350000,0.4130385,-2.5221015,-458.5435562,13.5382963
1.1900000,0.4400000,0.4180385,-2.4242547,-457.9878124,13.6766219
1.1950000,0.4450000,0.4230385,-2.3312939,-456.6513426,13.8118334
1.2000000,0.4500000,0.4280385,-2.2432127,-458.1427097,13.9431518
1.2050000,0.4550000,0.4330385,-2.1599534,-459.9788149,14.0699870
1.2100000,0.4600000,0.4380385,-2.0813753,-459.4678584,14.1919042
1.2150000,0.4650000,0.4430385,-2.0072404,-456.9482750,14.3085960
1.2200000,0.4700000,0.4480385,-1.9372345,-452.9044746,14.4198587
1.2250000,0.4750000,0.4530385,-1.8710215,-447.7441539,14.5255730
1.2300000,0.4800000,0.4580385,-1.8083048,-441.8619461,14.6256877
1.2350000,0.4850000,0.4630385,-1.7488577,-435.7398708,14.7202062
1.2400000,0.4900000,0.4680385,-1.6925115,-429.7143071,14.8091753
1.2450000,0.4950000,0.4730385,-1.6391289,-423.6558774,14.8926761
1.2500000,0.5000000,0.4780385,-1.5885903,-417.3583069,14.9708163
1.2550000,0.5050000,0.4830385,-1.5407875,-410.8178496,15.0437237
1.2600000,0.5100000,0.4880385,-1.4956097,-404.1453576,15.1115414
1.2650000,0.5150000,0.4930385,-1.4529151,-397.4650849,15.1744233
1.2700000,0.5200000,0.4980385,-1.4124838,-390.8681426,15.2325310
1.2750000,0.5250000,0.5030385,-1.3739784,-384.4015756,15.2860303
1.2800000,0.5300000,0.5080385,-1.3369661,-378.0791569,15.3350898
1.2850000,0.5350000,0.5130385,-1.3010159,-371.8987738,15.3798783
1.2900000,0.5400000,0.5180385,-1.2657991,-365.8548369,15.4205639
1.2950000,0.5450000,0.5230385,-1.2311167,-359.9433728,15.4573124
1.3000000,0.5500000,0.5280385,-1.1968545,-354.1626547,15.4902868
1.3050000,0.5550000,0.5330385,-1.1629271,-348.5122723,15.5196463
1.3100000,0.5600000,0.5380385,-1.1292576,-342.9920890,15.5455460
1.3150000,0.5650000,0.5430385,-1.0957894,-337.6015255,15.5681362
1.3200000,0.5700000,0.5480385,-1.0625063,-332.3391993,15.5875625
1.3250000,0.5750000,0.5530385,-1.0294412,-327.2028335,15.6039654
1.3300000,0.5800000,0.5580385,-0.9966699,-322.1893411,15.6174803
1.3350000,0.5850000,0.5630385,-0.9642966,-317.2950065,15.6282374
1.3400000,0.5900000,0.5680385,-0.9324366,-312.5157033,15.6363617
1.3450000,0.5950000,0.5730385,-0.9012020,-307.8471069,15.6419731
1.3500000,0.6000000,0.5780385,-0.8706923,-303.2848754,15.6451866
1.3550000,0.6050000,0.5830385,-0.8409891,-298.8247868,15.6461121
1.3600000,0.6100000,0.5880385,-0.8121543,-294.4628306,15.6448548
1.3650000,0.6150000,0.5930385,-0.7842308,-290.1952597,15.6415153
1.3700000,0.6200000,0.5980385,-0.7572447,-286.0186094,15.6361895
1.3750000,0.6250000,0.6030385,-0.7312074,-281.9296931,15.6289693
1.3800000,0.6300000,0.6080385,-0.7061188,-277.9255829,15.6199420
1.3850000,0.6350000,0.6130385,-0.6819690,-274.0035808,15.6091913
1.3900000,0.6400000,0.6180385,-0.6587414,-270.1611862,15.5967966
1.3950000,0.6450000,0.6230385,-0.6364139,-266.3960632,15.5828339
1.4000000,0.6500000,0.6280385,-0.6149604,-262.7060089,15.5673755
1.4050000,0.6550000,0.6330385,-0.5943528,-259.0889259,15.5504905
1.4100000,0.6600000,0.6380385,-0.5745610,-255.5427987,15.5322446
1.4150000,0.6650000,0.6430385,-0.5555541,-252.0656739,15.5127004
1.4200000,0.6700000,0.6480385,-0.5373011,-248.6556457,15.4919176
1.4250000,0.6750000,0.6530385,-0.5197712,-245.3108446,15.4699531
1.4300000,0.6800000,0.6580385,-0.5029338,-242.0294301,15.4468611
1.4350000,0.6850000,0.6630385,-0.4867593,-238.8095874,15.4226932
1.4400000,0.6900000,0.6680385,-0.4712189,-235.6495249,15.3974987
1.4450000,0.6950000,0.6730385,-0.4562848,-232.5474761,15.3713244
1.4500000,0.7000000,0.6780385,-0.4419301,-229.5017012,15.3442150
1.4550000,0.7050000,0.6830385,-0.4281291,-226.5104909,15.3162132
1.4600000,0.7100000,0.6880385,-0.4148572,-223.5721701,15.2873594
1.4650000,0.7150000,0.6930385,-0.4020909,-220.6851029,15.2576924
1.4700000,0.7200000,0.6980385,-0.3898077,-217.8476962,15.2272491
1.4750000,0.7250000,0.7030385,-0.3779862,-215.0584039,15.1960647
1.4800000,0.7300000,0.7080385,-0.3666060,-212.3157308,15.1641726
1.4850000,0.7350000,0.7130385,-0.3556477,-209.6182345,15.1316048
1.4900000,0.7400000,0.7180385,-0.3450928,-206.9645285,15.0983919
1.4950000,0.7450000,0.7230385,-0.3349236,-204.3532833,15.0645629
1.5000000,0.7500000,0.7280385,-0.3251236,-201.7832267,15.0301455
1.5050000,0.7550000,0.7330385,-0.3156767,-199.2531446,14.9951663
1.5100000,0.7600000,0.7380385,-0.3065679,-196.7618803,14.9596504
1.5150000,0.7650000,0.7430385,-0.2977827,-194.3083329,14.9236221
1.5200000,0.7700000,0.7480385,-0.2893074,-191.8914567,14.8871042
1.5250000,0.7750000,0.7530385,-0.2811290,-189.5102589,14.8501188
1.5300000,0.7800000,0.7580385,-0.2732350,-187.1637974,14.8126868
1.5350000,0.7850000,0.7630385,-0.2656138,-184.8511788,14.7748282
1.5400000,0.7900000,0.7680385,-0.2582540,-182.5715561,14.7365622
1.5450000,0.7950000,0.7730385,-0.2511450,-180.3241257,14.6979069
1.5500000,0.8000000,0.7780385,-0.2442765,-178.1081253,14.6588800
1.5550000,0.8050000,0.7830385,-0.2376388,-175.9228311,14.6194979
1.5600000,0.8100000,0.7880385,-0.2312227,-173.7675558,14.5797766
1.5650000,0.8150000,0.7930385,-0.2250193,-171.6416455,14.5397313
1.5700000,0.8200000,0.7980385,-0.2190203,-169.5444782,14.4993766
1.5750000,0.8250000,0.8030385,-0.2132175,-167.4754609,14.4587264
1.5800000,0.8300000,0.8080385,-0.2076034,-165.4340281,14.4177939
1.5850000,0.8350000,0.8130385,-0.2021706,-163.4196395,14.3765918
1.5900000,0.8400000,0.8180385,-0.1969120,-161.4317784,14.3351324
1.5950000,0.8450000,0.8230385,-0.1918212,-159.4699496,14.2934271
1.6000000,0.8500000,0.8280385,-0.1868916,-157.5336785,14.2514871
1.6050000,0.8550000,0.8330385,-0.1821172,-155.6225090,14.2093230
1.6100000,0.8600000,0.8380385,-0.1774922,-153.7360024,14.1669450
1.6150000,0.8650000,0.8430385,-0.1730110,-151.8737363,14.1243629
1.6200000,0.8700000,0.8480385,-0.1686682,-150.0353030,14.0815858
1.6250000,0.8750000,0.8530385,-0.1644588,-148.2203092,14.0386228
1.6300000,0.8800000,0.8580385,-0.1603779,-146.4283743,13.9954824
1.6350000,0.8850000,0.8630385,-0.1564208,-144.6591297,13.9521727
1.6400000,0.8900000,0.8680385,-0.1525831,-142.9122184,13.9087016
1.6450000,0.8950000,0.8730385,-0.1488604,-141.1872937,13.8650765
1.6500000,0.9000000,0.8780385,-0.1452487,-139.4840190,13.8213046
1.6550000,0.9050000,0.8830385,-0.1417440,-137.8020667,13.7773928
1.6600000,0.9100000,0.8880385,-0.1383426,-136.1411183,13.7333477
1.6650000,0.9150000,0.8930385,-0.1350408,-134.5008631,13.6891755
1.6700000,0.9200000,0.8980385,-0.1318352,-132.8809983,13.6448824
1.6750000,0.9250000,0.9030385,-0.1287224,-131.2812285,13.6004742
1.6800000,0.9300000,0.9080385,-0.1256993,-129.7012649,13.5559563
1.6850000,0.9350000,0.9130385,-0.1227627,-128.1408255,13.5113342
1.6900000,0.9400000,0.9180385,-0.1199098,-126.5996345,13.4666129
1.6950000,0.9450000,0.9230385,-0.1171377,-125.0774218,13.4217974
1.7000000,0.9500000,0.9280385,-0.1144437,-123.5739232,13.3768924
1.7050000,0.9550000,0.9330385,-0.1118251,-122.0888797,13.3319024
1.7100000,0.9600000,0.9380385,-0.1092795,-120.6220376,13.2868318
1.7150000,0.9650000,0.9430385,-0.1068045,-119.1731481,13.2416848
1.7200000,0.9700000,0.9480385,-0.1043977,-117.7419669,13.1964653
1.7250000,0.9750000,0.9530385,-0.1020569,-116.3282547,13.1511772
1.7300000,0.9800000,0.9580385,-0.0997799,-114.9317763,13.1058243
1.7350000,0.9850000,0.9630385,-0.0975648,-113.5523007,13.0604101
1.7400000,0.9900000,0.9680385,-0.0954094,-112.1896013,13.0149380
1.7450000,0.9950000,0.9730385,-0.0933120,-110.8434551,12.9694115
1.7500000,1.0000000,0.9780385,-0.0912705,-109.5136432,12.9238336
1.7550000,1.0050000,0.9830385,-0.0892834,-108.1999503,12.8782074
1.7600000,1.0100000,0.9880385,-0.0873488,-106.9021649,12.8325360
1.7650000,1.0150000,0.9930385,-0.0854652,-105.6200787,12.7868221
1.7700000,1.0200000,0.9980385,-0.0836309,-104.3534872,12.7410686
1.7750000,1.0250000,1.0030385,-0.0818443,-103.1021889,12.6952781
1.7800000,1.0300000,1.0080385,-0.0801042,-101.8659857,12.6494532
1.7850000,1.0350000,1.0130385,-0.0784089,-100.6446828,12.6035964
1.7900000,1.0400000,1.0180385,-0.0767571,-99.4380883,12.5577101
1.7950000,1.0450000,1.0230385,-0.0751476,-98.2460133,12.5117966
1.8000000,1.0500000,1.0280385,-0.0735790,-97.0682722,12.4658583
1.8050000,1.0550000,1.0330385,-0.0720501,-95.9046818,12.4198973
1.8100000,1.0600000,1.0380385,-0.0705597,-94.7550622,12.3739157
1.8150000,1.0650000,1.0430385,-0.0691067,-93.6192360,12.3279157
1.8200000,1.0700000,1.0480385,-0.0676900,-92.4970286,12.2818993
1.8250000,1.0750000,1.0530385,-0.0663084,-91.3882680,12.2358684
1.8300000,1.0800000,1.0580385,-0.0649611,-90.2927848,12.1898249
1.8350000,1.0850000,1.0630385,-0.0636468,-89.2104124,12.1437707
1.8400000,1.0900000,1.0680385,-0.0623648,-88.1409865,12.0977076
1.8450000,1.0950000,1.0730385,-0.0611141,-87.0843451,12.0516374
1.8500000,1.1000000,1.0780385,-0.0598937,-86.0403290,12.0055619
1.8550000,1.1050000,1.0830385,-0.0587028,-85.0087810,11.9594826
1.8600000,1.1100000,1.0880385,-0.0575405,-83.9895466,11.9134014
1.8650000,1.1150000,1.0930385,-0.0564061,-82.9824731,11.8673197
1.8700000,1.1200000,1.0980385,-0.0552988,-81.9874106,11.8212393
1.8750000,1.1250000,1.1030385,-0.0542177,-81.0042108,11.7751616
1.8800000,1.1300000,1.1080385,-0.0531622,-80.0327281,11.7290883
1.8850000,1.1350000,1.1130385,-0.0521315,-79.0728186,11.6830207
1.8900000,1.1400000,1.1180385,-0.0511250,-78.1243406,11.6369605
1.8950000,1.1450000,1.1230385,-0.0501420,-77.1871546,11.5909091
1.9000000,1.1500000,1.1280385,-0.0491818,-76.2611228,11.5448679
1.9050000,1.1550000,1.1330385,-0.0482439,-75.3461096,11.4988384
1.9100000,1.1600000,1.1380385,-0.0473275,-74.4419812,11.4528219
1.9150000,1.1650000,1.1430385,-0.0464322,-73.5486056,11.4068199
1.9200000,1.1700000,1.1480385,-0.0455573,-72.6658529,11.3608337
1.9250000,1.1750000,1.1530385,-0.0447023,-71.7935947,11.3148647
1.9300000,1.1800000,1.1580385,-0.0438667,-70.9317046,11.2689143
1.9350000,1.1850000,1.1630385,-0.0430499,-70.0800578,11.2229837
1.9400000,1.1900000,1.1680385,-0.0422515,-69.2385312,11.1770743
1.9450000,1.1950000,1.1730385,-0.0414710,-68.4070036,11.1311875
1.9500000,1.2000000,1.1780385,-0.0407078,-67.5853552,11.0853245
1.9550000,1.2050000,1.1830385,-0.0399616,-66.7734678,11.0394865
1.9600000,1.2100000,1.1880385,-0.0392319,-65.9712248,10.9936750
1.9650000,1.2150000,1.1930385,-0.0385182,-65.1785113,10.9478912
1.9700000,1.2200000,1.1980385,-0.0378202,-64.3952138,10.9021363
1.9750000,1.2250000,1.2030385,-0.0371375,-63.6212201,10.8564116
1.9800000,1.2300000,1.2080385,-0.0364696,-62.8564198,10.8107184
1.9850000,1.2350000,1.2130385,-0.0358162,-62.1007037,10.7650579
1.9900000,1.2400000,1.2180385,-0.0351768,-61.3539640,10.7194314
1.9950000,1.2450000,1.2230385,-0.0345513,-60.6160944,10.6738401
2.0000000,1.2500000,1.2280385,-0.0339391,-59.8869897,10.6282853
2.0050000,1.2550000,1.2330385,-0.0333400,-59.1665464,10.5827681
2.0100000,1.2600000,1.2380385,-0.0327536,-58.4546618,10.5372899
2.0150000,1.2650000,1.2430385,-0.0321796,-57.7512349,10.4918517
2.0200000,1.2700000,1.2480385,-0.0316178,-57.0561657,10.4464550
2.0250000,1.2750000,1.2530385,-0.0310677,-56.3693556,10.4011008
2.0300000,1.2800000,1.2580385,-0.0305292,-55.6907070,10.3557904
2.0350000,1.2850000,1.2630385,-0.0300019,-55.0201235,10.3105250
2.0400000,1.2900000,1.2680385,-0.0294855,-54.3575101,10.2653058
2.0450000,1.2950000,1.2730385,-0.0289799,-53.7027726,10.2201340
2.0500000,1.3000000,1.2780385,-0.0284846,-53.0558182,10.1750109
2.0550000,1.3050000,1.2830385,-0.0279996,-52.4165550,10.1299375
2.0600000,1.3100000,1.2880385,-0.0275245,-51.7848923,10.0849151
2.0650000,1.3150000,1.2930385,-0.0270590,-51.1607404,10.0399449
2.0700000,1.3200000,1.2980385,-0.0266031,-50.5440107,9.9950280
2.0750000,1.3250000,1.3030385,-0.0261563,-49.9346155,9.9501657
2.0800000,1.3300000,1.3080385,-0.0257186,-49.3324684,9.9053591
2.0850000,1.3350000,1.3130385,-0.0252897,-48.7374837,9.8606094
2.0900000,1.3400000,1.3180385,-0.0248693,-48.1495768,9.8159177
2.0950000,1.3450000,1.3230385,-0.0244574,-47.5686641,9.7712852
2.1000000,1.3500000,1.3280385,-0.0240537,-46.9946630,9.7267131
2.1050000,1.3550000,1.3330385,-0.0236579,-46.4274918,9.6822025
2.1100000,1.3600000,1.3380385,-0.0232700,-45.8670697,9.6377546
2.1150000,1.3650000,1.3430385,-0.0228897,-45.3133168,9.5933705
2.1200000,1.3700000,1.3480385,-0.0225169,-44.7661543,9.5490513
2.1250000,1.3750000,1.3530385,-0.0221513,-44.2255041,9.5047982
2.1300000,1.3800000,1.3580385,-0.0217929,-43.6912892,9.4606123
2.1350000,1.3850000,1.3630385,-0.0214415,-43.1634333,9.4164946
2.1400000,1.3900000,1.3680385,-0.0210968,-42.6418610,9.3724464
2.1450000,1.3950000,1.3730385,-0.0207588,-42.1264979,9.3284687
2.1500000,1.4000000,1.3780385,-0.0204273,-41.6172704,9.2845625
2.1550000,1.4050000,1.3830385,-0.0201021,-41.1141057,9.2407291
2.1600000,1.4100000,1.3880385,-0.0197831,-40.6169320,9.1969694
2.1650000,1.4150000,1.3930385,-0.0194702,-40.1256781,9.1532846
2.1700000,1.4200000,1.3980385,-0.0191633,-39.6402739,9.1096757
2.1750000,1.4250000,1.4030385,-0.0188621,-39.1606499,9.0661437
2.1800000,1.4300000,1.4080385,-0.0185666,-38.6867375,9.0226897
2.1850000,1.4350000,1.4130385,-0.0182766,-38.2184690,8.9793147
2.1900000,1.4400000,1.4180385,-0.0179921,-37.7557775,8.9360198
2.1950000,1.4450000,1.4230385,-0.0177129,-37.2985967,8.8928060
2.2000000,1.4500000,1.4280385,-0.0174389,-36.8468613,8.8496743
2.2050000,1.4550000,1.4330385,-0.0171699,-36.4005067,8.8066257
2.2100000,1.4600000,1.4380385,-0.0169060,-35.9594692,8.7636611
2.2150000,1.4650000,1.4430385,-0.0166468,-35.5236857,8.7207816
2.2200000,1.4700000,1.4480385,-0.0163925,-35.0930940,8.6779881
2.2250000,1.4750000,1.4530385,-0.0161428,-34.6676326,8.6352816
2.2300000,1.4800000,1.4580385,-0.0158976,-34.2472408,8.5926630
2.2350000,1.4850000,1.4630385,-0.0156569,-33.8318587,8.5501333
2.2400000,1.4900000,1.4680385,-0.0154205,-33.4214269,8.5076934
2.2450000,1.4950000,1.4730385,-0.0151885,-33.0158871,8.4653442
