# r[nm],d[nm],daligned[nm],UC(d)[kJ/mol],UK(d)[kJ/mol],UCl(d)[kJ/mol],UC2A(d)[kJ/mol],UC4A(d)[kJ/mol],UCPlus(d)[kJ/mol],UCMinus(d)[kJ/mol],UCMoreLJ(d)[kJ/mol],UCLessLJ(d)[kJ/mol],UCMin(d)[kJ/mol],UKMin(d)[kJ/mol],UClMin(d)[kJ/mol],UC2AMin(d)[kJ/mol],UC4AMin(d)[kJ/mol],UCPlusMin(d)[kJ/mol],UCMinusMin(d)[kJ/mol],UCMoreLJMin(d)[kJ/mol],UCLessLJMin(d)[kJ/mol]
0.7500000,0.0000000,-0.0222244,229400.6400814,149385.7998015,914853.1437809,14414.7005273,645716.0243781,230333.8433284,228418.8466391,270426.3758906,171032.6574399,229400.6400814,149385.7998015,914853.1437809,14414.7005273,645716.0243781,230333.8433284,228418.8466391,270426.3758906,171032.6574399
0.7550000,0.0050000,-0.0172244,205722.4822435,134303.3214769,820346.6449814,12912.9278390,579150.2519671,206704.0834838,204740.8810032,242513.6446549,153379.0961557,205722.4822435,134303.3214769,820346.6449814,12912.9278390,579150.2519671,206704.0834838,204740.8810032,242513.6446549,153379.0961557
0.7600000,0.0100000,-0.0122244,182353.2980452,119257.3136129,727065.9159780,11431.5870720,513448.0840471,183334.6879523,181371.9081380,214965.1435347,135955.8942229,182353.2980452,119257.3136129,727065.9159780,11431.5870720,513448.0840471,183334.6879523,181371.9081380,214965.1435347,135955.8942229
0.7650000,0.0150000,-0.0072244,159881.1372895,104789.5821018,637357.4670695,10008.0397692,450262.3008810,160862.2961001,158899.9784788,188474.0884556,119201.4798887,159881.1372895,104789.5821018,637357.4670695,10008.0397692,450262.3008810,160862.2961001,158899.9784788,188474.0884556,119201.4798887
0.7700000,0.0200000,-0.0022244,138755.6870582,91189.6637066,553016.0760117,8670.8142492,390857.0526813,139736.5943739,137774.7797425,163570.5879986,103451.1232577,138755.6870582,91189.6637066,553016.0760117,8670.8142492,390857.0526813,139736.5943739,137774.7797425,163570.5879986,103451.1232577
0.7750000,0.0250000,0.0027756,119288.5727714,78658.1602474,475285.9332357,7439.6310019,336108.6682241,120269.2075577,118307.9379851,140621.9983008,88937.1607510,119288.5727714,78658.1602474,475285.9332357,7439.6310019,336108.6682241,120269.2075577,118307.9379851,140621.9983008,88937.1607510
0.7800000,0.0300000,0.0077756,101664.1105995,67313.6700295,404903.4689803,6326.0946056,286535.8232009,102644.4511869,100683.7700121,119845.5984160,75797.0117081,101664.1105995,67313.6700295,404903.4689803,6326.0946056,286535.8232009,102644.4511869,100683.7700121,119845.5984160,75797.0117081
0.7850000,0.0350000,0.0127756,85956.9853902,57204.1798248,342167.8060235,5334.8267095,242349.1671882,86937.0094772,84976.9613032,101329.4297405,64086.3583972,85956.9853902,57204.1798248,342167.8060235,5334.8267095,242349.1671882,86937.0094772,84976.9613032,101329.4297405,64086.3583972
0.7900000,0.0400000,0.0177756,72153.4793314,48320.7431733,287025.3827084,4464.8244204,203510.9315038,73133.1639897,71173.7946732,85057.3211852,53794.9733236,72153.4793314,48320.7431733,287025.3827084,4464.8244204,203510.9315038,73133.1639897,71173.7946732,85057.3211852,53794.9733236
0.7950000,0.0450000,0.0227756,60173.4275369,40611.6258369,239157.4865766,3710.8637626,169796.5868223,61152.7492188,59194.1058550,70934.7712715,44863.0885042,60173.4275369,40611.6258369,239157.4865766,3710.8637626,169796.5868223,61152.7492188,59194.1058550,70934.7712715,44863.0885042
0.8000000,0.0500000,0.0277756,49890.8209029,33995.5787497,198062.4051301,3064.8155212,140852.7088005,50869.7554511,48911.8863546,58813.2355785,37196.7561984,49890.8209029,33995.5787497,198062.4051301,3064.8155212,140852.7088005,50869.7554511,48911.8863546,58813.2355785,37196.7561984
0.8050000,0.0550000,0.0327756,41151.7430733,28373.3926660,163126.9557969,2516.7898137,116247.3622752,42130.2657330,40173.2204136,48511.2715332,30681.2220472,41151.7430733,28373.3926660,163126.9557969,2516.7898137,116247.3622752,42130.2657330,40173.2204136,48511.2715332,30681.2220472
0.8100000,0.0600000,0.0377756,33789.0017423,23637.3225602,133684.8418741,2056.0687772,95511.2056602,34767.0871755,32810.9163090,39831.7863580,25191.8336329,33789.0017423,23637.3225602,133684.8418741,2056.0687772,95511.2056602,34767.0871755,32810.9163090,39831.7863580,25191.8336329
0.8150000,0.0650000,0.0427756,27633.3355620,19678.3055039,109061.3587424,1686.5559852,78168.9805438,28610.9578644,26655.7132595,32575.2482083,20602.3959367,27633.3355620,19678.3055039,109061.3587424,1671.8200447,78168.9805438,28610.9578644,26655.7132595,32575.2482083,20602.3959367
0.8200000,0.0700000,0.0477756,22521.4326292,16391.1242421,88605.3891590,1368.3422555,63762.0478407,23498.5653495,21544.2999088,26549.1386755,16791.1496261,22521.4326292,16391.1242421,88605.3891590,1353.6063150,63762.0478407,23498.5653495,21544.2999088,26549.1386755,16791.1496261
0.8250000,0.0750000,0.0527756,18301.2008655,13677.8002978,71710.4415539,1106.4552764,51863.2059951,19277.8170270,17324.5847041,21574.1657162,13644.7004562,18301.2008655,13677.8002978,71710.4415539,1091.7193359,51863.2059951,19277.8170270,17324.5847041,21574.1657162,13644.7004562
0.8300000,0.0800000,0.0577756,14834.8158621,11449.5553238,57826.8255898,892.1079599,42085.2664462,15810.8879864,13858.7437377,17487.8565690,11060.2916305,14834.8158621,11449.5553238,57826.8255898,877.3720195,42085.2664462,15810.8879864,13858.7437377,17487.8565690,11060.2916305
0.8350000,0.0850000,0.0627756,12000.0732658,9627.6803522,46467.0656594,717.5184022,34084.8660680,12975.5733996,11024.5731320,14146.1520009,8946.8120900,12000.0732658,9627.6803522,46467.0656594,702.7824618,34084.8660680,12975.5733996,11024.5731320,14146.1520009,8946.8120900
0.8400000,0.0900000,0.0677756,9690.5228148,8143.6203638,37206.4541024,575.9163444,27562.8561897,10665.4225579,8715.6230718,11423.5643125,7224.8964450,9690.5228148,8143.6203638,37206.4541024,561.1804055,27562.8561897,10665.4225579,8715.6230718,11423.5643125,7224.8964450
0.8450000,0.0950000,0.0727756,7814.7853944,6938.5327829,29680.3442571,461.4977306,22262.3953010,8789.0559304,6840.5148584,9212.3722576,5826.4157975,7814.7853944,6938.5327829,29680.3442571,446.7618136,22262.3953010,8789.0559304,6840.5148584,9212.3722576,5826.4157975
0.8500000,0.1000000,0.0777756,6295.3712816,5962.5248751,23579.4519185,369.3476026,17965.6390049,7268.9834109,5321.7591524,7421.2279442,4693.5966678,6295.3712816,5962.5248751,23579.4519185,354.6118822,17965.6390049,7268.9834109,5321.7591524,7421.2279442,4693.5966678
0.8550000,0.1050000,0.0827756,5067.2386171,5158.2194366,18644.1184391,295.3463188,14489.6986590,6040.1627909,4094.3144433,5973.4575044,3777.9462440,5067.2386171,5158.2194366,18644.1184391,280.6117476,14489.6986590,6040.1627909,4094.3144433,5973.4575044,3777.9462440
0.8600000,0.1100000,0.0877756,4076.2623131,4482.7288429,14658.2143676,236.0696264,11682.3468994,5048.4686702,3104.0559561,4805.2561847,3039.1108568,4076.2623131,4482.7288429,14658.2143676,221.3397351,11682.3468994,5048.4686702,3104.0559561,4805.2561847,3039.1108568
0.8650000,0.1150000,0.0927756,3277.7275141,3938.1008717,11443.1389123,188.6902218,9417.7907348,4249.1859183,2306.2691099,3863.9123783,2443.7527589,3277.7275141,3938.1008717,11443.1389123,173.9744071,9417.7907348,4249.1859183,2306.2691099,3863.9123783,2443.7527589
0.8700000,0.1200000,0.0977756,2634.9183836,3499.4393126,8852.1977331,150.8863268,7592.7111912,3605.5984636,1678.9742441,3106.1440325,1964.4979767,2634.9183836,3499.4393126,8852.1977331,136.2038981,7592.7111912,3605.5984636,1664.2383036,3106.1440325,1964.4979767
0.8750000,0.1250000,0.1027756,2117.8410929,3146.3696059,6765.5143616,120.7585529,6122.6788856,3087.7122823,1162.7058439,2496.5932582,1593.7201579,2117.8410929,3146.3696059,6765.5143616,106.1439851,6122.6788856,3087.7122823,1147.9699035,2496.5932582,1578.9842174
0.8800000,0.1300000,0.1077756,1716.8334517,2862.2951508,5085.5413216,96.7549944,4938.9920631,2667.9575883,747.8018724,2006.4985922,1283.7570751,1702.0975112,2862.2951508,5085.5413216,82.2659182,4938.9920631,2667.9575883,733.0659320,2006.4985922,1269.0211346
0.8850000,0.1350000,0.1127756,1382.6471758,2633.7489594,3733.1777255,77.6145542,3985.9418561,2312.0989086,414.4860371,1627.2827833,1034.6001119,1367.9112353,2633.7489594,3733.1777255,63.3340860,3985.9418561,2312.0989086,399.7500967,1612.5468428,1019.8641714
0.8900000,0.1400000,0.1177756,1114.0343139,2449.8382084,2644.4633250,62.3328404,3218.4836154,2025.8585858,146.7745141,1310.6315188,834.3322679,1099.2983734,2449.8382084,2644.4633250,48.3530093,3218.4836154,2025.8585858,132.0385736,1295.8955783,819.5963274
0.8950000,0.1450000,0.1227756,898.1062856,2301.7749342,1782.5343431,50.1288855,2600.2786532,1810.2998735,-68.2212539,1056.0871805,673.3442928,883.3703452,2301.7749342,1767.7984026,36.5228267,2600.2786532,1795.5639331,-82.9571933,1041.3512401,658.6083526
0.9000000,0.1500000,0.1277756,724.4895434,2182.4839231,1076.3654116,40.3956329,2102.0641073,1624.9394830,-240.8758851,851.4210281,543.9020402,709.7536030,2182.4839231,1061.6294712,27.2022928,2102.0641073,1610.2035426,-255.6107710,836.6850876,529.1661122
0.9050000,0.1550000,0.1327756,584.8465862,2086.2780717,507.2745909,32.6456705,1715.0430986,1475.6591665,-379.6692974,686.8045092,439.7890463,570.1106624,2086.2780717,492.5386504,19.8782781,1700.3071581,1460.9232599,-394.2597072,672.0685706,425.0534854
0.9100000,0.1600000,0.1377756,472.4828330,2001.3297483,48.4129494,26.4744115,1390.8374762,1355.3446550,-493.6757212,554.3462674,356.0105739,457.7474410,2001.3297483,33.6770095,14.1408004,1376.1015357,1340.6119362,-507.4362144,539.6104453,341.2796113
0.9150000,0.1650000,0.1427756,382.0222625,1933.1326043,-321.7923346,21.5477550,1129.0036790,1258.2113676,-588.5139974,447.7130321,288.5440203,367.2931549,1933.1326043,-336.5128890,9.6627025,1114.2677387,1243.5630397,-603.1570381,432.9794230,273.8402313
0.9200000,0.1700000,0.1477756,309.1352192,1876.8928077,-626.2071601,17.5980767,917.3586246,1179.0905396,-665.7786769,361.8143686,234.1386476,294.4405596,1876.8928077,-640.6649815,6.1831890,902.6227103,1165.1996163,-679.4251455,347.0979568,219.5240229
0.9250000,0.1750000,0.1527756,250.3254183,1844.7798772,-880.0459286,14.4127959,746.1242392,1113.5411026,-750.8657378,292.5429973,190.1848352,235.7359508,1830.5902798,-894.7801157,3.4945422,731.3892662,1099.7529766,-765.6015836,277.8946860,175.7560315
0.9300000,0.1800000,0.1577756,202.7940880,1807.4728567,-1084.0658124,11.8185401,607.4435483,1059.5470580,-821.0956995,236.5921398,154.6244750,188.4099070,1793.0158369,-1098.8017057,1.4314363,592.7199664,1045.2860449,-835.8316399,222.1049091,140.4714785
0.9350000,0.1850000,0.1627756,164.3377171,1776.9997219,-1248.0115398,9.6706075,494.9769465,1015.5443811,-877.3034990,191.3395161,125.8429091,150.2412007,1762.4165637,-1262.7474761,-0.1376341,480.3141767,1001.4019817,-892.0394395,177.1101572,112.0142987
0.9400000,0.1900000,0.1677756,133.2214332,1752.0400823,-1398.6756285,7.8476630,403.6002801,979.6944334,-922.2450719,154.7258175,102.5515780,119.4475862,1737.3963252,-1413.4102583,-1.3172159,389.1106544,965.9708408,-936.9810124,140.8094494,89.0557153
0.9450000,0.1950000,0.1727756,108.0529456,1731.5125971,-1551.5845500,6.2491578,329.2280697,950.3972162,-958.1210497,125.1126061,83.7025064,94.5982827,1716.8421993,-1566.3204904,-2.1903817,315.0411161,937.3005012,-972.8569901,111.5161263,70.5289910
0.9500000,0.2000000,0.1777756,87.6968444,1714.5415419,-1674.9194298,4.8016410,268.6508520,926.3903856,-986.6901155,101.1705168,68.4369807,74.5439190,1699.8661923,-1689.6553703,-2.8231062,254.8328918,912.8982315,-1001.4260560,87.8752642,55.5771970
0.9550000,0.2050000,0.1827756,71.2231744,1700.4219508,-1789.0950896,3.4698129,219.3154436,906.6769363,-1009.3591752,81.8114606,56.0532846,58.3604950,1685.7590678,-1789.0950896,-3.2677555,205.8509982,892.8187691,-1024.0951156,68.7976161,43.5114329
0.9600000,0.2100000,0.1877756,57.8730779,1688.5821869,-1869.1940422,2.2525717,179.1423099,890.4519927,-1027.2550077,66.1455306,45.9831258,45.3045755,1673.9537662,-1869.1940422,-3.6388591,165.9718050,876.4009619,-1041.9909397,53.4067916,33.7774208
0.9650000,0.2150000,0.1927756,47.0323196,1678.5352682,-1933.6086460,1.1623788,146.4219666,877.0599955,-1041.2836688,53.4493455,37.7696158,34.7774716,1663.9964131,-1933.6086460,-4.0395084,133.4603607,862.9323529,-1056.0170776,40.9970330,25.9288003
0.9700000,0.2200000,0.1977756,38.2067762,1669.8349609,-1985.2784629,0.2092353,119.7515114,865.9654217,-1052.3849671,43.1393322,31.0452294,26.2920087,1655.5233292,-1985.2784629,-4.2991544,106.7234913,851.8413100,-1066.8990767,30.9940401,19.6023521
0.9750000,0.2250000,0.2027756,30.9986401,1662.0992654,-2026.5702452,-0.6029205,97.9844886,856.7231501,-1064.2124053,34.7459941,25.5137394,19.4116161,1648.2427874,-2026.5702452,-4.4497554,84.9836169,842.6686186,-1078.3134885,22.8831663,14.4725851
0.9800000,0.2300000,0.2077756,25.0871420,1654.8743184,-2059.3925579,-1.2758179,80.1888502,848.9536287,-1077.1514797,27.8906393,20.9383462,13.9000913,1641.9205248,-2059.3925579,-4.5165550,67.2982381,835.0449120,-1091.8170990,16.3859669,10.3633954
0.9850000,0.2350000,0.2127756,20.2158073,1645.7746997,-2085.2870517,-1.8166296,65.6107134,842.3390436,-1087.9725083,22.2684433,17.1321701,9.4941510,1631.9254876,-2085.2870517,-4.5194746,52.9073280,828.6727236,-1102.2400280,11.1920736,7.0784889
0.9900000,0.2400000,0.2177756,16.1822710,1635.0194662,-2105.5011999,-2.2369420,53.6408424,836.6362590,-1098.4066400,17.6371700,13.9464609,5.9817541,1620.3989102,-2105.5011999,-4.4742156,41.1969690,823.3121982,-1110.2155363,7.0515238,4.4597752
0.9950000,0.2450000,0.2227756,12.8256753,1625.5890993,-2121.0463170,-2.5508626,43.7850503,831.6719884,-1109.2584435,13.8058947,11.2592778,3.1918933,1610.9000440,-2121.0463170,-4.3931342,31.6704368,818.7697046,-1122.1923662,3.7627277,2.3797580
1.0000000,0.2500000,0.2277756,10.0139316,1617.6598119,-2146.8773690,-2.7732349,35.6426680,827.2670888,-1118.6895422,10.6209991,8.9704933,0.9864733,1602.9741056,-2146.8773690,-4.2859333,23.9251705,814.8887475,-1132.6876020,1.1628930,0.7354781
1.0050000,0.2550000,0.2327756,7.6373321,1610.9429292,-2176.7908834,-2.9184960,28.8928626,823.0578591,-1125.9268188,7.9547112,7.0016798,-0.7461635,1596.2713850,-2176.7908834,-4.1842486,17.6343978,811.2554807,-1140.2788931,-0.8796065,-0.5563120
1.0100000,0.2600000,0.2377756,5.6083297,1605.1780130,-2199.7015950,-3.0001080,23.2826208,818.5908581,-1131.0956424,5.7013995,5.2945167,-2.0964038,1590.5219885,-2199.7015950,-4.1934309,12.5324519,805.8536238,-1145.5827901,-2.4713222,-1.5630014
1.0150000,0.2650000,0.2427756,3.8608369,1600.1586854,-2217.0020496,-3.0302940,18.6114558,813.9834789,-1134.5269915,3.7781784,3.8061253,-3.1374950,1585.5169017,-2217.0020496,-4.1569827,8.4030165,800.2891886,-1149.0717601,-3.6986008,-2.3392005
1.0200000,0.2700000,0.2477756,2.3459871,1595.7235227,-2231.0522740,-3.0198910,14.7150068,809.6920016,-1136.5400928,2.1230531,2.5049235,-3.9288538,1581.0937294,-2231.0522740,-4.0938352,5.0696998,795.6703356,-1151.1103487,-4.6314854,-2.9292085
1.0250000,0.2750000,0.2527756,1.0276624,1591.7462341,-2243.9655091,-2.9782725,11.4535706,805.9163874,-1137.4012267,0.6900575,1.3686459,-4.5187204,1577.1259129,-2243.9655091,-4.0062148,2.3884631,791.7967365,-1151.9818030,-5.3268429,-3.3689913
1.0300000,0.2800000,0.2577756,-0.1196688,1588.1278156,-2253.1110627,-2.9133425,8.7082445,802.6497616,-1137.3245545,-0.5544563,0.3825596,-5.0147805,1573.5145422,-2253.1110627,-3.9015500,0.2415279,788.5114171,-1151.9077763,-5.9116178,-3.7388354
1.0350000,0.2850000,0.2627756,-1.1125648,1584.7904943,-2259.1887900,-2.8315969,6.3813651,799.8214609,-1136.4809136,-1.6333683,-0.4635068,-5.5912726,1570.1821150,-2259.1887900,-3.7968328,-1.4675342,785.6910116,-1151.0629906,-6.5912091,-4.1686467
1.0400000,0.2900000,0.2677756,-1.9616585,1581.6730646,-2262.7535051,-2.7382407,4.3958090,797.3535582,-1135.0067745,-2.5608369,-1.1783549,-6.0079239,1567.0677604,-2262.7535051,-3.7532775,-2.8177674,783.2382992,-1149.5861993,-7.0823738,-4.4792865
1.0450000,0.2950000,0.2727756,-2.6753909,1578.7272818,-2264.2481875,-2.6373536,2.6912886,795.1765281,-1133.0117554,-3.3460382,-1.7714494,-6.2953180,1564.1235707,-2264.2481875,-3.6950657,-3.8740373,781.0764672,-1147.5884250,-7.4211651,-4.6935569
1.0500000,0.3000000,0.2777756,-3.2626805,1575.9150667,-2264.0290639,-2.5320915,1.2202399,793.2321691,-1130.5846025,-3.9970146,-2.2535079,-6.4784379,1561.3117730,-2264.0290639,-3.6457111,-4.6896298,779.1446850,-1145.1591792,-7.6370340,-4.8300844
1.0550000,0.3050000,0.2827756,-3.7339043,1573.2063298,-2262.3846421,-2.4248920,-0.0541803,791.4729232,-1127.7980756,-4.5229497,-2.6361920,-6.5777061,1558.6025412,-2262.3846421,-3.5788016,-5.3083580,777.3946764,-1142.3711796,-7.7540552,-4.9040951
1.0600000,0.3100000,0.2877756,-4.1007025,1570.5772755,-2259.5502251,-2.3176615,-1.1587434,789.8603323,-1124.7137042,-4.9346998,-2.9315044,-6.6098265,1555.9722982,-2259.5502251,-3.4950195,-5.7662763,775.7880572,-1139.2839469,-7.7919200,-4.9280429
1.0650000,0.3150000,0.2927756,-4.3753339,1568.0090761,-2255.7190344,-2.2119364,-2.1116162,788.3634467,-1121.3873183,-5.2443322,-3.1512297,-6.5884668,1553.4023932,-2255.7190344,-3.3989936,-6.0930750,774.2942586,-1135.9465595,-7.7667403,-4.9121179
1.0700000,0.3200000,0.2977756,-4.5700286,1565.4868334,-2251.0507786,-2.1089999,-2.9252478,786.9574190,-1117.8736468,-5.4643924,-3.3065288,-6.5248128,1550.8780684,-2251.0507786,-3.2943398,-6.4895025,772.8889035,-1132.3997753,-7.6917025,-4.8646598
1.0750000,0.3250000,0.3027756,-4.6965006,1562.9987627,-2245.6782918,-2.0099204,-3.6095265,785.6223260,-1114.2246729,-5.6072572,-3.4076842,-6.4280188,1548.3876495,-2245.6782918,-3.1838917,-6.8735668,771.5525328,-1128.6776739,-7.5775980,-4.7924938
1.0800000,0.3300000,0.3077756,-4.7656314,1560.5355513,-2239.7127055,-1.9155064,-4.1739906,784.3422060,-1110.4796757,-5.6846772,-3.4639615,-6.4299179,1545.9219098,-2239.7127055,-3.0698749,-7.1430604,770.2696023,-1124.8089358,-7.5798368,-4.7939097
1.0850000,0.3350000,0.3127756,-4.7872917,1558.0898521,-2233.2475026,-1.8262380,-4.6287905,783.1042801,-1106.6559204,-5.7074920,-3.4835546,-6.4057024,1543.4735682,-2233.2475026,-2.9540397,-7.3183395,769.0276920,-1120.8178438,-7.5512906,-4.7758555
1.0900000,0.3400000,0.3177756,-4.7702604,1555.6558833,-2226.3617173,-1.7422465,-4.9847694,781.8983257,-1102.7514193,-5.6854780,-3.4735892,-6.3395893,1541.0368940,-2226.3617173,-2.8377625,-7.4163452,767.8168790,-1116.7250730,-7.4733538,-4.7265640
1.0950000,0.3450000,0.3227756,-4.7222115,1553.2291117,-2219.1224747,-1.6633719,-5.2531318,780.7161745,-1098.7577039,-5.6272868,-3.4401711,-6.2409144,1538.6073923,-2219.1224747,-2.7221234,-7.4511891,766.6292414,-1112.5483165,-7.3570321,-4.6529956
1.1000000,0.3500000,0.3277756,-4.6497510,1550.8060001,-2211.5870233,-1.5892842,-5.4450138,779.5513099,-1094.6717657,-5.5404479,-3.3884625,-6.1172510,1536.1815555,-2211.5870233,-2.6079665,-7.4346337,765.4584619,-1108.3027866,-7.2112529,-4.5607968
1.1050000,0.3550000,0.3327756,-4.5584855,1548.3838079,-2203.8043699,-1.5196314,-5.5711043,778.3985437,-1090.5634058,-5.4314161,-3.3227701,-5.9747426,1533.7566647,-2203.8043699,-2.4959463,-7.3764885,764.2995132,-1104.0016166,-7.0432584,-4.4545477
1.1100000,0.3600000,0.3377756,-4.4531099,1545.9604307,-2195.8166058,-1.4541604,-5.6413704,777.2537576,-1089.5004406,-5.3056485,-3.2466352,-5.8183709,1531.3306318,-2195.8166058,-2.4077451,-7.2849371,763.1484057,-1103.4247553,-6.8589214,-4.3379628
1.1150000,0.3650000,0.3427756,-4.3374965,1543.5342727,-2187.6599892,-1.3927380,-5.6648901,776.1136949,-1092.8003420,-5.1676935,-3.1629247,-5.6842427,1528.9018732,-2187.6599892,-2.3501022,-7.3026659,762.0019854,-1107.4995351,-6.7008058,-4.2379617
1.1200000,0.3700000,0.3477756,-4.2147856,1541.1041451,-2179.3658335,-1.3352478,-5.6497758,774.9757935,-1094.3082651,-5.0212814,-3.0739307,-5.6026602,1526.4692088,-2179.3658335,-2.2852992,-7.2718782,760.8577717,-1109.0364453,-6.6046332,-4.1771368
1.1250000,0.3750000,0.3527756,-4.0874827,1538.6691838,-2170.9612424,-1.2814591,-5.6031635,773.8380514,-1093.9684214,-4.8694154,-2.9814806,-5.4978004,1524.0317807,-2170.9612424,-2.2151505,-7.2019822,759.7138273,-1108.6903533,-6.4810205,-4.0989573
1.1300000,0.3800000,0.3577756,-3.9575696,1536.2287840,-2162.4697211,-1.2309771,-5.5312464,772.6989179,-1092.2493418,-4.7144733,-2.8870530,-5.3753223,1521.5889883,-2162.4697211,-2.1411978,-7.1009026,758.5686528,-1106.9438958,-6.3366385,-4.0076421
1.1350000,0.3850000,0.3627756,-3.8266263,1533.7825471,-2153.9116865,-1.1832992,-5.4393350,771.5572062,-1089.5467115,-4.5583261,-2.7918895,-5.2398024,1519.1404360,-2153.9116865,-2.0647433,-6.9752191,757.4211023,-1104.1557093,-6.1768824,-3.9066035
1.1400000,0.3900000,0.3677756,-3.6959556,1531.3302388,-2155.0538020,-1.1379384,-5.3319311,770.4120226,-1086.2559394,-4.4024671,-2.6970800,-5.0949406,1516.6858911,-2155.0538020,-1.9868782,-6.8303955,756.2703144,-1100.5942910,-6.0061137,-3.7985998
1.1450000,0.3950000,0.3727756,-3.5666875,1528.8717541,-2155.8147661,-1.0945292,-5.2128062,769.2627092,-1082.7933923,-4.2481406,-2.6036035,-4.9437251,1514.2252499,-2155.8147661,-1.9305113,-6.6709663,755.1156569,-1096.4620027,-5.8278550,-3.6858591
1.1500000,0.4000000,0.3777756,-3.4398400,1526.4070908,-2153.8783868,-1.0528702,-5.0850814,768.1087976,-1079.3557080,-4.0964430,-2.5123186,-4.7885650,1511.7585104,-2153.8783868,-1.8700799,-6.5300762,753.9566822,-1092.2386432,-5.6449462,-3.5701775
1.1550000,0.4050000,0.3827756,-3.3163238,1523.9363261,-2149.8919123,-1.0129032,-4.9513095,766.9499713,-1076.0129869,-3.9483722,-2.4239240,-4.6313976,1509.2857501,-2149.8919123,-1.8076550,-6.4075504,752.7930902,-1089.3452100,-5.4596712,-3.4529993
1.1600000,0.4100000,0.3877756,-3.1968996,1521.4595998,-2144.3485284,-0.9746096,-4.8135638,765.7860350,-1073.2615811,-3.8048127,-2.3389197,-4.4737749,1506.8071085,-2144.3485284,-1.7601035,-6.2730681,751.6246990,-1085.7587231,-5.2738594,-3.3354815
1.1650000,0.4150000,0.3927756,-3.0821248,1518.9770992,-2137.6262207,-0.9378787,-4.6735337,764.6168900,-1070.9960984,-3.6664802,-2.2575981,-4.3313843,1504.3227725,-2137.6262207,-1.7055609,-6.1510671,750.4514213,-1084.8527865,-5.1060038,-3.2293204
1.1700000,0.4200000,0.3977756,-2.9723247,1516.4890475,-2130.0161772,-0.9024684,-4.5326246,763.4425142,-1068.3753248,-3.5338614,-2.1800612,-4.1937982,1501.8329652,-2130.0161772,-1.6462752,-6.0151277,749.2732441,-1082.6652936,-4.9438121,-3.1267413
1.1750000,0.4250000,0.4027756,-2.8676001,1513.9956948,-2123.4230600,-0.8680846,-4.3920496,762.2629458,-1065.1000094,-3.4071902,-2.1062490,-4.0554211,1499.3379363,-2123.4230600,-1.5840204,-5.8686854,748.0902132,-1079.5388324,-4.7806877,-3.0235724
1.1800000,0.4300000,0.4077756,-2.7678578,1511.4973104,-2116.9702124,-0.8344881,-4.2528966,761.0782696,-1061.2355455,-3.2864639,-2.0359634,-3.9173271,1496.8379546,-2116.9702124,-1.5201874,-5.7145912,746.9024205,-1075.7280084,-4.6178972,-2.9206146
1.1850000,0.4350000,0.4127756,-2.6728425,1508.9941766,-2112.5059629,-0.8015545,-4.1161544,759.8886068,-1056.9215145,-3.1714792,-1.9688928,-3.7803859,1494.3333025,-2112.5059629,-1.4572661,-5.5552079,745.7099934,-1071.4232273,-4.4564656,-2.8185163
1.1900000,0.4400000,0.4177756,-2.5821686,1506.4865840,-2109.1673027,-0.7692714,-3.9826954,758.6941062,-1052.3055254,-3.0618694,-1.9046574,-3.6554771,1491.8242707,-2109.1673027,-1.4452737,-5.3924893,744.5130859,-1066.7676058,-4.3092183,-2.7253889
1.1950000,0.4450000,0.4227756,-2.4953705,1503.9748279,-2104.1186372,-0.7377038,-3.8532305,757.4949367,-1047.5520504,-2.9571467,-1.8428773,-3.5422507,1489.3111545,-2104.1186372,-1.4186045,-5.2280471,743.3118724,-1061.8691332,-4.1757425,-2.6409715
1.2000000,0.4500000,0.4277756,-2.4119775,1501.4592047,-2097.7909988,-0.7069524,-3.7282616,756.2912823,-1042.7989305,-2.8567686,-1.7832423,-3.4275607,1486.7942509,-2097.7909988,-1.3815193,-5.0632059,742.1065416,-1056.8095099,-4.0405415,-2.5554628
1.2050000,0.4550000,0.4327756,-2.3315938,1498.9400099,-2090.5130509,-0.6771222,-3.6080517,755.0833369,-1038.0502373,-2.7602256,-1.7255484,-3.3124556,1484.2738562,-2090.5130509,-1.3372863,-4.8990489,740.8972925,-1051.6506333,-3.9048511,-2.4696447
1.2100000,0.4600000,0.4377756,-2.2539467,1496.4175363,-2082.5364870,-0.6483030,-3.4926257,753.8713010,-1033.2118396,-2.6671189,-1.6696816,-3.2142925,1481.7502642,-2082.5364870,-1.3110655,-4.7364567,739.6843303,-1046.4393967,-3.7891327,-2.3964579
1.2150000,0.4650000,0.4427756,-2.1788754,1493.8920720,-2074.0547309,-0.6205611,-3.3817979,752.6553786,-1028.2227898,-2.5771903,-1.6155592,-3.1149776,1479.2237644,-2074.0547309,-1.2764424,-4.5761395,738.4678637,-1041.2112704,-3.6720564,-2.3224124
1.2200000,0.4700000,0.4477756,-2.1062668,1491.3638998,-2065.2168202,-0.5939378,-3.2752305,751.4357748,-1023.0925685,-2.4902848,-1.5630694,-3.0311069,1476.6946412,-2065.2168202,-1.2445216,-4.4302046,737.2481027,-1035.9929908,-3.5731864,-2.2598815
1.2250000,0.4750000,0.4527756,-2.0359831,1488.8332961,-2056.1377939,-0.5684513,-3.1725148,750.2126941,-1017.8709593,-2.4062683,-1.5120515,-2.9498058,1474.1631731,-2056.1377939,-1.2154295,-4.2904619,736.0252567,-1030.8045943,-3.4773455,-2.1992664
1.2300000,0.4800000,0.4577756,-1.9678295,1486.3005302,-2046.9065204,-0.5441008,-3.0732581,748.9863389,-1012.6178573,-2.3249590,-1.4623191,-2.8643002,1471.6296320,-2046.9065204,-1.1775512,-4.1516340,734.7995331,-1025.6609626,-3.3765482,-2.1355166
1.2350000,0.4850000,0.4627756,-1.9015767,1483.7658640,-2037.5916333,-0.5208706,-2.9771488,747.7569083,-1007.3869948,-2.2461149,-1.4137038,-2.7760259,1469.0942827,-2037.5916333,-1.1340548,-4.0219721,733.5711361,-1020.5730047,-3.2724871,-2.0697025
1.2400000,0.4900000,0.4677756,-1.8370100,1481.2295517,-2028.2460613,-0.4987341,-2.8839719,746.5245974,-1002.2190919,-2.1694746,-1.3660886,-2.6861654,1466.5573828,-2028.2460613,-1.0872658,-3.9027742,732.3402659,-1015.5485634,-3.1665560,-2.0027059
1.2450000,0.4950000,0.4727756,-1.7739713,1478.6918396,-2018.9105030,-0.4776566,-2.7935750,745.2895964,-997.1403604,-2.0948131,-1.3194205,-2.6053297,1464.0191823,-2018.9105030,-1.0404101,-3.7878764,731.1071181,-1010.5931144,-3.0712638,-1.9424378
1.2500000,0.5000000,0.4777756,-1.7123779,1476.1529658,-2009.6161060,-0.4575986,-2.7058135,744.0520906,-992.1642230,-2.0219799,-1.2737040,-2.5267851,1461.4799237,-2009.6161060,-0.9928796,-3.6817194,729.8718831,-1005.7103067,-2.9786723,-1.8838778
1.2550000,0.5050000,0.4827756,-1.6522163,1473.6131602,-2000.3865422,-0.4385172,-2.6205125,742.8122595,-987.2946873,-1.9509084,-1.2289847,-2.4506846,1458.9398420,-2000.3865422,-0.9454457,-3.5729182,728.6347460,-1000.9023818,-2.8889620,-1.8271400
1.2600000,0.5100000,0.4877756,-1.5935241,1471.0726449,-1991.2396212,-0.4203682,-2.5374685,741.5702771,-982.5299830,-1.8816028,-1.1853301,-2.3770427,1456.3991645,-1991.2396212,-0.8988195,-3.4699943,727.3958861,-996.1704999,-2.8021501,-1.7722354
1.2650000,0.5150000,0.4927756,-1.5363670,1468.5316339,-1982.1885504,-0.4031068,-2.4564779,740.3263115,-977.8655084,-1.8141142,-1.1428141,-2.3009232,1453.8581114,-1982.1885504,-0.8534920,-3.3796543,726.1554771,-991.5149937,-2.7124175,-1.7154834
1.2700000,0.5200000,0.4977756,-1.4808196,1465.9903330,-1973.2429220,-0.3866887,-2.3773729,739.0805251,-973.2957530,-1.7485158,-1.1015051,-2.2577800,1451.3168954,-1973.2429220,-0.8097897,-3.2856453,724.9136866,-986.9355668,-2.6615587,-1.6833175
1.2750000,0.5250000,0.5027756,-1.4269511,1463.4489407,-1964.4094877,-0.3710707,-2.3000436,737.8330745,-968.8153209,-1.6848833,-1.0614595,-2.2079454,1448.7757220,-1964.4094877,-0.7679176,-3.1892831,723.6706766,-982.4314485,-2.6028117,-1.6461627
1.2800000,0.5300000,0.5077756,-1.3748170,1460.9076474,-1955.6927704,-0.3562108,-2.2244435,736.5841104,-964.4193514,-1.6232818,-1.0227186,-2.1508626,1446.2347900,-1955.6927704,-0.7279907,-3.0916535,722.4266033,-978.0015151,-2.5355203,-1.6036039
1.2850000,0.5350000,0.5127756,-1.3244547,1458.3666363,-1947.0955455,-0.3420687,-2.1505797,735.3337780,-960.1036080,-1.5637582,-0.9853078,-2.0887293,1443.6942912,-1947.0955455,-0.6900587,-3.0027459,721.1816171,-973.6443843,-2.4622752,-1.5572795
1.2900000,0.5400000,0.5177756,-1.2758832,1455.8260831,-1938.6192234,-0.3286059,-2.0784968,734.0822172,-955.8644220,-1.5063390,-0.9492374,-2.0255320,1441.1544109,-1938.6192234,-0.6541237,-2.9149675,719.9358629,-969.3584893,-2.3877757,-1.5101620
1.2950000,0.5450000,0.5227756,-1.2291038,1453.2861564,-1930.2641515,-0.3157858,-2.0082586,732.8295623,-951.6985895,-1.4510299,-0.9145050,-1.9845215,1438.6153281,-1930.2641515,-0.6201540,-2.8257770,718.6894801,-965.1421367,-2.3394309,-1.4795860
1.3000000,0.5500000,0.5277756,-1.1841026,1450.7470178,-1922.0298542,-0.3035735,-1.9399340,731.5759427,-947.6032704,-1.3978184,-0.8810970,-1.9354094,1436.0772156,-1922.0298542,-0.5880947,-2.7467281,717.4426027,-960.9935508,-2.2815357,-1.4429699
1.3050000,0.5550000,0.5327756,-1.1408530,1448.2088220,-1913.9152239,-0.2919361,-1.8735851,730.3214828,-943.5759035,-1.3466760,-0.8489909,-1.8805321,1433.5402401,-1913.9152239,-0.5578751,-2.6926909,716.1953598,-956.9109091,-2.2168442,-1.4020554
1.3100000,0.5600000,0.5377756,-1.0993184,1445.6717172,-1905.9186720,-0.2808426,-1.8092614,729.0663022,-939.6141423,-1.2975618,-0.8181576,-1.8218481,1431.0045626,-1905.9186720,-0.5294146,-2.6306327,714.9478753,-952.8923690,-2.1476652,-1.3583028
1.3150000,0.5650000,0.5427756,-1.0594543,1443.1358449,-1898.0382501,-0.2702634,-1.7469957,727.8105161,-935.7158080,-1.2504249,-0.7885626,-1.7608764,1428.4703386,-1898.0382501,-0.5026270,-2.5627864,713.7002683,-948.9360880,-2.0757895,-1.3128445
1.3200000,0.5700000,0.5477756,-1.0212106,1440.6013404,-1890.2717450,-0.2601710,-1.6868041,726.5542353,-931.8788557,-1.2052074,-0.7601678,-1.6987891,1425.9377181,-1890.2717450,-0.4774235,-2.4909469,712.4526534,-945.0402402,-2.0025985,-1.2665545
1.3250000,0.5750000,0.5527756,-0.9845334,1438.0683330,-1882.6167552,-0.2505393,-1.6286859,725.2975664,-928.1013506,-1.1618461,-0.7329325,-1.6364843,1423.4068461,-1882.6167552,-0.4537151,-2.4255339,711.2051405,-941.2030273,-1.9291511,-1.2201023
1.3300000,0.5800000,0.5577756,-0.9493665,1435.5369458,-1875.0707505,-0.2413436,-1.5726263,724.0406122,-924.3814508,-1.1202747,-0.7068148,-1.5746438,1420.8778624,-1875.0707505,-0.4314139,-2.3697359,709.9578353,-937.4226879,-1.8562512,-1.1739963
1.3350000,0.5850000,0.5627756,-0.9156522,1433.0072961,-1867.6311202,-0.2325609,-1.5185977,722.7834715,-920.7173951,-1.0804252,-0.6817719,-1.5138402,1418.3509020,-1867.6311202,-0.4104348,-2.3081430,708.7108394,-933.6975035,-1.7845735,-1.1286634
1.3400000,0.5900000,0.5677756,-0.8833326,1430.4794957,-1860.2952103,-0.2241695,-1.4665627,721.5262400,-917.1074939,-1.0422290,-0.6577608,-1.4550080,1415.8260952,-1860.2952103,-0.3906958,-2.2425974,707.4642503,-930.0258033,-1.7152198,-1.0848003
1.3450000,0.5950000,0.5727756,-0.8523502,1427.9536508,-1853.0603529,-0.2161487,-1.4164753,720.2690095,-913.5501226,-1.0056177,-0.6347391,-1.3976509,1413.3035680,-1853.0603529,-0.3721185,-2.1745561,706.2181618,-926.4059663,-1.6476051,-1.0420370
1.3500000,0.6000000,0.5777756,-0.8226482,1425.4298623,-1845.9238889,-0.2084794,-1.3682840,719.0118690,-910.0437162,-0.9705239,-0.6126650,-1.3419867,1410.7834420,-1845.9238889,-0.3546286,-2.1051671,704.9726639,-922.8364242,-1.5819860,-1.0005358
1.3550000,0.6050000,0.5827756,-0.7941713,1422.9082258,-1838.8831864,-0.2011434,-1.3219324,717.7549043,-906.5867659,-0.9368818,-0.5914977,-1.2881624,1408.2658344,-1838.8831864,-0.3381561,-2.0353294,703.7278432,-919.3156611,-1.5185358,-0.9604064
1.3600000,0.6100000,0.5877756,-0.7668656,1420.3888320,-1832.0708584,-0.1941236,-1.2773614,716.4981984,-903.1778155,-0.9046273,-0.5711975,-1.2362699,1405.7508586,-1832.0708584,-0.3226347,-1.9657426,702.4837828,-915.9096850,-1.4573630,-0.9217173
1.3650000,0.6150000,0.5927756,-0.7406790,1417.8717669,-1825.3546757,-0.1874039,-1.2345098,715.2418316,-899.8154594,-0.8736984,-0.5517262,-1.1863584,1403.2386242,-1825.3546757,-0.3080027,-1.8969455,701.2405626,-912.5527761,-1.3985254,-0.8845051
1.3700000,0.6200000,0.5977756,-0.7155613,1415.3571115,-1818.7203517,-0.1809692,-1.1933157,713.9858818,-896.4983403,-0.8440354,-0.5330467,-1.1384441,1400.7292367,-1818.7203517,-0.2942018,-1.8293481,699.9982594,-909.2372155,-1.3420420,-0.8487819
1.3750000,0.6250000,0.6027756,-0.6914643,1412.8449425,-1812.1658001,-0.1748051,-1.1537171,712.7304241,-893.2251479,-0.8155808,-0.5151236,-1.0925176,1398.2227982,-1812.1658001,-0.2811781,-1.7634702,698.7569469,-905.9618738,-1.2879022,-0.8145409
1.3800000,0.6300000,0.6077756,-0.6683418,1410.3353323,-1805.6889796,-0.1688982,-1.1156522,711.4755318,-889.9946171,-0.7882797,-0.4979227,-1.0485509,1395.7194075,-1805.6889796,-0.2688807,-1.6997299,697.5166961,-902.7256585,-1.2360724,-0.7817608
1.3850000,0.6350000,0.6127756,-0.6461494,1407.8283488,-1799.2878980,-0.1632359,-1.0790605,710.2212758,-886.8055273,-0.7620794,-0.4814116,-1.0065013,1393.2191596,-1799.2878980,-0.2572627,-1.6377724,696.2775753,-899.5275130,-1.1865028,-0.7504103
1.3900000,0.6400000,0.6177756,-0.6248448,1405.3240564,-1792.9606143,-0.1578060,-1.0438826,708.9677249,-883.6567007,-0.7369295,-0.4655590,-0.9663163,1390.7221465,-1792.9606143,-0.2462802,-1.5777214,695.0396498,-896.3664169,-1.1391311,-0.7204498
1.3950000,0.6450000,0.6227756,-0.6043877,1402.8225154,-1786.7052411,-0.1525973,-1.0100606,707.7149463,-880.5470017,-0.7127822,-0.4503352,-0.9279357,1388.2284571,-1786.7052411,-0.2358921,-1.5196555,693.8029828,-893.2413847,-1.0938866,-0.6918347
1.4000000,0.6500000,0.6277756,-0.5847397,1400.3237825,-1780.5199449,-0.1475992,-0.9775384,706.4630051,-877.4753355,-0.6895917,-0.4357118,-0.8912948,1385.7381771,-1780.5199449,-0.2260607,-1.4636177,692.5676349,-890.1514649,-1.0506929,-0.6645166
1.4050000,0.6550000,0.6327756,-0.5658639,1397.8279110,-1774.4029470,-0.1428015,-0.9462617,705.2119648,-874.4406469,-0.6673145,-0.4216616,-0.8563259,1383.2513894,-1774.4029470,-0.2167504,-1.4096231,691.3336642,-887.0957395,-1.0094701,-0.6384450
1.4100000,0.6600000,0.6377756,-0.5477255,1395.3349512,-1754.9114483,-0.1381948,-0.9161782,703.9618873,-871.4419195,-0.6459091,-0.4081591,-0.8229595,1380.7681739,-1768.3525231,-0.2079285,-1.3576647,690.1011268,-884.0733226,-0.9701366,-0.6135682
1.4150000,0.6650000,0.6427756,-0.5302914,1392.8449502,-1748.9118328,-0.1337699,-0.8872376,702.7128330,-868.4781737,-0.6253360,-0.3951795,-0.7911261,1378.2886079,-1762.3670030,-0.1995642,-1.3077186,688.8700766,-881.0833597,-0.9326102,-0.5898345
1.4200000,0.6700000,0.6477756,-0.5135297,1390.3579524,-1742.9795436,-0.1295185,-0.8593913,701.4648606,-865.5484658,-0.6055579,-0.3826995,-0.7607566,1375.8127661,-1756.4447700,-0.1916293,-1.2597480,687.6405655,-878.1250266,-0.8968094,-0.5671921
1.4250000,0.6750000,0.6527756,-0.4974106,1387.8739996,-1737.1129249,-0.1254324,-0.8325931,700.2180278,-862.6518864,-0.5865389,-0.3706969,-0.7317831,1373.3407203,-1750.5842597,-0.1840973,-1.2137066,686.4126431,-875.1975282,-0.8626543,-0.5455905
1.4300000,0.6800000,0.6577756,-0.4819053,1385.3931315,-1731.3103763,-0.1215041,-0.8067983,698.9723907,-859.7875591,-0.5682453,-0.3591505,-0.7041392,1370.8725402,-1744.7839592,-0.1769435,-1.1695407,685.1863575,-872.3000975,-0.8300666,-0.5249802
1.4350000,0.6850000,0.6627756,-0.4669867,1382.9153856,-1725.5703502,-0.1177262,-0.7819645,697.7280042,-856.9546381,-0.5506448,-0.3480402,-0.6777606,1368.4082928,-1739.0424057,-0.1701450,-1.1271918,683.9617547,-869.4319950,-0.7989705,-0.5053133
1.4400000,0.6900000,0.6677756,-0.4526290,1380.4407975,-1719.8913491,-0.1140921,-0.7580508,696.4849220,-854.1523077,-0.5337067,-0.3373468,-0.6525854,1365.9480430,-1733.3581851,-0.1636805,-1.0865981,682.7388791,-866.5925071,-0.7692929,-0.4865436
1.4450000,0.6950000,0.6727756,-0.4388074,1377.9694014,-1714.2719232,-0.1105951,-0.7350183,695.2431965,-851.3797796,-0.5174019,-0.3270522,-0.6285537,1363.4918534,-1727.7299307,-0.1575302,-1.0476955,681.5177733,-863.7809456,-0.7409635,-0.4686265
1.4500000,0.7000000,0.6777756,-0.4254986,1375.5012300,-1708.7106686,-0.1072292,-0.7128298,694.0028792,-848.6362922,-0.5017026,-0.3171389,-0.6056085,1361.0397841,-1722.1563219,-0.1516754,-1.0104193,680.2984783,-860.9966462,-0.7139148,-0.4515193
1.4550000,0.7050000,0.6827756,-0.4126804,1373.0363150,-1703.2062251,-0.1039885,-0.6914498,692.7640204,-845.9211084,-0.4865827,-0.3075905,-0.5836950,1358.5918936,-1716.6360826,-0.1460991,-0.9747046,679.0810336,-858.2389683,-0.6880824,-0.4351815
1.4600000,0.7100000,0.6877756,-0.4003316,1370.5746874,-1697.7572748,-0.1008675,-0.6708443,691.5266692,-843.2335141,-0.4720170,-0.2983913,-0.5627613,1356.1482379,-1711.1679796,-0.1407851,-0.9404869,677.8654771,-855.5072933,-0.6634049,-0.4195741
1.4650000,0.7150000,0.6927756,-0.3884321,1368.1163774,-1692.3625402,-0.0978611,-0.6509809,690.2908738,-840.5728174,-0.4579816,-0.2895263,-0.5427577,1353.7088713,-1705.7508216,-0.1357183,-0.9077027,676.6518453,-852.8010246,-0.6398238,-0.4046601
1.4700000,0.7200000,0.6977756,-0.3769626,1365.6614151,-1687.0207829,-0.0949641,-0.6318287,689.0566815,-837.9383464,-0.4444540,-0.2809814,-0.5236370,1351.2738460,-1700.3834571,-0.1308847,-0.8762902,675.4401732,-850.1195858,-0.6172836,-0.3904044
1.4750000,0.7250000,0.7027756,-0.3659050,1363.2098303,-1681.7308019,-0.0921718,-0.6133583,687.8241384,-835.3294488,-0.4314125,-0.2727429,-0.5053545,1348.8432124,-1695.0647737,-0.1262714,-0.8461888,674.2304946,-847.4624207,-0.5957315,-0.3767737
1.4800000,0.7300000,0.7077756,-0.3552419,1360.7616531,-1676.4914323,-0.0894799,-0.5955413,686.5932897,-832.7454903,-0.4188366,-0.2647980,-0.4878678,1346.4170191,-1689.7936960,-0.1218659,-0.8173402,673.0228420,-844.8289920,-0.5751175,-0.3637363
1.4850000,0.7350000,0.7127756,-0.3449567,1358.3169139,-1671.3015442,-0.0868840,-0.5783510,685.3641796,-830.1858539,-0.4067068,-0.2571345,-0.4711367,1343.9953128,-1684.5691850,-0.1176569,-0.7896879,671.8172465,-842.2187808,-0.5553942,-0.3512622
1.4900000,0.7400000,0.7177756,-0.3350338,1355.8756437,-1666.1600407,-0.0843800,-0.5617617,684.1368514,-827.6499392,-0.3950045,-0.2497406,-0.4551231,1341.5781387,-1679.3902360,-0.1136336,-0.7631776,670.6137381,-839.6312857,-0.5365168,-0.3393230
1.4950000,0.7450000,0.7227756,-0.3254580,1353.4378743,-1661.0658569,-0.0819641,-0.5457489,682.9113476,-825.1371614,-0.3837119,-0.2426052,-0.4397909,1339.1655402,-1674.2558779,-0.1097861,-0.7377570,669.4123456,-837.0660223,-0.5184426,-0.3278919
1.5000000,0.7500000,0.7277756,-0.3162152,1351.0036385,-1656.0179583,-0.0796327,-0.5302892,681.6877094,-822.6469512,-0.3728121,-0.2357177,-0.4251061,1336.7575592,-1669.1651717,-0.1061049,-0.7133761,668.2130968,-834.5225224,-0.5011316,-0.3169434
1.5050000,0.7550000,0.7327756,-0.3072917,1348.5729700,-1651.0153394,-0.0773822,-0.5153604,680.4659774,-820.1787541,-0.3622891,-0.2290679,-0.4110365,1334.3542359,-1664.1172092,-0.1025813,-0.6899869,667.0160181,-832.0003334,-0.4845457,-0.3064536
1.5100000,0.7600000,0.7377756,-0.2986746,1346.1459040,-1646.0570223,-0.0752093,-0.5009411,679.2461911,-817.7320300,-0.3521276,-0.2226462,-0.3975514,1331.9556090,-1659.1111122,-0.0992069,-0.6675438,665.8211352,-829.4990177,-0.4686491,-0.2963997
1.5150000,0.7650000,0.7427756,-0.2903513,1343.7224771,-1641.1420552,-0.0731108,-0.4870111,678.0283892,-815.3062534,-0.3423128,-0.2164435,-0.3846223,1329.5617159,-1654.1460308,-0.0959741,-0.6460031,664.6284727,-827.0181520,-0.4534076,-0.2867602
1.5200000,0.7700000,0.7477756,-0.2823102,1341.3027274,-1636.2695110,-0.0710837,-0.4735508,676.8126093,-812.9009128,-0.3328309,-0.2104508,-0.3722216,1327.1725923,-1649.2211428,-0.0928755,-0.6253230,663.4380540,-824.5573269,-0.4387893,-0.2775147
1.5250000,0.7750000,0.7527756,-0.2745400,1338.8866944,-1631.4384859,-0.0691252,-0.4605417,675.5988882,-810.5155109,-0.3236685,-0.2046599,-0.3603239,1324.7882728,-1644.3356527,-0.0899044,-0.6054640,662.2499018,-822.1161461,-0.4247638,-0.2686442
1.5300000,0.7800000,0.7577756,-0.2670299,1336.4744195,-1626.6480983,-0.0672325,-0.4479662,674.3872617,-808.1495645,-0.3148130,-0.1990627,-0.3489046,1322.4087904,-1639.4887902,-0.0870542,-0.5863881,661.0640379,-819.6942263,-0.4113022,-0.2601304
1.5350000,0.7850000,0.7627756,-0.2597697,1334.0659458,-1621.8974875,-0.0654029,-0.4358073,673.1777648,-805.8026042,-0.3062523,-0.1936517,-0.3379407,1320.0341770,-1634.6798096,-0.0843191,-0.5680595,659.8804830,-817.2911964,-0.3983776,-0.2519561
1.5400000,0.7900000,0.7677756,-0.2527496,1331.6613178,-1617.1858125,-0.0636340,-0.4240487,671.9704314,-803.4741750,-0.2979747,-0.1884195,-0.3274105,1317.6644630,-1629.9079887,-0.0816932,-0.5504439,658.6992572,-814.9066969,-0.3859642,-0.2441052
1.5450000,0.7950000,0.7727756,-0.2459601,1329.2605821,-1612.5122514,-0.0619235,-0.4126751,670.7652946,-801.1638357,-0.2899692,-0.1833591,-0.3172934,1315.2996777,-1625.1726283,-0.0791712,-0.5335089,657.5203797,-812.5403798,-0.3740378,-0.2365623
1.5500000,0.8000000,0.7777756,-0.2393925,1326.8637867,-1607.8760001,-0.0602689,-0.4016716,669.5623865,-798.8711591,-0.2822254,-0.1784640,-0.3075699,1312.9398492,-1620.4730507,-0.0767481,-0.5172235,656.3438687,-810.1919080,-0.3625754,-0.2293128
1.5550000,0.8050000,0.7827756,-0.2330380,1324.4709813,-1603.2762722,-0.0586682,-0.3910242,668.3617382,-796.5957320,-0.2747330,-0.1737277,-0.2982216,1310.5850044,-1615.8085992,-0.0744191,-0.5015582,655.1697419,-807.8609547,-0.3515552,-0.2223430
1.5600000,0.8100000,0.7877756,-0.2268887,1322.0822172,-1598.7122980,-0.0571193,-0.3807192,667.1633800,-794.3371552,-0.2674826,-0.1691442,-0.2892311,1308.2351690,-1611.1786377,-0.0721798,-0.4864853,653.9980162,-805.5472034,-0.3409568,-0.2156400
1.5650000,0.8150000,0.7927756,-0.2209366,1319.6975471,-1594.1833244,-0.0556202,-0.3707438,665.9673412,-792.0950432,-0.2604647,-0.1647077,-0.2805817,1305.8903678,-1606.5825490,-0.0700259,-0.4719781,652.8287077,-803.2503471,-0.3307606,-0.2091914
1.5700000,0.8200000,0.7977756,-0.2151743,1317.3170250,-1589.6886146,-0.0541690,-0.3610855,664.7736502,-789.8690243,-0.2536708,-0.1604126,-0.2722580,1303.5506242,-1602.0197350,-0.0679535,-0.4580114,651.6618318,-800.9700881,-0.3209483,-0.2029855
1.5750000,0.8250000,0.8027756,-0.2095947,1314.9407064,-1585.2274479,-0.0527639,-0.3517325,663.5823344,-787.6587402,-0.2470922,-0.1562536,-0.2642450,1301.2159608,-1597.4896155,-0.0659587,-0.4445613,650.4974032,-798.7061379,-0.3115023,-0.1970113
1.5800000,0.8300000,0.8077756,-0.2041910,1312.5686475,-1580.7991197,-0.0514032,-0.3426735,662.3934204,-785.4638460,-0.2407211,-0.1522257,-0.2565288,1298.8863992,-1592.9916277,-0.0640380,-0.4316051,649.3354362,-796.4582165,-0.3024061,-0.1912584
1.5850000,0.8350000,0.8127756,-0.1989565,1310.2009057,-1576.4029420,-0.0500851,-0.3338976,661.2069335,-783.2840099,-0.2345496,-0.1483239,-0.2490961,1296.5619597,-1588.5252254,-0.0621880,-0.4191210,648.1759441,-794.2260520,-0.2936442,-0.1857169
1.5900000,0.8400000,0.8177756,-0.1938851,1307.8375392,-1572.0382427,-0.0488082,-0.3253944,660.0228987,-781.1189131,-0.2285704,-0.1445436,-0.2419343,1294.2426621,-1584.0898785,-0.0604055,-0.4070884,647.0189398,-792.0093808,-0.2852015,-0.1803773
1.5950000,0.8450000,0.8227756,-0.1889708,1305.4786068,-1567.7043666,-0.0475709,-0.3171539,658.8413394,-778.9682490,-0.2227764,-0.1408803,-0.2350313,1291.9285249,-1579.6980028,-0.0586876,-0.3954880,645.8644356,-789.8151120,-0.2770641,-0.1752307
1.6000000,0.8500000,0.8277756,-0.1842077,1303.1241676,-1563.4006753,-0.0463717,-0.3091666,657.6622787,-776.8317234,-0.2171608,-0.1373298,-0.2283760,1289.6195659,-1575.3993544,-0.0570313,-0.3843010,644.7124432,-787.6666907,-0.2692185,-0.1702687
1.6050000,0.8550000,0.8327756,-0.1795906,1300.7742811,-1559.1265475,-0.0452093,-0.3014234,656.4857383,-774.7090541,-0.2117173,-0.1338880,-0.2219574,1287.3158018,-1571.1271840,-0.0554340,-0.3735098,643.5629737,-785.5314793,-0.2616520,-0.1654833
1.6100000,0.8600000,0.8377756,-0.1751139,1298.4290070,-1554.8813789,-0.0440824,-0.2939153,655.3117392,-772.5999703,-0.2064394,-0.1305510,-0.2157655,1285.0172486,-1566.8811325,-0.0538930,-0.3630976,642.4160378,-783.4092995,-0.2543528,-0.1608668
1.6150000,0.8650000,0.8427756,-0.1707728,1296.0884049,-1550.6645829,-0.0429895,-0.2866342,654.1403017,-770.5042121,-0.2013214,-0.1273149,-0.2097905,1282.7239215,-1562.6608502,-0.0524061,-0.3530483,641.2716453,-781.2999772,-0.2473092,-0.1564120
1.6200000,0.8700000,0.8477756,-0.1665624,1293.7525341,-1546.4755905,-0.0419296,-0.2795718,652.9714448,-768.4215308,-0.1963575,-0.1241763,-0.2040231,1280.4358347,-1558.4659955,-0.0509707,-0.3433469,640.1298061,-779.2033428,-0.2405104,-0.1521121
1.6250000,0.8750000,0.8527756,-0.1624780,1291.4214535,-1542.3138505,-0.0409015,-0.2727205,651.8051869,-766.3516877,-0.1915421,-0.1211315,-0.1984547,1278.1530018,-1554.2962357,-0.0495848,-0.3339787,638.9905290,-777.1192307,-0.2339462,-0.1479605
1.6300000,0.8800000,0.8577756,-0.1585152,1289.0952216,-1538.1788291,-0.0399040,-0.2660728,650.6415456,-764.2944541,-0.1868702,-0.1181774,-0.1930770,1275.8754355,-1550.1512458,-0.0482463,-0.3249301,637.8538227,-775.0474795,-0.2276066,-0.1439511
1.6350000,0.8850000,0.8627756,-0.1546697,1286.7738959,-1534.0700107,-0.0389361,-0.2596215,649.4805374,-762.2496108,-0.1823366,-0.1153108,-0.1878819,1273.6031478,-1546.0307088,-0.0469532,-0.3161878,636.7196954,-772.9879315,-0.2214824,-0.1400778
1.6400000,0.8900000,0.8677756,-0.1509375,1284.4575335,-1529.9868971,-0.0379966,-0.2533600,648.3221781,-760.2169478,-0.1779365,-0.1125285,-0.1828619,1271.3361499,-1541.9343153,-0.0457036,-0.3077395,635.5881546,-770.9404328,-0.2155648,-0.1363351
1.6450000,0.8950000,0.8727756,-0.1473145,1282.1461900,-1525.9290076,-0.0370847,-0.2472815,647.1664828,-758.1962637,-0.1736652,-0.1098276,-0.1780100,1269.0744525,-1537.8617632,-0.0444957,-0.2995731,634.4592077,-768.9048332,-0.2098451,-0.1327177
1.6500000,0.9000000,0.8777756,-0.1437971,1279.8399203,-1521.8958789,-0.0361994,-0.2413799,646.0134656,-756.1873655,-0.1695184,-0.1072055,-0.1733193,1266.8180653,-1533.8127577,-0.0433279,-0.2916773,633.3328615,-766.8809861,-0.2043155,-0.1292205
1.6550000,0.9050000,0.8827756,-0.1403815,1277.5387778,-1517.8870647,-0.0353398,-0.2356490,644.8631398,-754.1900681,-0.1654917,-0.1046592,-0.1687832,1264.5599931,-1529.7870106,-0.0421984,-0.2840414,632.2091224,-764.8687480,-0.1989682,-0.1258386
1.6600000,0.9100000,0.8877756,-0.1370644,1275.2428148,-1513.9021353,-0.0345049,-0.2300830,643.7155181,-752.2041939,-0.1615811,-0.1021864,-0.1643957,1262.2150172,-1525.7842406,-0.0411059,-0.2766549,631.0385738,-762.8679792,-0.1937960,-0.1225674
1.6650000,0.9150000,0.8927756,-0.1338423,1272.9520818,-1509.9406774,-0.0336940,-0.2246763,642.5706123,-750.2295724,-0.1577825,-0.0997844,-0.1601507,1259.8770832,-1521.8041728,-0.0400487,-0.2695081,629.8711918,-760.8785427,-0.1887919,-0.1194025
1.6700000,0.9200000,0.8977756,-0.1307122,1270.6666282,-1506.0022936,-0.0329061,-0.2194236,641.4284335,-748.2660400,-0.1540922,-0.0974508,-0.1560428,1257.5461816,-1517.8465385,-0.0390256,-0.2625915,628.7072822,-758.9003050,-0.1839493,-0.1163397
1.6750000,0.9250000,0.9027756,-0.1276707,1268.3865015,-1502.0866019,-0.0321407,-0.2143197,640.2889921,-746.3134396,-0.1505067,-0.0951835,-0.1520664,1255.2223023,-1513.9110752,-0.0380351,-0.2558963,627.5468414,-756.9331353,-0.1792618,-0.1133751
1.6800000,0.9300000,0.9077756,-0.1247151,1266.1117476,-1498.1932351,-0.0313968,-0.2093597,639.1522977,-744.3716202,-0.1470222,-0.0929801,-0.1482166,1252.9054344,-1509.9975261,-0.0370760,-0.2494138,626.3898653,-754.9769060,-0.1747235,-0.1105048
1.6850000,0.9350000,0.9127756,-0.1218424,1263.8424108,-1494.3218407,-0.0306738,-0.2045387,638.0183593,-742.4404363,-0.1436356,-0.0908385,-0.1444884,1250.5955666,-1506.1056402,-0.0361472,-0.2431360,625.2363495,-753.0314921,-0.1703285,-0.1077252
1.6900000,0.9400000,0.9177756,-0.1190500,1261.5785335,-1490.4720798,-0.0299711,-0.1998522,636.8871852,-740.5197484,-0.1403436,-0.0887567,-0.1408771,1248.2926870,-1502.2351720,-0.0352474,-0.2370549,624.0862894,-751.0967714,-0.1660714,-0.1050328
1.6950000,0.9450000,0.9227756,-0.1163350,1259.3201563,-1486.6436271,-0.0292878,-0.1952957,635.7587830,-738.6094219,-0.1371430,-0.0867327,-0.1373784,1245.9967831,-1498.3858815,-0.0343755,-0.2311632,622.9396799,-749.1726244,-0.1619470,-0.1024243
1.7000000,0.9500000,0.9277756,-0.1136952,1257.0673179,-1482.8361698,-0.0286234,-0.1908651,634.6331599,-736.7093270,-0.1340308,-0.0847647,-0.1339880,1243.7078421,-1494.5575335,-0.0335305,-0.2254537,621.7965158,-747.2589342,-0.1579502,-0.0998965
1.7050000,0.9550000,0.9327756,-0.1111279,1254.8200554,-1479.0494078,-0.0279773,-0.1865562,633.5103221,-734.8193389,-0.1310042,-0.0828507,-0.1307018,1241.4258504,-1490.7498983,-0.0327113,-0.2199196,620.6567914,-745.3555862,-0.1540763,-0.0974464
1.7100000,0.9600000,0.9377756,-0.1086308,1252.5784038,-1475.2830521,-0.0273489,-0.1823651,632.3902756,-732.9393368,-0.1280604,-0.0809891,-0.1275159,1239.1507941,-1486.9627507,-0.0319221,-0.2145545,619.5205009,-743.4624684,-0.1503207,-0.0950711
1.7150000,0.9650000,0.9427756,-0.1062017,1250.3423963,-1471.5368253,-0.0267376,-0.1782880,631.2730255,-731.0692044,-0.1251968,-0.0791782,-0.1244315,1236.8826590,-1483.1958704,-0.0311572,-0.2093520,618.3876382,-741.5794712,-0.1466847,-0.0927716
1.7200000,0.9700000,0.9477756,-0.1038384,1248.1120642,-1467.8104605,-0.0261428,-0.1743212,630.1585766,-729.2088292,-0.1224107,-0.0774163,-0.1214568,1234.6214301,-1479.4490417,-0.0304150,-0.2043294,617.2581968,-739.7064871,-0.1431779,-0.0905537
1.7250000,0.9750000,0.9527756,-0.1015388,1245.8874369,-1464.1037008,-0.0255641,-0.1704612,629.0469331,-727.3581023,-0.1196997,-0.0757019,-0.1185701,1232.3670922,-1475.7220532,-0.0296948,-0.1994689,616.1321702,-737.8434109,-0.1397751,-0.0884015
1.7300000,0.9800000,0.9577756,-0.0993008,1243.6685420,-1460.4162989,-0.0250008,-0.1667047,627.9380985,-725.5169185,-0.1170614,-0.0740335,-0.1157685,1230.1196297,-1472.0146980,-0.0289956,-0.1947516,615.0095514,-735.9901394,-0.1364724,-0.0863127
1.7350000,0.9850000,0.9627756,-0.0971226,1241.4554054,-1456.7480167,-0.0244526,-0.1630483,626.8320761,-723.6851757,-0.1144935,-0.0724095,-0.1130488,1227.8790267,-1468.3267733,-0.0283169,-0.1901724,613.8903334,-734.1465717,-0.1332663,-0.0842850
1.7400000,0.9900000,0.9677756,-0.0950022,1239.2480509,-1453.0986246,-0.0239190,-0.1594890,625.7288686,-721.8627752,-0.1119938,-0.0708287,-0.1104082,1225.6452666,-1464.6580803,-0.0276578,-0.1857263,612.7745088,-732.3126088,-0.1301535,-0.0823163
1.7450000,0.9950000,0.9727756,-0.0929378,1237.0465007,-1449.4679012,-0.0233995,-0.1560237,624.6284782,-720.0496211,-0.1095601,-0.0692897,-0.1078439,1223.4183328,-1461.0084241,-0.0270177,-0.1814088,611.6620701,-730.4881537,-0.1271306,-0.0804045
1.7500000,1.0000000,0.9777756,-0.0909277,1234.8507752,-1445.8556327,-0.0228936,-0.1526495,623.5309067,-718.2456203,-0.1071905,-0.0677911,-0.1053533,1221.1982082,-1457.3776140,-0.0263959,-0.1772153,610.5530097,-728.6731112,-0.1241946,-0.0785476
1.7550000,1.0050000,0.9827756,-0.0889702,1232.6608932,-1442.2616129,-0.0224010,-0.1493635,622.4361555,-716.4506824,-0.1048829,-0.0663317,-0.1029338,1218.9848754,-1453.7654625,-0.0257918,-0.1731416,609.4473196,-726.8673880,-0.1213424,-0.0767437
1.7600000,1.0100000,0.9877756,-0.0870637,1230.4768715,-1438.6856423,-0.0219211,-0.1461631,621.3442255,-714.6647194,-0.1026353,-0.0649104,-0.1005830,1216.7783166,-1450.1717860,-0.0252048,-0.1691836,608.3449916,-725.0708927,-0.1185712,-0.0749910
1.7650000,1.0150000,0.9927756,-0.0852066,1228.2987255,-1435.1275278,-0.0214538,-0.1430456,620.2551175,-712.8876460,-0.1004461,-0.0635259,-0.0982986,1214.5785140,-1446.5964044,-0.0246343,-0.1653374,607.2460176,-723.2835354,-0.1158781,-0.0732878
1.7700000,1.0200000,0.9977756,-0.0833975,1226.1264690,-1431.5870827,-0.0209984,-0.1400085,619.1688316,-711.1193787,-0.0983133,-0.0621771,-0.0960781,1212.3854491,-1443.0391409,-0.0240797,-0.1615990,606.1503891,-721.5052281,-0.1132606,-0.0716323
1.7750000,1.0250000,1.0027756,-0.0816347,1223.9601142,-1428.0641259,-0.0205548,-0.1370493,618.0853677,-709.3598366,-0.0962353,-0.0608629,-0.0939197,1210.1991034,-1439.4998221,-0.0235405,-0.1579650,605.0580975,-719.7358844,-0.1107161,-0.0700230
1.7800000,1.0300000,1.0077756,-0.0799171,1221.7996716,-1424.5584821,-0.0201225,-0.1341658,617.0047255,-707.6089404,-0.0942103,-0.0595823,-0.0918210,1208.0194581,-1435.9782778,-0.0230163,-0.1544318,603.9691341,-717.9754194,-0.1082422,-0.0684584
1.7850000,1.0350000,1.0127756,-0.0782431,1219.6451504,-1421.0699810,-0.0197012,-0.1313556,615.9269042,-705.8666130,-0.0922369,-0.0583343,-0.0897802,1205.8464942,-1432.4743408,-0.0225064,-0.1509960,602.8834900,-716.2237499,-0.1058364,-0.0669368
1.7900000,1.0400000,1.0177756,-0.0766115,1217.4965584,-1417.5984571,-0.0192906,-0.1286165,614.8519027,-704.1327791,-0.0903135,-0.0571179,-0.0877953,1203.6801923,-1429.0002037,-0.0220104,-0.1476544,601.8011561,-714.4871245,-0.1034965,-0.0654570
1.7950000,1.0450000,1.0227756,-0.0750211,1215.3539018,-1414.1437497,-0.0188903,-0.1259464,613.7797197,-702.4073649,-0.0884386,-0.0559322,-0.0858645,1201.5205329,-1425.5506220,-0.0215279,-0.1444040,600.7221233,-712.7626106,-0.1012205,-0.0640174
1.8000000,1.0500000,1.0277756,-0.0734705,1213.2171856,-1410.7057025,-0.0185000,-0.1233433,612.7103538,-700.6902986,-0.0866107,-0.0547762,-0.0839861,1199.3674964,-1422.1172085,-0.0210585,-0.1412417,599.6463824,-711.0461736,-0.0990060,-0.0626169
1.8050000,1.0550000,1.0327756,-0.0719587,1211.0864135,-1407.2841633,-0.0181195,-0.1208052,611.6438029,-698.9815097,-0.0848284,-0.0536491,-0.0821582,1197.2210626,-1418.6998426,-0.0206016,-0.1381647,598.5739238,-709.3377535,-0.0968513,-0.0612541
1.8100000,1.0600000,1.0377756,-0.0704844,1208.9615880,-1403.8789838,-0.0177485,-0.1183302,610.5800651,-697.2809293,-0.0830905,-0.0525500,-0.0803794,1195.0812116,-1415.2984055,-0.0201570,-0.1351702,597.5047381,-707.6372909,-0.0947543,-0.0599279
1.8150000,1.0650000,1.0427756,-0.0690467,1206.8427101,-1400.4900193,-0.0173866,-0.1159164,609.5191381,-695.5884898,-0.0813956,-0.0514780,-0.0786479,1192.9479231,-1411.9127794,-0.0197241,-0.1322556,596.4388157,-705.9447275,-0.0927132,-0.0586370
1.8200000,1.0700000,1.0477756,-0.0676443,1204.7297799,-1397.1171290,-0.0170337,-0.1135621,608.4610193,-693.9041253,-0.0797424,-0.0504325,-0.0769623,1190.8211765,-1408.5428485,-0.0193027,-0.1294183,595.3761468,-704.2600052,-0.0907262,-0.0573803
1.8250000,1.0750000,1.0527756,-0.0662764,1202.6227964,-1393.7601749,-0.0166894,-0.1112655,607.4057060,-692.2277707,-0.0781298,-0.0494127,-0.0753212,1188.7009512,-1405.1884979,-0.0188923,-0.1266558,594.3167217,-702.5830669,-0.0887915,-0.0561567
1.8300000,1.0800000,1.0577756,-0.0649419,1200.5217573,-1390.4190225,-0.0163535,-0.1090250,606.3531954,-690.5593624,-0.0765566,-0.0484177,-0.0737230,1186.5872265,-1401.8496144,-0.0184927,-0.1239658,593.2605303,-700.9138563,-0.0869076,-0.0549652
1.8350000,1.0850000,1.0627756,-0.0636398,1198.4266595,-1387.0935403,-0.0160257,-0.1068389,605.3034843,-688.8988381,-0.0750216,-0.0474470,-0.0721666,1184.4799814,-1398.5260860,-0.0181034,-0.1213461,592.2075627,-699.2523173,-0.0850728,-0.0538047
1.8400000,1.0900000,1.0677756,-0.0623692,1196.3374986,-1383.7835994,-0.0157059,-0.1047058,604.2565696,-687.2461363,-0.0735237,-0.0464997,-0.0706505,1182.3791949,-1395.2178020,-0.0177242,-0.1187943,591.1578089,-697.5983950,-0.0832856,-0.0526744
1.8450000,1.0950000,1.0727756,-0.0611292,1194.2542696,-1380.4890739,-0.0153938,-0.1026240,603.2124477,-685.6011969,-0.0720620,-0.0455753,-0.0691906,1180.2848457,-1391.9246530,-0.0173581,-0.1163405,590.1112585,-695.9520348,-0.0815646,-0.0515860
1.8500000,1.1000000,1.0777756,-0.0599190,1192.1769663,-1377.2098401,-0.0150892,-0.1005922,602.1711151,-683.9639606,-0.0706354,-0.0446730,-0.0677701,1178.1969126,-1388.6465311,-0.0170027,-0.1139500,589.0679015,-694.3131827,-0.0798900,-0.0505269
1.8550000,1.1050000,1.0827756,-0.0587377,1190.1055819,-1373.9457771,-0.0147919,-0.0986089,601.1325683,-682.3343692,-0.0692428,-0.0437923,-0.0663853,1176.1153741,-1385.3833293,-0.0166561,-0.1116197,588.0277275,-692.6817856,-0.0782576,-0.0494944
1.8600000,1.1100000,1.0877756,-0.0575846,1188.0401084,-1370.6967661,-0.0145016,-0.0966728,600.0968032,-680.7123654,-0.0678833,-0.0429325,-0.0650352,1174.0402087,-1382.1349420,-0.0163182,-0.1093477,586.9907262,-691.0577908,-0.0766660,-0.0484878
1.8650000,1.1150000,1.0927756,-0.0564587,1185.9805373,-1367.4626906,-0.0142182,-0.0947826,599.0638159,-679.0978929,-0.0665561,-0.0420931,-0.0637187,1171.9713948,-1378.9012648,-0.0159887,-0.1071324,585.9568870,-689.4411462,-0.0751141,-0.0475063
1.8700000,1.1200000,1.0977756,-0.0553593,1183.9268593,-1364.2434361,-0.0139415,-0.0929369,598.0336025,-677.4908961,-0.0652601,-0.0412735,-0.0624348,1169.9089108,-1375.6821945,-0.0156673,-0.1049720,584.9261996,-687.8318002,-0.0736006,-0.0465491
1.8750000,1.1250000,1.1027756,-0.0542858,1181.8790643,-1361.0388904,-0.0136713,-0.0911345,597.0061586,-675.8913204,-0.0639946,-0.0404732,-0.0611826,1167.8527347,-1372.4776289,-0.0153538,-0.1028650,583.8986534,-686.2297021,-0.0721244,-0.0456155
1.8800000,1.1300000,1.1077756,-0.0532374,1179.8371415,-1357.8489427,-0.0134074,-0.0893743,595.9814801,-674.2991120,-0.0627587,-0.0396916,-0.0599611,1165.8028448,-1369.2874672,-0.0150480,-0.1008096,582.8742377,-684.6348015,-0.0706845,-0.0447048
1.8850000,1.1350000,1.1127756,-0.0522134,1177.8010796,-1354.6734847,-0.0131496,-0.0876551,594.9595624,-672.7142177,-0.0615516,-0.0389281,-0.0587694,1163.7592191,-1366.1116093,-0.0147496,-0.0988045,581.8529421,-683.0470485,-0.0692797,-0.0438163
1.8900000,1.1400000,1.1177756,-0.0512132,1175.7708663,-1351.5124093,-0.0128978,-0.0859758,593.9404013,-671.1365853,-0.0603724,-0.0381824,-0.0576067,1161.7218357,-1362.9499567,-0.0144585,-0.0968481,580.8347557,-681.4663939,-0.0679090,-0.0429494
1.8950000,1.1450000,1.1227756,-0.0502360,1173.7464893,-1348.3656114,-0.0126519,-0.0843352,592.9239919,-669.5661631,-0.0592205,-0.0374539,-0.0564721,1159.6906723,-1359.8024116,-0.0141743,-0.0949391,579.8196679,-679.8927890,-0.0665715,-0.0421035
1.9000000,1.1500000,1.1277756,-0.0492814,1171.7279352,-1345.2329874,-0.0124116,-0.0827324,591.9103299,-668.0029003,-0.0580951,-0.0367421,-0.0553648,1157.6657071,-1356.6688773,-0.0138970,-0.0930760,578.8076680,-678.3261855,-0.0652661,-0.0412779
1.9050000,1.1550000,1.1327756,-0.0483485,1169.7151904,-1342.1144353,-0.0121767,-0.0811662,590.8994102,-666.4467467,-0.0569954,-0.0360466,-0.0542840,1155.6469178,-1353.5492584,-0.0136263,-0.0912576,577.7987451,-676.7665359,-0.0639921,-0.0404721
1.9100000,1.1600000,1.1377756,-0.0474370,1167.7082407,-1339.0098546,-0.0119473,-0.0796358,589.8912283,-664.8976526,-0.0559209,-0.0353671,-0.0532289,1153.6342821,-1350.4434601,-0.0133621,-0.0894825,576.7928885,-675.2137928,-0.0627483,-0.0396855
1.9150000,1.1650000,1.1427756,-0.0465462,1165.7070714,-1335.9191463,-0.0117230,-0.0781401,588.8857792,-663.3555691,-0.0548707,-0.0347029,-0.0521989,1151.6277780,-1347.3513889,-0.0131041,-0.0877496,575.7900873,-673.6679097,-0.0615341,-0.0389176
1.9200000,1.1700000,1.1477756,-0.0456755,1163.7116674,-1332.8422125,-0.0115038,-0.0766783,587.8830579,-661.8204480,-0.0538443,-0.0340538,-0.0511932,1149.6273831,-1344.2729522,-0.0128522,-0.0860577,574.7903306,-672.1288402,-0.0603485,-0.0381678
1.9250000,1.1750000,1.1527756,-0.0448244,1161.7220133,-1329.7789571,-0.0112896,-0.0752494,586.8830595,-660.2922414,-0.0528410,-0.0334192,-0.0502111,1147.6330752,-1341.2080583,-0.0126061,-0.0844055,573.7936077,-670.5965388,-0.0591908,-0.0374356
1.9300000,1.1800000,1.1577756,-0.0439925,1159.7380931,-1326.7292849,-0.0110802,-0.0738526,585.8857789,-658.7709022,-0.0518602,-0.0327990,-0.0492520,1145.6448319,-1338.1566166,-0.0123659,-0.0827920,572.7999075,-669.0709600,-0.0580602,-0.0367205
1.9350000,1.1850000,1.1627756,-0.0431791,1157.7598907,-1323.6931020,-0.0108754,-0.0724870,584.8912108,-657.2563838,-0.0509014,-0.0321926,-0.0483153,1143.6626310,-1335.1185373,-0.0121312,-0.0812161,571.8092192,-667.5520592,-0.0569559,-0.0360221
1.9400000,1.1900000,1.1677756,-0.0423838,1155.7873893,-1320.6703160,-0.0106752,-0.0711518,583.8993502,-655.7486401,-0.0499639,-0.0315996,-0.0474002,1141.6864500,-1332.0937316,-0.0119019,-0.0796767,570.8215318,-666.0397920,-0.0558772,-0.0353399
1.9450000,1.1950000,1.1727756,-0.0416062,1153.8205722,-1317.6608353,-0.0104794,-0.0698462,582.9101917,-654.2476256,-0.0490472,-0.0310199,-0.0465063,1139.7162668,-1329.0821114,-0.0116779,-0.0781729,569.8368345,-664.5341145,-0.0548234,-0.0346734
1.9500000,1.2000000,1.1777756,-0.0408457,1151.8594222,-1314.6645696,-0.0102880,-0.0685694,581.9237301,-652.7532953,-0.0481507,-0.0304529,-0.0456328,1137.7520588,-1326.0835898,-0.0114590,-0.0767037,568.8551162,-663.0349833,-0.0537938,-0.0340222
1.9550000,1.2050000,1.1827756,-0.0401020,1149.9039219,-1311.6814297,-0.0101007,-0.0673208,580.9399600,-651.2656045,-0.0472740,-0.0298984,-0.0447794,1135.7938038,-1323.0980804,-0.0112451,-0.0752681,567.8763660,-661.5423553,-0.0527877,-0.0333859
1.9600000,1.2100000,1.1877756,-0.0393746,1147.9540535,-1308.7113275,-0.0099176,-0.0660994,579.9588760,-649.7845094,-0.0464165,-0.0293561,-0.0439454,1133.8414795,-1320.1254981,-0.0110361,-0.0738652,566.9005729,-660.0561880,-0.0518045,-0.0327641
1.9650000,1.2150000,1.1927756,-0.0386630,1146.0097992,-1305.7541757,-0.0097385,-0.0649048,578.9804725,-648.3099662,-0.0455776,-0.0288256,-0.0431303,1131.8950634,-1317.1657583,-0.0108318,-0.0724941,565.9277261,-658.5764391,-0.0508436,-0.0321563
1.9700000,1.2200000,1.1977756,-0.0379669,1144.0711409,-1302.8098883,-0.0095632,-0.0637361,578.0047442,-646.8419319,-0.0447571,-0.0283066,-0.0423335,1129.9545333,-1314.2187773,-0.0106321,-0.0711539,564.9578144,-657.1030670,-0.0499044,-0.0315623
1.9750000,1.2250000,1.2027756,-0.0372859,1142.1380604,-1299.8783801,-0.0093917,-0.0625927,577.0316853,-645.3803638,-0.0439543,-0.0277989,-0.0415547,1128.0198669,-1311.2844722,-0.0104369,-0.0698439,563.9908271,-655.6360302,-0.0489863,-0.0309816
1.9800000,1.2300000,1.2077756,-0.0366196,1140.2105392,-1296.9595669,-0.0092240,-0.0614740,576.0612903,-643.9252196,-0.0431688,-0.0273021,-0.0407933,1126.0910419,-1308.3627611,-0.0102460,-0.0685632,563.0267530,-654.1752878,-0.0480887,-0.0304140
1.9850000,1.2350000,1.2127756,-0.0359676,1138.2885587,-1294.0533654,-0.0090598,-0.0603794,575.0935535,-642.4764576,-0.0424002,-0.0268160,-0.0400488,1124.1680360,-1305.4535627,-0.0100594,-0.0673111,562.0655813,-652.7207993,-0.0472111,-0.0298589
1.9900000,1.2400000,1.2177756,-0.0353296,1136.3721003,-1291.1596932,-0.0088992,-0.0593082,574.1284692,-641.0340363,-0.0416480,-0.0263403,-0.0393208,1122.2508269,-1302.5567964,-0.0098769,-0.0660867,561.1073011,-651.2725244,-0.0463529,-0.0293162
1.9950000,1.2450000,1.2227756,-0.0347052,1134.4611451,-1288.2784688,-0.0087420,-0.0582598,573.1660316,-639.5979148,-0.0409119,-0.0258748,-0.0386090,1120.3393925,-1299.6723827,-0.0096984,-0.0648894,560.1519013,-649.8304234,-0.0455137,-0.0287854
2.0000000,1.2500000,1.2277756,-0.0340940,1132.5556741,-1285.4096117,-0.0085881,-0.0572337,572.2062349,-638.1680524,-0.0401914,-0.0254191,-0.0379127,1118.4337106,-1296.8002424,-0.0095238,-0.0637184,559.1993711,-648.3944569,-0.0446930,-0.0282663
2.0050000,1.2550000,1.2327756,-0.0334958,1130.6556686,-1282.5530419,-0.0084375,-0.0562293,571.2490732,-636.7444090,-0.0394862,-0.0249731,-0.0372317,1116.5337589,-1293.9402974,-0.0093531,-0.0625731,558.2496995,-646.9645857,-0.0438902,-0.0277586
2.0100000,1.2600000,1.2377756,-0.0329102,1128.7611093,-1279.7086805,-0.0082900,-0.0552461,570.2945407,-635.3269448,-0.0387959,-0.0245365,-0.0365656,1114.6395154,-1291.0924703,-0.0091860,-0.0614528,557.3028756,-645.5407713,-0.0431049,-0.0272619
2.0150000,1.2650000,1.2427756,-0.0323369,1126.8719771,-1276.8764493,-0.0081457,-0.0542836,569.3426313,-633.9156203,-0.0381201,-0.0241091,-0.0359139,1112.7509580,-1288.2566842,-0.0090226,-0.0603568,556.3588886,-644.1229753,-0.0423367,-0.0267761
2.0200000,1.2700000,1.2477756,-0.0317756,1124.9882530,-1274.0562709,-0.0080044,-0.0533412,568.3933391,-632.5103964,-0.0374584,-0.0236906,-0.0352763,1110.8680646,-1285.4328631,-0.0088627,-0.0592845,555.4177275,-642.7111597,-0.0415850,-0.0263007
2.0250000,1.2750000,1.2527756,-0.0312260,1123.1099177,-1271.2480686,-0.0078660,-0.0524185,567.4466579,-631.1112344,-0.0368105,-0.0232808,-0.0346524,1108.9908133,-1282.6209316,-0.0087062,-0.0582353,554.4793816,-641.3052869,-0.0408496,-0.0258355
2.0300000,1.2800000,1.2577756,-0.0306878,1121.2369521,-1268.4517667,-0.0077305,-0.0515149,566.5025818,-629.7180960,-0.0361760,-0.0228796,-0.0340419,1107.1191820,-1279.8208151,-0.0085531,-0.0572086,553.5438399,-639.9053196,-0.0401299,-0.0253804
2.0350000,1.2850000,1.2627756,-0.0301607,1119.3693370,-1265.6672899,-0.0075978,-0.0506301,565.5611045,-628.3309431,-0.0355547,-0.0224867,-0.0334444,1105.2531488,-1277.0324396,-0.0084032,-0.0562039,552.6110917,-638.5112208,-0.0394256,-0.0249349
2.0400000,1.2900000,1.2677756,-0.0296446,1117.5070532,-1262.8945638,-0.0074678,-0.0497635,564.6222198,-626.9497380,-0.0349463,-0.0221018,-0.0328596,1103.3926920,-1274.2557318,-0.0082566,-0.0552205,551.6811262,-637.1229541,-0.0387362,-0.0244989
2.0450000,1.2950000,1.2727756,-0.0291390,1115.6500814,-1260.1335148,-0.0073405,-0.0489147,563.6859216,-625.5744434,-0.0343503,-0.0217249,-0.0322873,1101.5377896,-1271.4906190,-0.0081130,-0.0542580,550.7539325,-635.7404830,-0.0380615,-0.0240722
2.0500000,1.3000000,1.2777756,-0.0286438,1113.7984026,-1257.3840698,-0.0072158,-0.0480833,562.7522034,-624.2050223,-0.0337665,-0.0213557,-0.0317269,1099.6884198,-1268.7370293,-0.0079724,-0.0533158,549.8294999,-634.3637717,-0.0374010,-0.0236544
2.0550000,1.3050000,1.2827756,-0.0281587,1111.9519977,-1254.6461566,-0.0070936,-0.0472689,561.8210591,-622.8414379,-0.0331946,-0.0209940,-0.0311784,1097.8445611,-1265.9948912,-0.0078348,-0.0523934,548.9078177,-632.9927844,-0.0367543,-0.0232455
2.0600000,1.3100000,1.2877756,-0.0276835,1110.1108475,-1251.9197034,-0.0069740,-0.0464710,560.8924821,-621.4836539,-0.0326344,-0.0206397,-0.0306413,1096.0061916,-1263.2641340,-0.0077001,-0.0514904,547.9888752,-631.6274859,-0.0361212,-0.0228451
2.0650000,1.3150000,1.2927756,-0.0272178,1108.2749331,-1249.2046393,-0.0068567,-0.0456893,559.9664661,-620.1316343,-0.0320855,-0.0202926,-0.0301155,1094.1732899,-1260.5446877,-0.0075681,-0.0506061,547.0726617,-630.2678412,-0.0355013,-0.0224530
2.0700000,1.3200000,1.2977756,-0.0267616,1106.4442354,-1246.5008939,-0.0067418,-0.0449233,559.0430046,-618.7853431,-0.0315477,-0.0199524,-0.0296005,1092.3458343,-1257.8364827,-0.0074389,-0.0497402,546.1591665,-628.9138156,-0.0348943,-0.0220691
2.0750000,1.3250000,1.3027756,-0.0263146,1104.6187355,-1243.8083976,-0.0066293,-0.0441728,558.1220911,-617.4447451,-0.0310207,-0.0196191,-0.0290962,1090.5238034,-1255.1394503,-0.0073124,-0.0488923,545.2483791,-627.5653746,-0.0342998,-0.0216931
2.0800000,1.3300000,1.3077756,-0.0258765,1102.7984147,-1241.1270813,-0.0065190,-0.0434373,557.2037189,-616.1098049,-0.0305043,-0.0192925,-0.0286023,1088.7071758,-1252.4535220,-0.0071885,-0.0480618,544.3402887,-626.2224841,-0.0337175,-0.0213248
2.0850000,1.3350000,1.3127756,-0.0254472,1100.9832541,-1238.4568765,-0.0064108,-0.0427165,556.2878816,-614.7804878,-0.0299982,-0.0189724,-0.0281185,1086.8959301,-1249.7786302,-0.0070671,-0.0472484,543.4348848,-624.8851104,-0.0331472,-0.0209641
2.0900000,1.3400000,1.3177756,-0.0250264,1099.1732350,-1235.7977154,-0.0063049,-0.0420101,555.3745724,-613.4567591,-0.0295021,-0.0186587,-0.0276446,1085.0900449,-1247.1147078,-0.0069482,-0.0464516,542.5321569,-623.5532200,-0.0325886,-0.0206108
2.0950000,1.3450000,1.3227756,-0.0246140,1097.3683388,-1233.1495309,-0.0062010,-0.0413177,554.4637846,-612.1385845,-0.0290159,-0.0183512,-0.0271804,1083.2894992,-1244.4616884,-0.0068316,-0.0456711,541.6320945,-622.2267796,-0.0320413,-0.0202647
2.1000000,1.3500000,1.3277756,-0.0242097,1095.5685470,-1230.5122562,-0.0060992,-0.0406389,553.5555115,-610.8259301,-0.0285393,-0.0180498,-0.0267256,1081.4942716,-1241.8195058,-0.0067175,-0.0449064,540.7346871,-620.9057562,-0.0315051,-0.0199256
2.1050000,1.3550000,1.3327756,-0.0238133,1093.7738411,-1227.8858253,-0.0059994,-0.0399735,552.6497463,-609.5187620,-0.0280721,-0.0177543,-0.0262799,1079.7043412,-1239.1880948,-0.0066057,-0.0441571,539.8399241,-619.5901172,-0.0309798,-0.0195933
2.1100000,1.3600000,1.3377756,-0.0234248,1091.9842028,-1225.2701727,-0.0059016,-0.0393212,551.7464822,-608.2170469,-0.0276141,-0.0174646,-0.0258433,1077.9196869,-1236.5673905,-0.0064961,-0.0434230,538.9477953,-618.2798303,-0.0304650,-0.0192678
2.1150000,1.3650000,1.3427756,-0.0230438,1090.1996138,-1222.6652335,-0.0058056,-0.0386817,550.8457123,-606.9207514,-0.0271650,-0.0171806,-0.0254154,1076.1402876,-1233.9573286,-0.0063887,-0.0427036,538.0582902,-616.9748633,-0.0299606,-0.0189488
2.1200000,1.3700000,1.3477756,-0.0226703,1088.4200560,-1220.0709434,-0.0057116,-0.0380546,549.9474297,-605.6298426,-0.0267247,-0.0169021,-0.0249960,1074.3661226,-1231.3578453,-0.0062834,-0.0419986,537.1713984,-615.6751843,-0.0294663,-0.0186361
2.1250000,1.3750000,1.3527756,-0.0223041,1086.6455112,-1217.4872386,-0.0056193,-0.0374397,549.0516274,-604.3442880,-0.0262929,-0.0166290,-0.0245850,1072.5971710,-1228.7688775,-0.0061802,-0.0413076,536.2871097,-614.3807617,-0.0289817,-0.0183297
2.1300000,1.3800000,1.3577756,-0.0219449,1084.8759615,-1214.9140557,-0.0055289,-0.0368367,548.1582984,-603.0640550,-0.0258695,-0.0163613,-0.0241821,1070.8334121,-1226.1903623,-0.0060791,-0.0406303,535.4054137,-613.0915644,-0.0285068,-0.0180293
2.1350000,1.3850000,1.3627756,-0.0215926,1083.1113891,-1212.3513321,-0.0054402,-0.0362453,547.2674357,-601.7891115,-0.0254543,-0.0160986,-0.0237872,1069.0748252,-1223.6222378,-0.0059800,-0.0399664,534.5263002,-611.8075611,-0.0280413,-0.0177349
2.1400000,1.3900000,1.3677756,-0.0212472,1081.3517761,-1209.7990057,-0.0053532,-0.0356654,546.3790322,-600.5194256,-0.0250470,-0.0158411,-0.0234001,1067.3213897,-1221.0644422,-0.0058828,-0.0393156,533.6497590,-610.5287211,-0.0275849,-0.0174462
2.1450000,1.3950000,1.3727756,-0.0209083,1079.5971049,-1207.2570146,-0.0052678,-0.0350965,545.4930809,-599.2549656,-0.0246476,-0.0155884,-0.0230206,1065.5730851,-1218.5169143,-0.0057875,-0.0386776,532.7757798,-609.2550139,-0.0271375,-0.0171633
2.1500000,1.4000000,1.3777756,-0.0205760,1077.8473580,-1204.7252978,-0.0051841,-0.0345385,544.6095745,-597.9957001,-0.0242558,-0.0153406,-0.0226484,1063.8298910,-1215.9795935,-0.0056941,-0.0380520,531.9043526,-607.9864091,-0.0266989,-0.0168858
2.1550000,1.4050000,1.3827756,-0.0202499,1076.1025178,-1202.2037947,-0.0051020,-0.0339911,543.7285059,-596.7415980,-0.0238714,-0.0150976,-0.0222836,1062.0917869,-1213.4524196,-0.0056025,-0.0374387,531.0354672,-606.7228768,-0.0262687,-0.0166138
2.1600000,1.4100000,1.3877756,-0.0199301,1074.3625670,-1199.6924450,-0.0050214,-0.0334541,542.8498678,-595.4926284,-0.0234944,-0.0148591,-0.0219258,1060.3587525,-1210.9353330,-0.0055126,-0.0368372,530.1691135,-605.4643870,-0.0258470,-0.0163471
2.1650000,1.4150000,1.3927756,-0.0196163,1072.6274883,-1197.1911892,-0.0049424,-0.0329273,541.9736530,-594.2487605,-0.0231244,-0.0146251,-0.0215749,1058.6307678,-1208.4282746,-0.0054245,-0.0362474,529.3052816,-604.2109102,-0.0254333,-0.0160855
2.1700000,1.4200000,1.3977756,-0.0193084,1070.8972646,-1194.6999681,-0.0048649,-0.0324104,541.0998542,-593.0099639,-0.0227615,-0.0143956,-0.0212308,1056.9078124,-1205.9311855,-0.0053381,-0.0356689,528.4439613,-602.9624171,-0.0250277,-0.0158289
2.1750000,1.4250000,1.4027756,-0.0190063,1069.1718788,-1192.2187230,-0.0047888,-0.0319033,540.2284641,-591.7762084,-0.0224053,-0.0141703,-0.0208933,1055.1898664,-1203.4440076,-0.0052534,-0.0351016,527.5851428,-601.7188786,-0.0246298,-0.0155773
2.1800000,1.4300000,1.4077756,-0.0187098,1067.4513139,-1189.7473957,-0.0047141,-0.0314056,539.3594754,-590.5474641,-0.0220559,-0.0139493,-0.0205622,1053.4769098,-1200.9666831,-0.0051703,-0.0345451,526.7288161,-600.4802659,-0.0242396,-0.0153305
2.1850000,1.4350000,1.4127756,-0.0184189,1065.7355531,-1187.2859286,-0.0046408,-0.0309172,538.4928805,-589.3237011,-0.0217129,-0.0137324,-0.0202375,1051.7689227,-1198.4991548,-0.0050887,-0.0339993,525.8749713,-599.2465503,-0.0238568,-0.0150883
2.1900000,1.4400000,1.4177756,-0.0181334,1064.0245795,-1184.8342643,-0.0045689,-0.0304379,537.6286722,-588.1048900,-0.0213764,-0.0135196,-0.0199189,1050.0658852,-1196.0413657,-0.0050087,-0.0334639,525.0235987,-598.0177034,-0.0234812,-0.0148508
2.1950000,1.4450000,1.4227756,-0.0178532,1062.3183766,-1182.3923460,-0.0044984,-0.0299675,536.7668430,-586.8910015,-0.0210461,-0.0133107,-0.0196067,1048.3677777,-1193.5932594,-0.0049302,-0.0329391,524.1746882,-596.7936970,-0.0231131,-0.0146180
2.2000000,1.4500000,1.4277756,-0.0175782,1060.6169276,-1179.9601175,-0.0044291,-0.0295058,535.9073854,-585.6820064,-0.0207219,-0.0131056,-0.0193003,1046.6745804,-1191.1547801,-0.0048533,-0.0324243,523.3282303,-595.5745032,-0.0227520,-0.0143896
2.2050000,1.4550000,1.4327756,-0.0173082,1058.9202161,-1177.5375228,-0.0043611,-0.0290526,535.0502919,-584.4778760,-0.0204036,-0.0129043,-0.0189998,1044.9862738,-1188.7258722,-0.0047778,-0.0319191,522.4842151,-594.3600942,-0.0223977,-0.0141655
2.2100000,1.4600000,1.4377756,-0.0170432,1057.2282258,-1175.1245066,-0.0042944,-0.0286077,534.1955550,-583.2785817,-0.0200912,-0.0127068,-0.0187048,1043.3028384,-1186.3064806,-0.0047037,-0.0314233,521.6426330,-593.1504426,-0.0220500,-0.0139456
2.2150000,1.4650000,1.4427756,-0.0167831,1055.5409401,-1172.7210137,-0.0042288,-0.0281710,533.3431672,-582.0840949,-0.0197846,-0.0125128,-0.0184154,1041.6242547,-1183.8965508,-0.0046310,-0.0309368,520.8034744,-591.9455210,-0.0217087,-0.0137298
2.2200000,1.4700000,1.4477756,-0.0165277,1053.8583430,-1170.3269896,-0.0041645,-0.0277423,532.4931208,-580.8943876,-0.0194835,-0.0123224,-0.0181313,1039.9505035,-1181.4960284,-0.0045597,-0.0304594,519.9667295,-590.7453024,-0.0213739,-0.0135180
2.2250000,1.4750000,1.4527756,-0.0162769,1052.1804182,-1167.9423803,-0.0041013,-0.0273213,531.6454084,-579.7094317,-0.0191879,-0.0121355,-0.0178525,1038.2815654,-1179.1048597,-0.0044896,-0.0299907,519.1323888,-589.5497598,-0.0210452,-0.0133102
2.2300000,1.4800000,1.4577756,-0.0160307,1050.5071497,-1165.5671319,-0.0040393,-0.0269080,530.8000222,-578.5291994,-0.0188977,-0.0119519,-0.0175788,1036.6174213,-1176.7229914,-0.0044209,-0.0295308,518.3004428,-588.3588666,-0.0207226,-0.0131061
2.2350000,1.4850000,1.4627756,-0.0157890,1048.8385214,-1163.2011911,-0.0039784,-0.0265022,529.9569546,-577.3536633,-0.0186127,-0.0117717,-0.0173102,1034.9580522,-1174.3503704,-0.0043534,-0.0290793,517.4708820,-587.1725964,-0.0204059,-0.0129058
2.2400000,1.4900000,1.4677756,-0.0155516,1047.1745174,-1160.8445051,-0.0039186,-0.0261037,529.1161981,-576.1827960,-0.0183329,-0.0115947,-0.0170465,1033.3034389,-1171.9869443,-0.0042872,-0.0286361,516.6436969,-585.9909228,-0.0200951,-0.0127092
2.2450000,1.4950000,1.4727756,-0.0153185,1045.5151219,-1158.4970215,-0.0038599,-0.0257123,528.2777449,-575.0165702,-0.0180581,-0.0114209,-0.0167876,1031.6535626,-1169.6326608,-0.0042221,-0.0282010,515.8188782,-584.8138198,-0.0197899,-0.0125162
2.2500000,1.5000000,1.4777756,-0.0150896,1043.8603190,-1156.1586881,-0.0038023,-0.0253280,527.4415873,-573.8549592,-0.0177882,-0.0112502,-0.0165334,1030.0084045,-1167.2874682,-0.0041583,-0.0277738,514.9964164,-583.6412616,-0.0194902,-0.0123267
2.2550000,1.5050000,1.4827756,-0.0148647,1042.2100931,-1153.8294532,-0.0037456,-0.0249505,526.6077177,-572.6979361,-0.0175231,-0.0110826,-0.0162839,1028.3679458,-1164.9513152,-0.0040956,-0.0273544,514.1763022,-582.4732225,-0.0191961,-0.0121407
2.2600000,1.5100000,1.4877756,-0.0146439,1040.5644285,-1151.5092657,-0.0036900,-0.0245798,525.7761283,-571.5454744,-0.0172628,-0.0109179,-0.0160388,1026.7321677,-1162.6241508,-0.0040340,-0.0269426,513.3585263,-581.3096770,-0.0189072,-0.0119580
2.2650000,1.5150000,1.4927756,-0.0144269,1038.9233096,-1149.1980746,-0.0036353,-0.0242156,524.9468114,-570.3975478,-0.0170070,-0.0107562,-0.0157982,1025.1010518,-1160.3059244,-0.0039736,-0.0265382,512.5430794,-580.1505998,-0.0186235,-0.0117786
2.2700000,1.5200000,1.4977756,-0.0142138,1037.2867209,-1146.8958293,-0.0035817,-0.0238579,524.1197593,-569.2541302,-0.0167558,-0.0105973,-0.0155619,1023.4745794,-1157.9965858,-0.0039142,-0.0261411,511.7299524,-578.9959659,-0.0183450,-0.0116024
2.2750000,1.5250000,1.5027756,-0.0140045,1035.6546469,-1144.6024799,-0.0035289,-0.0235065,523.2949642,-568.1151955,-0.0165091,-0.0104412,-0.0153298,1021.8527322,-1155.6960853,-0.0038559,-0.0257511,510.9191361,-577.8457504,-0.0180714,-0.0114294
2.2800000,1.5300000,1.5077756,-0.0137989,1034.0270722,-1142.3179766,-0.0034771,-0.0231613,522.4724184,-566.9807182,-0.0162666,-0.0102879,-0.0151019,1020.2354919,-1153.4043733,-0.0037986,-0.0253680,510.1106213,-576.6999286,-0.0178027,-0.0112594
2.2850000,1.5350000,1.5127756,-0.0135968,1032.4039814,-1140.0422700,-0.0034262,-0.0228221,521.6521141,-565.8506725,-0.0160285,-0.0101373,-0.0148781,1018.6228401,-1151.1214008,-0.0037424,-0.0249918,509.3043990,-575.5584759,-0.0175389,-0.0110925
2.2900000,1.5400000,1.5177756,-0.0133983,1030.7853593,-1137.7753111,-0.0033762,-0.0224889,520.8340435,-564.7250333,-0.0157945,-0.0099893,-0.0146582,1017.0147587,-1148.8471192,-0.0036871,-0.0246223,508.5004600,-574.4213680,-0.0172796,-0.0109286
2.2950000,1.5450000,1.5227756,-0.0132033,1029.1711906,-1135.5170513,-0.0033271,-0.0221614,520.0181989,-563.6037753,-0.0155645,-0.0098439,-0.0144422,1015.4112296,-1146.5814800,-0.0036329,-0.0242593,507.6987954,-573.2885807,-0.0170250,-0.0107676
2.3000000,1.5500000,1.5277756,-0.0130116,1027.5614601,-1133.2674423,-0.0032788,-0.0218397,519.2045724,-562.4868735,-0.0153386,-0.0097010,-0.0142300,1013.8122347,-1144.3244353,-0.0035796,-0.0239028,506.8993962,-572.1600902,-0.0167749,-0.0106094
2.3050000,1.5550000,1.5327756,-0.0128233,1025.9561527,-1131.0264363,-0.0032314,-0.0215235,518.3931563,-561.3743031,-0.0151166,-0.0095605,-0.0140216,1012.2177562,-1142.0759374,-0.0035272,-0.0235525,506.1022535,-571.0358725,-0.0165292,-0.0104540
2.3100000,1.5600000,1.5377756,-0.0126382,1024.3552533,-1128.7939857,-0.0031848,-0.0212128,517.5839427,-560.2660396,-0.0148984,-0.0094226,-0.0138168,1010.6277762,-1139.8359392,-0.0034757,-0.0232083,505.3073584,-569.9159040,-0.0162877,-0.0103013
2.3150000,1.5650000,1.5427756,-0.0124563,1022.7587467,-1126.5700432,-0.0031389,-0.0209075,516.7769240,-559.1620586,-0.0146840,-0.0092869,-0.0136155,1009.0422770,-1137.6043937,-0.0034251,-0.0228702,504.5147021,-568.8001614,-0.0160505,-0.0101512
2.3200000,1.5700000,1.5477756,-0.0122775,1021.1666180,-1124.3545620,-0.0030939,-0.0206074,515.9720922,-558.0623358,-0.0144732,-0.0091537,-0.0134178,1007.4612407,-1135.3812542,-0.0033755,-0.0225379,503.7242756,-567.6886213,-0.0158175,-0.0100038
2.3250000,1.5750000,1.5527756,-0.0121018,1019.5788523,-1122.1474957,-0.0030496,-0.0203125,515.1694396,-556.9668471,-0.0142661,-0.0090227,-0.0132235,1005.8846499,-1133.1664746,-0.0033266,-0.0222114,502.9360703,-566.5812606,-0.0155884,-0.0098590
2.3300000,1.5800000,1.5577756,-0.0119291,1017.9954346,-1119.9487980,-0.0030061,-0.0200225,514.3689585,-555.8755687,-0.0140625,-0.0088939,-0.0130326,1004.3124871,-1130.9600091,-0.0032787,-0.0218906,502.1500775,-565.4780564,-0.0153634,-0.0097166
2.3350000,1.5850000,1.5627756,-0.0117594,1016.4163499,-1117.7584231,-0.0029634,-0.0197376,513.5706409,-554.7884770,-0.0138624,-0.0087673,-0.0128450,1002.7447347,-1128.7618119,-0.0032315,-0.0215753,501.3662883,-564.3789859,-0.0151422,-0.0095768
2.3400000,1.5900000,1.5677756,-0.0115925,1014.8415835,-1115.5763256,-0.0029213,-0.0194574,512.7744791,-553.7055483,-0.0136657,-0.0086429,-0.0126606,1001.1813754,-1126.5718380,-0.0031852,-0.0212655,500.5846943,-563.2840266,-0.0149248,-0.0094393
2.3450000,1.5950000,1.5727756,-0.0114284,1013.2711206,-1113.4024601,-0.0028800,-0.0191820,511.9804653,-552.6267594,-0.0134723,-0.0085206,-0.0124794,999.6223920,-1124.3900423,-0.0031396,-0.0209610,499.8052868,-562.1931559,-0.0147112,-0.0093042
2.3500000,1.6000000,1.5777756,-0.0112671,1011.7049462,-1111.2367819,-0.0028394,-0.0189113,511.1885917,-551.5520871,-0.0132821,-0.0084003,-0.0123012,998.0677672,-1122.2163804,-0.0030948,-0.0206616,499.0280571,-561.1063516,-0.0145012,-0.0091714
2.3550000,1.6050000,1.5827756,-0.0111085,1010.1430458,-1109.0792465,-0.0027994,-0.0186451,510.3988506,-550.4815085,-0.0130952,-0.0082821,-0.0121262,996.5174840,-1120.0508080,-0.0030508,-0.0203674,498.2529969,-560.0235916,-0.0142948,-0.0090408
2.3600000,1.6100000,1.5877756,-0.0109526,1008.5854046,-1106.9298095,-0.0027601,-0.0183834,509.6112341,-549.4150007,-0.0129114,-0.0081659,-0.0119540,994.9715253,-1117.8932812,-0.0030076,-0.0200782,497.4800975,-558.9448540,-0.0140919,-0.0089125
2.3650000,1.6150000,1.5927756,-0.0107993,1007.0320079,-1104.7884273,-0.0027215,-0.0181260,508.8257346,-548.3525410,-0.0127307,-0.0080516,-0.0117848,993.4298742,-1115.7437563,-0.0029650,-0.0197939,496.7093506,-557.8701169,-0.0138924,-0.0087863
2.3700000,1.6200000,1.5977756,-0.0106486,1005.4828411,-1102.6550560,-0.0026835,-0.0178730,508.0423441,-547.2941071,-0.0125530,-0.0079392,-0.0116185,991.8925138,-1113.6021900,-0.0029232,-0.0195144,495.9407478,-556.7993587,-0.0136963,-0.0086623
2.3750000,1.6250000,1.6027756,-0.0105004,1003.9378895,-1100.5296526,-0.0026462,-0.0176241,507.2610551,-546.2396766,-0.0123782,-0.0078287,-0.0114550,990.3594272,-1111.4685395,-0.0028821,-0.0192396,495.1742806,-555.7325579,-0.0135036,-0.0085404
2.3800000,1.6300000,1.6077756,-0.0103546,1002.3971385,-1098.4121739,-0.0026095,-0.0173794,506.4818597,-545.1892274,-0.0122064,-0.0077200,-0.0112942,988.8305979,-1109.3427619,-0.0028417,-0.0189695,494.4099407,-554.6696932,-0.0133140,-0.0084205
2.3850000,1.6350000,1.6127756,-0.0102112,1000.8605737,-1096.3025773,-0.0025734,-0.0171388,505.7047501,-544.1427375,-0.0120374,-0.0076131,-0.0111361,987.3060091,-1107.2248150,-0.0028020,-0.0187038,493.6477199,-553.6107434,-0.0131277,-0.0083027
2.3900000,1.6400000,1.6177756,-0.0100702,999.3281804,-1094.2008205,-0.0025378,-0.0169021,504.9297188,-543.1001852,-0.0118712,-0.0075080,-0.0109806,985.7856443,-1105.1146566,-0.0027629,-0.0184426,492.8876099,-552.5556875,-0.0129444,-0.0081868
2.3950000,1.6450000,1.6227756,-0.0099315,997.7999443,-1092.1068614,-0.0025029,-0.0166693,504.1567579,-542.0615487,-0.0117077,-0.0074046,-0.0108278,984.2694870,-1103.0122449,-0.0027245,-0.0181858,492.1296025,-551.5045045,-0.0127642,-0.0080728
2.4000000,1.6500000,1.6277756,-0.0097951,996.2758507,-1090.0206582,-0.0024685,-0.0164403,503.3858598,-541.0268067,-0.0115469,-0.0073029,-0.0106775,982.7575209,-1100.9175386,-0.0026867,-0.0179332,491.3736894,-550.4571739,-0.0125870,-0.0079607
2.4050000,1.6550000,1.6327756,-0.0096610,994.7558852,-1087.9421694,-0.0024347,-0.0162151,502.6170167,-539.9959377,-0.0113887,-0.0072029,-0.0105296,981.2497296,-1098.8304964,-0.0026495,-0.0176848,490.6198627,-549.4136749,-0.0124127,-0.0078505
2.4100000,1.6600000,1.6377756,-0.0095290,993.2400336,-1085.8713538,-0.0024015,-0.0159936,501.8502210,-538.9689207,-0.0112331,-0.0071045,-0.0103842,979.7460969,-1096.7510774,-0.0026130,-0.0174405,489.8681141,-548.3739872,-0.0122413,-0.0077421
2.4150000,1.6650000,1.6427756,-0.0093992,991.7282812,-1083.8081705,-0.0023688,-0.0157756,501.0854651,-537.9457347,-0.0110801,-0.0070077,-0.0102412,978.2466067,-1094.6792410,-0.0025770,-0.0172003,489.1184357,-547.3380904,-0.0120727,-0.0076355
2.4200000,1.6700000,1.6477756,-0.0092714,990.2206139,-1081.7525789,-0.0023366,-0.0155612,500.3227412,-536.9263588,-0.0109295,-0.0069124,-0.0101006,976.7512428,-1092.6149469,-0.0025417,-0.0169640,488.3708193,-546.3059645,-0.0119069,-0.0075306
2.4250000,1.6750000,1.6527756,-0.0091458,988.7170172,-1079.7045385,-0.0023049,-0.0153503,499.5620418,-535.9107724,-0.0107814,-0.0068187,-0.0099622,975.2599893,-1090.5581551,-0.0025069,-0.0167315,487.6252571,-545.2775893,-0.0117439,-0.0074275
2.4300000,1.6800000,1.6577756,-0.0090221,987.2174768,-1077.6640093,-0.0022738,-0.0151428,498.8033592,-534.8989548,-0.0106357,-0.0067266,-0.0098261,973.7728302,-1088.5088258,-0.0024727,-0.0165029,486.8817410,-544.2529450,-0.0115834,-0.0073260
2.4350000,1.6850000,1.6627756,-0.0089005,985.7219785,-1075.6309516,-0.0022431,-0.0149386,498.0466858,-533.8908858,-0.0104923,-0.0066359,-0.0096923,972.2897496,-1086.4669196,-0.0024390,-0.0162779,486.1402632,-543.2320119,-0.0114256,-0.0072262
2.4400000,1.6900000,1.6677756,-0.0087808,984.2305080,-1073.6053257,-0.0022130,-0.0147377,497.2920141,-532.8865451,-0.0103512,-0.0065466,-0.0095606,970.8107319,-1084.4323971,-0.0024059,-0.0160567,485.4008159,-542.2147704,-0.0112703,-0.0071280
2.4450000,1.6950000,1.6727756,-0.0086630,982.7430511,-1071.5870924,-0.0021833,-0.0145400,496.5393364,-531.8859127,-0.0102123,-0.0064588,-0.0094310,969.3357613,-1082.4052196,-0.0023733,-0.0158390,484.6633911,-541.2012010,-0.0111176,-0.0070314
2.4500000,1.7000000,1.6777756,-0.0085472,981.2595936,-1069.5762127,-0.0021541,-0.0143455,495.7886453,-530.8889687,-0.0100757,-0.0063724,-0.0093035,967.8648222,-1080.3853483,-0.0023413,-0.0156248,483.9279811,-540.1912845,-0.0109673,-0.0069363
2.4550000,1.7050000,1.6827756,-0.0084331,979.7801213,-1067.5726478,-0.0021254,-0.0141540,495.0399331,-529.8956932,-0.0099413,-0.0062874,-0.0091781,966.3978991,-1078.3727449,-0.0023097,-0.0154141,483.1945781,-539.1850015,-0.0108195,-0.0068428
2.4600000,1.7100000,1.6877756,-0.0083209,978.3046200,-1065.5763594,-0.0020971,-0.0139656,494.2931924,-528.9060666,-0.0098090,-0.0062037,-0.0090547,964.9349764,-1076.3673712,-0.0022787,-0.0152067,482.4631744,-538.1823332,-0.0106740,-0.0067508
2.4650000,1.7150000,1.6927756,-0.0082104,976.8330756,-1063.5873090,-0.0020693,-0.0137802,493.5484157,-527.9200695,-0.0096788,-0.0061214,-0.0089332,963.4760389,-1074.3691893,-0.0022482,-0.0150027,481.7337624,-537.1832604,-0.0105308,-0.0066603
2.4700000,1.7200000,1.6977756,-0.0081017,975.3654741,-1061.6054589,-0.0020419,-0.0135977,492.8055955,-526.9376826,-0.0095506,-0.0060403,-0.0088137,962.0210711,-1072.3781617,-0.0022181,-0.0148020,481.0063344,-536.1877645,-0.0103900,-0.0065712
2.4750000,1.7250000,1.7027756,-0.0079947,973.9018014,-1059.6307713,-0.0020149,-0.0134181,492.0647243,-525.9588866,-0.0094245,-0.0059606,-0.0086961,960.5700578,-1070.3942511,-0.0021885,-0.0146044,480.2808827,-535.1958268,-0.0102513,-0.0064835
2.4800000,1.7300000,1.7077756,-0.0078894,972.4420434,-1057.6632087,-0.0019884,-0.0132414,491.3257947,-524.9836625,-0.0093003,-0.0058820,-0.0085804,959.1229839,-1068.4174202,-0.0021594,-0.0144100,479.5573999,-534.2074287,-0.0101149,-0.0063972
2.4850000,1.7350000,1.7127756,-0.0077857,970.9861861,-1055.7027339,-0.0019623,-0.0130673,490.5887993,-524.0119913,-0.0091781,-0.0058047,-0.0084665,957.6798343,-1066.4476324,-0.0021308,-0.0142186,478.8358784,-533.2225518,-0.0099807,-0.0063123
2.4900000,1.7400000,1.7177756,-0.0076837,969.5342156,-1053.7493100,-0.0019366,-0.0128961,489.8537307,-523.0438545,-0.0090578,-0.0057287,-0.0083544,956.2405940,-1064.4848510,-0.0021026,-0.0140303,478.1163107,-532.2411779,-0.0098485,-0.0062287
2.4950000,1.7450000,1.7227756,-0.0075832,968.0861179,-1051.8029002,-0.0019112,-0.0127274,489.1205815,-522.0792332,-0.0089394,-0.0056538,-0.0082441,954.8052479,-1062.5290397,-0.0020749,-0.0138450,477.3986893,-531.2632888,-0.0097185,-0.0061465
2.5000000,1.7500000,1.7277756,-0.0074843,966.6418790,-1049.8634682,-0.0018863,-0.0125614,488.3893444,-521.1181090,-0.0088228,-0.0055800,-0.0081355,953.3737813,-1060.5801624,-0.0020476,-0.0136625,476.6830068,-530.2888664,-0.0095904,-0.0060655
2.5050000,1.7550000,1.7327756,-0.0073870,965.2014852,-1047.9309775,-0.0018618,-0.0123980,487.6600121,-520.1604636,-0.0087081,-0.0055075,-0.0080286,951.9461793,-1058.6381832,-0.0020207,-0.0134829,475.9692559,-529.3178928,-0.0094644,-0.0059858
2.5100000,1.7600000,1.7377756,-0.0072911,963.7649224,-1046.0053923,-0.0018376,-0.0122371,486.9325772,-519.2062788,-0.0085951,-0.0054360,-0.0079234,950.5224271,-1056.7030667,-0.0019942,-0.0133062,475.2574291,-528.3503503,-0.0093404,-0.0059074
2.5150000,1.7650000,1.7427756,-0.0071968,962.3321770,-1044.0866769,-0.0018139,-0.0120787,486.2070324,-518.2555364,-0.0084838,-0.0053656,-0.0078198,949.1025102,-1054.7747773,-0.0019682,-0.0131322,474.5475192,-527.3862211,-0.0092183,-0.0058301
2.5200000,1.7700000,1.7477756,-0.0071038,960.9032351,-1042.1747956,-0.0017904,-0.0119227,485.4833705,-517.3082185,-0.0083743,-0.0052964,-0.0077178,947.6864140,-1052.8532801,-0.0019425,-0.0129608,473.8395188,-526.4254877,-0.0090981,-0.0057541
2.5250000,1.7750000,1.7527756,-0.0070123,959.4780829,-1040.2697132,-0.0017674,-0.0117692,484.7615843,-516.3643072,-0.0082664,-0.0052281,-0.0076174,946.2741239,-1050.9385400,-0.0019173,-0.0127922,473.1334208,-525.4681327,-0.0089797,-0.0056793
2.5300000,1.7800000,1.7577756,-0.0069222,958.0567066,-1038.3713946,-0.0017447,-0.0116179,484.0416666,-515.4237850,-0.0081602,-0.0051610,-0.0075186,944.8656254,-1049.0305226,-0.0018924,-0.0126262,472.4292180,-524.5141388,-0.0088632,-0.0056056
2.5350000,1.7850000,1.7627756,-0.0068335,956.6390927,-1036.4798051,-0.0017223,-0.0114690,483.3236101,-514.4866342,-0.0080556,-0.0050948,-0.0074213,943.4609043,-1047.1312782,-0.0018679,-0.0124627,471.7269030,-523.5645278,-0.0087485,-0.0055330
2.5400000,1.7900000,1.7677756,-0.0067462,955.2252274,-1034.5949100,-0.0017003,-0.0113224,482.6074077,-513.5528374,-0.0079526,-0.0050297,-0.0073254,942.0599462,-1045.2388771,-0.0018438,-0.0123017,471.0264689,-522.6183416,-0.0086355,-0.0054616
2.5450000,1.7950000,1.7727756,-0.0066601,953.8150971,-1032.7166749,-0.0016786,-0.0111780,481.8930523,-512.6223773,-0.0078512,-0.0049655,-0.0072311,940.6627368,-1043.3530699,-0.0018201,-0.0121432,470.3279085,-521.6754521,-0.0085243,-0.0053912
2.5500000,1.8000000,1.7777756,-0.0065754,952.4086882,-1030.8450657,-0.0016573,-0.0110357,481.1805368,-511.6952367,-0.0077513,-0.0049024,-0.0071382,939.2692621,-1041.4738231,-0.0017967,-0.0119871,469.6312147,-520.7358427,-0.0084148,-0.0053220
2.5550000,1.8050000,1.7827756,-0.0064919,951.0059871,-1028.9800484,-0.0016363,-0.0108957,480.4698540,-510.7713986,-0.0076529,-0.0048401,-0.0070467,937.8795078,-1039.6011032,-0.0017737,-0.0118334,468.9363805,-519.7994965,-0.0083069,-0.0052537
2.5600000,1.8100000,1.7877756,-0.0064097,949.6069803,-1027.1215894,-0.0016156,-0.0107577,479.7609969,-509.8508460,-0.0075561,-0.0047789,-0.0069566,936.4934600,-1037.7348770,-0.0017511,-0.0116821,468.2433989,-518.8663969,-0.0082007,-0.0051866
2.5650000,1.8150000,1.7927756,-0.0063288,948.2116544,-1025.2696552,-0.0015952,-0.0106218,479.0539584,-508.9335620,-0.0074606,-0.0047185,-0.0068679,935.1111047,-1035.8751118,-0.0017288,-0.0115330,467.5522629,-517.9365276,-0.0080961,-0.0051204
2.5700000,1.8200000,1.7977756,-0.0062490,946.8199957,-1023.4242125,-0.0015751,-0.0104879,478.3487317,-508.0195301,-0.0073666,-0.0046590,-0.0067805,933.7324281,-1034.0217746,-0.0017068,-0.0113863,466.8629656,-517.0098721,-0.0079931,-0.0050553
2.5750000,1.8250000,1.8027756,-0.0061705,945.4319910,-1021.5852281,-0.0015553,-0.0103561,477.6453096,-507.1087336,-0.0072740,-0.0046005,-0.0066944,932.3574162,-1032.1748331,-0.0016851,-0.0112417,466.1755001,-516.0864143,-0.0078916,-0.0049911
2.5800000,1.8300000,1.8077756,-0.0060931,944.0476268,-1019.7526694,-0.0015358,-0.0102262,476.9436852,-506.2011561,-0.0071828,-0.0045428,-0.0066096,930.9860554,-1030.3342550,-0.0016638,-0.0110993,465.4898595,-515.1661379,-0.0077917,-0.0049279
2.5850000,1.8350000,1.8127756,-0.0060169,942.6668898,-1017.9265036,-0.0015166,-0.0100983,476.2438516,-505.2967812,-0.0070929,-0.0044860,-0.0065261,929.6183319,-1028.5000081,-0.0016428,-0.0109590,464.8060370,-514.2490270,-0.0076933,-0.0048657
2.5900000,1.8400000,1.8177756,-0.0059418,941.2897667,-1016.1066983,-0.0014976,-0.0099722,475.5458019,-504.3955928,-0.0070044,-0.0044300,-0.0064439,928.2542321,-1026.6720607,-0.0016221,-0.0108209,464.1240258,-513.3350657,-0.0075963,-0.0048043
2.5950000,1.8450000,1.8227756,-0.0058678,939.9162442,-1014.2932212,-0.0014790,-0.0098481,474.8495293,-503.4975746,-0.0069172,-0.0043748,-0.0063629,926.8937425,-1024.8503812,-0.0016017,-0.0106848,463.4438191,-512.4242381,-0.0075008,-0.0047439
2.6000000,1.8500000,1.8277756,-0.0057949,938.5463091,-1012.4860405,-0.0014606,-0.0097257,474.1550267,-502.6027108,-0.0068313,-0.0043205,-0.0062831,925.5368496,-1023.0349381,-0.0015817,-0.0105508,462.7654102,-511.5165285,-0.0074068,-0.0046844
2.6050000,1.8550000,1.8327756,-0.0057231,937.1799481,-1010.6851243,-0.0014425,-0.0096052,473.4622876,-501.7109854,-0.0067466,-0.0042669,-0.0062045,924.1835399,-1021.2257003,-0.0015619,-0.0104187,462.0887923,-510.6119214,-0.0073141,-0.0046258
2.6100000,1.8600000,1.8377756,-0.0056524,935.8171483,-1008.8904409,-0.0014247,-0.0094864,472.7713049,-500.8223827,-0.0066632,-0.0042142,-0.0061270,922.8338001,-1019.4226366,-0.0015424,-0.0102886,461.4139588,-509.7104012,-0.0072228,-0.0045681
2.6150000,1.8650000,1.8427756,-0.0055826,934.4578963,-1007.1019590,-0.0014071,-0.0093694,472.0820721,-499.9368870,-0.0065810,-0.0041622,-0.0060507,921.4876169,-1017.6257165,-0.0015232,-0.0101604,460.7409031,-508.8119526,-0.0071328,-0.0045112
2.6200000,1.8700000,1.8477756,-0.0055140,933.1021792,-1005.3196474,-0.0013898,-0.0092541,471.3945823,-499.0544828,-0.0065001,-0.0041110,-0.0059755,920.1449770,-1015.8349092,-0.0015043,-0.0100342,460.0696186,-507.9165602,-0.0070442,-0.0044551
2.6250000,1.8750000,1.8527756,-0.0054463,931.7499840,-1003.5434751,-0.0013728,-0.0091405,470.7088288,-498.1751546,-0.0064203,-0.0040605,-0.0059015,918.8058673,-1014.0501843,-0.0014857,-0.0099097,459.4000986,-507.0242089,-0.0069569,-0.0043999
2.6300000,1.8800000,1.8577756,-0.0053796,930.4012976,-1001.7734112,-0.0013560,-0.0090285,470.0248050,-497.2988871,-0.0063416,-0.0040108,-0.0058285,917.4702747,-1012.2715118,-0.0014673,-0.0097872,458.7323366,-506.1348836,-0.0068709,-0.0043455
2.6350000,1.8850000,1.8627756,-0.0053138,929.0561071,-1000.0094252,-0.0013394,-0.0089182,469.3425043,-496.4256650,-0.0062641,-0.0039618,-0.0057566,916.1381862,-1010.4988617,-0.0014492,-0.0096664,458.0663262,-505.2485693,-0.0067861,-0.0042919
2.6400000,1.8900000,1.8677756,-0.0052490,927.7143997,-998.2514867,-0.0013231,-0.0088094,468.6619199,-495.5554733,-0.0061878,-0.0039135,-0.0056857,914.8095887,-1008.7322040,-0.0014314,-0.0095474,457.4020608,-504.3652511,-0.0067026,-0.0042391
2.6450000,1.8950000,1.8727756,-0.0051852,926.3761624,-996.4995653,-0.0013070,-0.0087023,467.9830453,-494.6882968,-0.0061125,-0.0038659,-0.0056159,913.4844693,-1006.9715094,-0.0014138,-0.0094301,456.7395341,-503.4849142,-0.0066203,-0.0041870
2.6500000,1.9000000,1.8777756,-0.0051223,925.0413824,-994.7536312,-0.0012911,-0.0085967,467.3058739,-493.8241208,-0.0060383,-0.0038190,-0.0055471,912.1628152,-1005.2167483,-0.0013965,-0.0093145,456.0787395,-502.6075440,-0.0065391,-0.0041357
2.6550000,1.9050000,1.8827756,-0.0050602,923.7100470,-993.0136545,-0.0012755,-0.0084926,466.6303992,-492.9629304,-0.0059652,-0.0037727,-0.0054793,910.8446137,-1003.4678915,-0.0013795,-0.0092006,455.4196706,-501.7331258,-0.0064592,-0.0040852
2.6600000,1.9100000,1.8877756,-0.0049991,922.3821435,-991.2796055,-0.0012601,-0.0083900,465.9566148,-492.1047108,-0.0058932,-0.0037272,-0.0054125,909.5298519,-1001.7249102,-0.0013626,-0.0090884,454.7623212,-500.8616452,-0.0063804,-0.0040353
2.6650000,1.9150000,1.8927756,-0.0049389,921.0576592,-989.5514548,-0.0012449,-0.0082888,465.2845140,-491.2494475,-0.0058221,-0.0036822,-0.0053466,908.2185172,-999.9877753,-0.0013461,-0.0089777,454.1066849,-499.9930876,-0.0063028,-0.0039862
2.6700000,1.9200000,1.8977756,-0.0048795,919.7365814,-987.8291730,-0.0012299,-0.0081892,464.6140905,-490.3971259,-0.0057521,-0.0036380,-0.0052817,906.9105970,-998.2564584,-0.0013297,-0.0088687,453.4527555,-499.1274389,-0.0062263,-0.0039378
2.6750000,1.9250000,1.9027756,-0.0048209,918.4188976,-986.1127312,-0.0012152,-0.0080909,463.9453379,-489.5477316,-0.0056831,-0.0035943,-0.0052177,905.6060788,-996.5309309,-0.0013136,-0.0087613,452.8005265,-498.2646848,-0.0061508,-0.0038901
2.6800000,1.9300000,1.9077756,-0.0047632,917.1045951,-984.4021003,-0.0012006,-0.0079940,463.2782497,-488.7012503,-0.0056151,-0.0035513,-0.0051547,904.3049500,-994.8111647,-0.0012978,-0.0086553,452.1499919,-497.4048111,-0.0060765,-0.0038431
2.6850000,1.9350000,1.9127756,-0.0047063,915.7936617,-982.6972518,-0.0011863,-0.0078985,462.6128196,-487.8576678,-0.0055480,-0.0035089,-0.0050925,903.0071983,-993.0971315,-0.0012821,-0.0085509,451.5011453,-496.5478038,-0.0060032,-0.0037968
2.6900000,1.9400000,1.9177756,-0.0046502,914.4860846,-980.9981570,-0.0011722,-0.0078044,461.9490413,-487.0169699,-0.0054819,-0.0034671,-0.0050312,901.7128112,-991.3888036,-0.0012667,-0.0084480,450.8539807,-495.6936491,-0.0059310,-0.0037511
2.6950000,1.9450000,1.9227756,-0.0045950,913.1818517,-979.3047876,-0.0011582,-0.0077116,461.2869085,-486.1791426,-0.0054167,-0.0034258,-0.0049708,900.4217765,-989.6861532,-0.0012515,-0.0083466,450.2084919,-494.8423329,-0.0058598,-0.0037061
2.7000000,1.9500000,1.9277756,-0.0045404,911.8809504,-977.6171154,-0.0011445,-0.0076201,460.6264150,-485.3441719,-0.0053525,-0.0033852,-0.0049113,899.1340819,-987.9891528,-0.0012366,-0.0082466,449.5646727,-493.9938416,-0.0057896,-0.0036617
2.7050000,1.9550000,1.9327756,-0.0044867,910.5833686,-975.9351124,-0.0011310,-0.0075299,459.9675544,-484.5120440,-0.0052891,-0.0033451,-0.0048526,897.8497153,-986.2977749,-0.0012218,-0.0081480,448.9225171,-493.1481615,-0.0057204,-0.0036179
2.7100000,1.9600000,1.9377756,-0.0044337,909.2890939,-974.2587508,-0.0011176,-0.0074410,459.3103206,-483.6827452,-0.0052266,-0.0033056,-0.0047947,896.5686644,-984.6119925,-0.0012072,-0.0080508,448.2820190,-492.3052789,-0.0056522,-0.0035748
2.7150000,1.9650000,1.9427756,-0.0043815,907.9981142,-972.5880029,-0.0011044,-0.0073533,458.6547074,-482.8562616,-0.0051650,-0.0032666,-0.0047377,895.2909173,-982.9317784,-0.0011929,-0.0079550,447.6431724,-491.4651805,-0.0055850,-0.0035322
2.7200000,1.9700000,1.9477756,-0.0043299,906.7104172,-970.9228413,-0.0010915,-0.0072668,458.0007086,-482.0325799,-0.0051043,-0.0032282,-0.0046814,894.0164618,-981.2571059,-0.0011787,-0.0078605,447.0059712,-490.6278526,-0.0055187,-0.0034903
2.7250000,1.9750000,1.9527756,-0.0042791,905.4259908,-969.2632387,-0.0010786,-0.0071815,457.3483183,-481.2116863,-0.0050444,-0.0031904,-0.0046260,892.7452862,-979.5879483,-0.0011648,-0.0077674,446.3704096,-489.7932821,-0.0054533,-0.0034490
2.7300000,1.9800000,1.9577756,-0.0042290,904.1448231,-967.6091679,-0.0010660,-0.0070974,456.6975301,-480.3935677,-0.0049853,-0.0031530,-0.0045713,891.4773783,-977.9242790,-0.0011510,-0.0076756,445.7364815,-488.9614557,-0.0053888,-0.0034082
2.7350000,1.9850000,1.9627756,-0.0041796,902.8669019,-965.9606019,-0.0010536,-0.0070145,456.0483382,-479.5782105,-0.0049271,-0.0031162,-0.0045174,890.2127265,-976.2660718,-0.0011374,-0.0075850,445.1041811,-488.1323602,-0.0053253,-0.0033680
2.7400000,1.9900000,1.9677756,-0.0041309,901.5922153,-964.3175141,-0.0010413,-0.0069327,455.4007365,-478.7656016,-0.0048697,-0.0030799,-0.0044642,888.9513189,-974.6133005,-0.0011241,-0.0074957,444.4735024,-487.3059825,-0.0052626,-0.0033284
2.7450000,1.9950000,1.9727756,-0.0040829,900.3207513,-962.6798777,-0.0010292,-0.0068521,454.7547190,-477.9557278,-0.0048130,-0.0030440,-0.0044118,887.6931437,-972.9659390,-0.0011109,-0.0074077,443.8444396,-486.4823096,-0.0052008,-0.0032893
