# r[nm],d[nm],daligned[nm],UC(d)[kJ/mol],UK(d)[kJ/mol],UCl(d)[kJ/mol],UC2A(d)[kJ/mol],UC4A(d)[kJ/mol],UCPlus(d)[kJ/mol],UCMinus(d)[kJ/mol],UCMoreLJ(d)[kJ/mol],UCLessLJ(d)[kJ/mol]
0.7500000,0.0000000,-0.0146526,179016.5810332,116191.9407270,714690.2014029,11216.8481973,504086.2528913,179540.7809452,178492.3811212,211031.6920474,133468.1610698
0.7550000,0.0050000,-0.0096526,158087.2793960,102716.8100066,631137.4594124,9891.5377805,445235.5794523,158610.6997219,157563.8590702,186359.4191642,117864.0455970
0.7600000,0.0100000,-0.0046526,138141.5655003,89875.6405994,551503.3154040,8629.4168999,389145.2110910,138664.2017175,137618.9292832,162846.6376765,102993.2568716
0.7650000,0.0150000,0.0003474,119532.9062949,77895.9908757,477198.7988203,7452.8779324,336808.9960486,120054.7539430,119011.0586469,140910.0281391,89119.3268156
0.7700000,0.0200000,0.0053474,102495.1927120,66928.3961371,409158.0300180,6376.6894530,288884.8599222,103016.2473934,101974.1380305,120825.3102584,76416.6358826
0.7750000,0.0250000,0.0103474,87154.6762567,57054.0620383,347885.7784397,5408.7627424,245728.3061511,87674.9336376,86634.4188759,102741.3142076,64979.3125390
0.7800000,0.0300000,0.0153474,73546.9068585,48295.7788879,293524.9738644,4551.2364471,207439.9707216,74066.3626689,73027.4510480,86699.9476228,54833.8615011
0.7850000,0.0350000,0.0203474,61635.8793844,40630.2577354,245933.0359260,3801.7010080,173919.3879057,62154.5294194,61117.2293494,72658.7662564,45953.4386696
0.7900000,0.0400000,0.0253474,51333.1400630,34000.4396047,204758.0545685,3154.4193243,144918.6506228,51850.9801830,50815.2999431,60513.4973704,38272.0961746
0.7950000,0.0450000,0.0303474,42515.2640575,28326.7544961,169508.4849748,2601.4423510,120091.5021802,43032.2901887,41998.2379262,50118.6429777,31697.8130092
0.8000000,0.0500000,0.0353474,35038.7595584,23516.7217880,139612.5884201,2133.5595227,99035.2049582,35554.9676937,34522.5514231,41305.0493657,26123.6069722
0.8050000,0.0550000,0.0403474,28751.9983428,19472.6345126,114466.0217548,1755.7946315,81324.0610065,29267.3845420,28236.6121436,33893.9713015,21436.4296522
0.8100000,0.0600000,0.0453474,23504.1796453,16097.3321149,93467.6007655,1429.0321832,66534.6024105,24018.7400356,22989.6192551,27707.6389914,17523.8495597
0.8150000,0.0650000,0.0503474,19151.6001550,13298.2376186,76044.3234066,1158.8309654,54263.2164437,19665.3309315,18637.8693785,22576.6493964,14278.7268055
0.8200000,0.0700000,0.0553474,15561.6464694,10989.9275501,61667.3115045,936.7327689,44137.3738512,16074.5438955,15048.7490433,18344.6726919,11602.1897273
0.8250000,0.0750000,0.0603474,12614.9759531,9095.5349010,49860.5277465,755.1352513,35821.7682082,13127.0363610,12102.9155452,14871.0231486,9405.2608573
0.8300000,0.0800000,0.0653474,10206.3376591,7547.2761675,40204.0681467,607.3422249,29020.6344035,10717.5574500,9695.1178683,12031.6268660,7609.4689707
0.8350000,0.0850000,0.0703474,8244.4330908,6286.3600561,32333.6236356,487.5528902,23477.3688039,8754.8087352,7734.0574465,9718.8576337,6146.7452755
0.8400000,0.0900000,0.0753474,6651.1474680,5262.4908902,25937.4290817,390.8111485,18972.3796957,7160.6755061,6141.6194299,7840.6307177,4958.8502721
0.8450000,0.0950000,0.0803474,5360.4098665,4433.1331679,20751.7299864,312.9314938,15319.8936884,5869.0869085,4851.7328245,6319.0591490,3996.5239160
0.8500000,0.1000000,0.0853474,4316.8737208,3762.6606143,16555.5305437,250.4136927,12364.2560075,4824.6964469,3809.0509946,5088.8982483,3218.5018491
0.8550000,0.1050000,0.0903474,3474.5520734,3221.4762843,13165.1591384,200.3547775,9976.1022680,3981.5172344,2967.5869123,4095.9368061,2590.4978919
0.8600000,0.1100000,0.0953474,2795.4960741,2785.1607013,10429.0044495,160.3637889,8048.6504846,3301.6004912,2289.3916570,3295.4392449,2084.2187809
0.8650000,0.1150000,0.1003474,2248.5702114,2433.6824634,8222.6357016,128.4821736,6494.2637232,2753.8107764,1758.0655868,2650.7018158,1691.1869676
0.8700000,0.1200000,0.1053474,1823.0882177,2150.6893272,6444.4189859,103.1113914,5241.3622221,2312.7259527,1318.7145420,2131.7558332,1362.9767101
0.8750000,0.1250000,0.1103474,1468.9043523,1922.8864124,5011.6711663,82.9496386,4231.7142136,1957.6722314,965.4005326,1728.9660899,1098.9102817
0.8800000,0.1300000,0.1153474,1183.9979626,1754.2366683,3857.3467754,66.9388529,3418.1022047,1686.6290308,681.3668945,1393.1073827,886.4945843
0.8850000,0.1350000,0.1203474,954.8242871,1606.5626408,2927.2252974,54.2180919,2762.3417422,1456.5797791,453.0687951,1122.9485615,715.6311433
0.8900000,0.1400000,0.1253474,770.4586011,1487.5808988,2177.5511223,44.0809784,2233.6190487,1271.3357632,269.5814390,905.6111369,578.1748868
0.8950000,0.1450000,0.1303474,622.1044817,1391.6153942,1587.8080910,35.9521194,1821.8454123,1122.1006311,122.1083323,730.7255444,467.5675263
0.9000000,0.1500000,0.1353474,502.6884038,1297.7054612,1100.1583538,29.3892045,1477.5742010,1001.8009285,3.5758792,589.9532381,378.5353025
0.9050000,0.1550000,0.1403474,406.5276571,1213.0600055,706.5328580,24.0745038,1199.4831249,904.7540157,-91.6987016,476.5952186,306.8413950
0.9100000,0.1600000,0.1453474,329.0597594,1144.9218832,388.6075696,19.7735776,974.6697663,826.3974816,-168.2779632,385.2730552,249.0841704
0.9150000,0.1650000,0.1503474,266.6229289,1089.9973516,131.6629850,16.2948305,792.7702182,763.0695655,-229.8237779,311.6701046,202.5333803
0.9200000,0.1700000,0.1553474,216.2785332,1045.6532488,-76.1245943,13.4721246,645.4599086,711.7698172,-279.2752879,252.3222922,164.9969490
0.9250000,0.1750000,0.1603474,175.6673126,1009.7863030,-244.2545514,11.1573654,526.0510906,665.1299624,-318.9971652,204.4492774,134.7106137
0.9300000,0.1800000,0.1653474,142.8909888,980.7159315,-380.3617501,9.2144428,429.1690052,620.5894058,-350.9209915,165.8174233,110.2443508
0.9350000,0.1850000,0.1703474,116.4123613,957.0986333,-490.5858227,7.5215844,350.4917921,584.3072128,-376.6898241,134.6258944,90.4291180
0.9400000,0.1900000,0.1753474,94.9761308,937.8220867,-579.8674858,5.9888703,286.5417967,554.9233810,-405.0189605,109.4113982,74.3152006
0.9450000,0.1950000,0.1803474,77.5610612,915.1615603,-652.1893309,4.5747118,234.5176399,531.0955357,-450.1407026,88.9781834,61.1554463
0.9500000,0.2000000,0.1853474,63.3588380,888.6258363,-710.8059256,3.2783496,192.1570975,511.7444223,-490.3305173,72.3609611,50.3793126
0.9550000,0.2050000,0.1903474,51.7479190,866.9772188,-781.3553437,2.1155039,157.6236959,496.0030615,-523.2148873,58.8042768,41.5436884
0.9600000,0.2100000,0.1953474,42.2451724,849.2884236,-871.6336728,1.0988688,129.4181899,483.1530205,-548.4720073,47.7263477,34.2880795
0.9650000,0.2150000,0.2003474,34.4590481,833.0574823,-951.7769139,0.2311879,106.3201898,472.3186932,-567.7597115,38.6673012,28.3131513
0.9700000,0.2200000,0.2053474,28.0650890,816.1826319,-1017.7850599,-0.4935054,87.3522715,461.2476259,-582.4310916,31.2498411,23.3736074
0.9750000,0.2250000,0.2103474,22.7973557,801.8719837,-1069.2997700,-1.0864158,71.7434697,448.7979650,-593.5175336,25.1620011,19.2714180
0.9800000,0.2300000,0.2153474,18.4414724,790.3946760,-1109.4495189,-1.5614413,58.8815416,437.0828928,-601.8054579,20.1502391,15.8447885
0.9850000,0.2350000,0.2203474,14.8230431,781.1879880,-1140.6678489,-1.9339843,48.2686491,426.1868388,-608.0767742,16.0104094,12.9582097
0.9900000,0.2400000,0.2253474,11.7961227,773.7563576,-1164.8309578,-2.2202770,39.4941008,416.3021419,-634.3665724,12.5747261,10.4989490
0.9950000,0.2450000,0.2303474,9.2379911,767.7112549,-1183.3925643,-2.4362492,32.2216578,407.9474292,-662.6597052,9.7015706,8.3783367
1.0000000,0.2500000,0.2353474,7.0497854,762.7511676,-1197.4850069,-2.5957742,26.1806719,401.1200756,-685.4295475,7.2724679,6.5325293
1.0050000,0.2550000,0.2403474,5.1580438,758.6418871,-1236.0718913,-2.7093207,21.1531025,395.5888493,-709.4145859,5.1937039,4.9192454
1.0100000,0.2600000,0.2453474,3.5128512,755.2010010,-1286.4691473,-2.7839328,16.9586586,391.1079564,-737.8718965,3.3973698,3.5110632
1.0150000,0.2650000,0.2503474,2.0818978,752.2860279,-1326.2378739,-2.8243046,13.4447223,387.4669876,-762.5048704,1.8383065,2.2883805
1.0200000,0.2700000,0.2553474,0.8430692,749.7853654,-1383.1009247,-2.8341047,10.4824676,384.4950975,-783.1356998,0.4873019,1.2346148
1.0250000,0.2750000,0.2603474,-0.2213298,747.6113677,-1439.7881259,-2.8169114,7.9660325,382.0556914,-800.8362496,-0.6763186,0.3341546
1.0300000,0.2800000,0.2653474,-1.1274447,745.6950354,-1489.6861093,-2.7765759,5.8118117,380.0400407,-815.8341051,-1.6698123,-0.4280520
1.0350000,0.2850000,0.2703474,-1.8906474,743.9819277,-1529.1640055,-2.7171654,3.9565071,378.3616568,-828.1246983,-2.5091808,-1.0665715
1.0400000,0.2900000,0.2753474,-2.5257129,742.4290048,-1560.0902260,-2.6427324,2.3536788,376.9516925,-837.9545583,-3.2096525,-1.5956827
1.0450000,0.2950000,0.2803474,-3.0471160,741.0021806,-1584.1662652,-2.5570914,0.9692738,375.7552775,-845.6900461,-3.7859343,-2.0294277
1.0500000,0.3000000,0.2853474,-3.4692185,739.6744196,-1602.7331292,-2.4636685,-0.2228112,374.7286211,-851.6666997,-4.2525958,-2.3812307
1.0550000,0.3050000,0.2903474,-3.8059506,738.4242526,-1616.9278710,-2.3654212,-1.2439876,373.8367291,-856.1441774,-4.6241379,-2.6632024
1.0600000,0.3100000,0.2953474,-4.0700347,737.2346154,-1630.0886738,-2.2648090,-2.1127089,373.0516022,-859.3186955,-4.9144289,-2.8855631
1.0650000,0.3150000,0.3003474,-4.2722299,736.0919376,-1645.3407377,-2.1638110,-2.8453190,372.3508156,-861.3498357,-5.1357676,-3.0565290
1.0700000,0.3200000,0.3053474,-4.4210739,734.9854254,-1657.7729845,-2.0639863,-3.4567450,371.7163941,-862.3794038,-5.2981778,-3.1826641
1.0750000,0.3250000,0.3103474,-4.5232197,733.9064960,-1667.0683683,-1.9665531,-3.9611230,371.1339214,-862.5387239,-5.4093635,-3.2694350
1.0800000,0.3300000,0.3153474,-4.5840900,732.8483302,-1673.7045344,-1.8724466,-4.3720287,370.5918327,-861.9487642,-5.4752701,-3.3216994
1.0850000,0.3350000,0.3203474,-4.6084952,731.8055177,-1678.2106180,-1.7823431,-4.7021679,370.0808518,-860.7177778,-5.5008610,-3.3440022
1.0900000,0.3400000,0.3253474,-4.6010173,730.7737746,-1681.2158088,-1.6966794,-4.9627993,369.5935416,-858.9394713,-5.4907370,-3.3406899
1.0950000,0.3450000,0.3303474,-4.5661504,729.7497195,-1683.1862828,-1.6156820,-5.1633193,369.1239458,-856.6930536,-5.4494533,-3.3159034
1.1000000,0.3500000,0.3353474,-4.5082804,728.7306936,-1684.0792900,-1.5393960,-5.3112671,368.6673011,-854.0450553,-5.3815776,-3.2735101
1.1050000,0.3550000,0.3403474,-4.4315864,727.7146179,-1683.7045640,-1.4677122,-5.4127080,368.2198067,-851.0519462,-5.2916025,-3.2170200
1.1100000,0.3600000,0.3453474,-4.3399243,726.6998780,-1682.0448481,-1.4003829,-5.4727693,367.7784390,-847.7625606,-5.1838038,-3.1495202
1.1150000,0.3650000,0.3503474,-4.2367289,725.6852320,-1679.2050270,-1.3370355,-5.4961048,367.3408023,-844.2198452,-5.0621017,-3.0736467
1.1200000,0.3700000,0.3553474,-4.1249584,724.6697365,-1675.3274991,-1.2772442,-5.4871754,366.9050085,-840.4619319,-4.9299580,-2.9915985
1.1250000,0.3750000,0.3603474,-4.0070892,723.6526874,-1670.5553828,-1.2206487,-5.4503470,366.4695794,-836.5227554,-4.7903263,-2.9051805
1.1300000,0.3800000,0.3653474,-3.8851522,722.6335712,-1665.0204914,-1.1670107,-5.3898663,366.0333685,-832.4324402,-4.6456572,-2.8158648
1.1350000,0.3850000,0.3703474,-3.7607951,721.6120270,-1658.8402708,-1.1162139,-5.3097779,365.5954970,-828.2176021,-4.4979455,-2.7248570
1.1400000,0.3900000,0.3753474,-3.6353560,720.5878147,-1652.1177937,-1.0683463,-5.2138288,365.1553020,-823.9016326,-4.3488019,-2.6331655
1.1450000,0.3950000,0.3803474,-3.5099407,719.5607905,-1644.9427815,-1.0237973,-5.1053873,364.7122948,-819.5049937,-4.1995352,-2.5416670
1.1500000,0.4000000,0.3853474,-3.3854995,718.5308858,-1637.3929337,-0.9831052,-4.9873936,364.2661263,-815.0455251,-4.0512355,-2.4511568
1.1550000,0.4050000,0.3903474,-3.2628919,717.4980914,-1629.5352972,-0.9465843,-4.8623445,363.8165600,-810.5387182,-3.9048558,-2.3623687
1.1600000,0.4100000,0.3953474,-3.1429216,716.4624441,-1621.4275687,-0.9140721,-4.7323121,363.3634487,-805.9979225,-3.7612766,-2.2759601
1.1650000,0.4150000,0.4003474,-3.0263287,715.4240156,-1613.1192901,-0.8849752,-4.5989885,362.9067166,-801.4345626,-3.6213304,-2.1924746
1.1700000,0.4200000,0.4053474,-2.9137473,714.3829047,-1604.6529243,-0.8584751,-4.4637466,362.4463441,-796.8584155,-3.4857798,-2.1123005
1.1750000,0.4250000,0.4103474,-2.8056499,713.3392295,-1596.0648099,-0.8336854,-4.3277106,361.9823561,-792.2778797,-3.3552604,-2.0356447
1.1800000,0.4300000,0.4153474,-2.7023023,712.2931227,-1587.3860016,-0.8097434,-4.1918311,361.5148117,-787.7001918,-3.2302138,-1.9625377
1.1850000,0.4350000,0.4203474,-2.6037523,711.2447263,-1578.6430041,-0.7859149,-4.0569576,361.0437961,-783.1317689,-3.1108417,-1.8928715
1.1900000,0.4400000,0.4253474,-2.5098633,710.1941890,-1569.8584104,-0.7616986,-3.9238923,360.5694146,-778.5789900,-2.9971046,-1.8264694
1.1950000,0.4450000,0.4303474,-2.4203891,709.1416626,-1561.0514539,-0.7368693,-3.7934079,360.0917871,-774.0484717,-2.8887724,-1.7631896
1.2000000,0.4500000,0.4353474,-2.3350936,708.0873000,-1552.2384847,-0.7114428,-3.6662233,359.6110436,-769.5465897,-2.7855267,-1.7030238
1.2050000,0.4550000,0.4403474,-2.2538776,707.0312541,-1543.4333791,-0.6855965,-3.5429506,359.1273213,-765.0870332,-2.6871090,-1.6461053
1.2100000,0.4600000,0.4453474,-2.1768205,705.9736753,-1534.6478917,-0.6595856,-3.4240360,358.6407614,-760.6989617,-2.5934453,-1.5926029
1.2150000,0.4650000,0.4503474,-2.1040818,704.9147116,-1525.8919562,-0.6336794,-3.3097239,358.1515072,-756.3915337,-2.5046433,-1.5425740
1.2200000,0.4700000,0.4553474,-2.0357298,703.8545071,-1517.1739441,-0.6081225,-3.2000652,357.6597023,-752.1183029,-2.4208442,-1.4958643
1.2250000,0.4750000,0.4603474,-1.9716074,702.7932018,-1508.5008862,-0.5831157,-3.0949848,357.1654891,-747.8215285,-2.3420335,-1.4520871
1.2300000,0.4800000,0.4653474,-1.9112875,701.7309312,-1499.8786649,-0.5588123,-2.9943923,356.6690081,-743.4845909,-2.2679205,-1.4106703
1.2350000,0.4850000,0.4703474,-1.8541164,700.6678257,-1491.3121816,-0.5353205,-2.8982702,356.1703967,-739.1294142,-2.1979242,-1.3709522
1.2400000,0.4900000,0.4753474,-1.7993198,699.6040110,-1482.8054841,-0.5127102,-2.8066760,355.6697889,-734.7894240,-2.1312501,-1.3322944
1.2450000,0.4950000,0.4803474,-1.7461364,698.5396074,-1474.3618611,-0.4910205,-2.7196555,355.1673146,-730.4902452,-2.0670254,-1.2941777
1.2500000,0.5000000,0.4853474,-1.6939352,697.4747303,-1465.9839596,-0.4702667,-2.6371276,354.6630996,-726.2443272,-2.0044470,-1.2562543
1.2550000,0.5050000,0.4903474,-1.6422845,696.4094901,-1457.6739110,-0.4504459,-2.5588044,354.1572650,-722.0540243,-1.9428957,-1.2183532
1.2600000,0.5100000,0.4953474,-1.5909626,695.3439921,-1449.4334108,-0.4315428,-2.4841801,353.6499276,-717.9166656,-1.8819864,-1.1804512
1.2650000,0.5150000,0.5003474,-1.5399272,694.2783369,-1441.2637641,-0.4135328,-2.4125910,353.1411992,-713.8282253,-1.8215596,-1.1426297
1.2700000,0.5200000,0.5053474,-1.4892635,693.2126204,-1433.1659287,-0.3963855,-2.3433214,352.6311871,-709.7850704,-1.7616340,-1.1050308
1.2750000,0.5250000,0.5103474,-1.4391318,692.1469338,-1425.1405654,-0.3800666,-2.2757157,352.1199942,-705.7844535,-1.7023458,-1.0678216
1.2800000,0.5300000,0.5153474,-1.3897232,691.0813641,-1417.1880854,-0.3645398,-2.2092618,351.6077186,-701.8244483,-1.6438918,-1.0311689
1.2850000,0.5350000,0.5203474,-1.3412284,690.0159939,-1409.3086910,-0.3497681,-2.1436282,351.0944540,-697.9037307,-1.5864862,-0.9952234
1.2900000,0.5400000,0.5253474,-1.2938188,688.9509020,-1401.5024096,-0.3357141,-2.0786592,350.5802900,-694.0213708,-1.5303309,-0.9601122
1.2950000,0.5450000,0.5303474,-1.2476366,687.8861631,-1393.7691213,-0.3223415,-2.0143428,350.0653119,-690.1766801,-1.4755996,-0.9259358
1.3000000,0.5500000,0.5353474,-1.2027916,686.8218484,-1386.1085832,-0.3096147,-1.9507672,349.5496009,-686.3691111,-1.4224297,-0.8927689
1.3050000,0.5550000,0.5403474,-1.1593621,685.7580255,-1378.5204494,-0.2974994,-1.8880790,349.0332346,-682.5981959,-1.3709219,-0.8606627
1.3100000,0.5600000,0.5453474,-1.1173983,684.6947585,-1371.0042889,-0.2859627,-1.8264490,348.5162865,-678.8635091,-1.3211428,-0.8296480
1.3150000,0.5650000,0.5503474,-1.0769259,683.6321087,-1363.5596002,-0.2749736,-1.7660469,347.9988270,-675.1646474,-1.2731286,-0.7997391
1.3200000,0.5700000,0.5553474,-1.0379507,682.5701339,-1356.1858247,-0.2645022,-1.7070260,347.4809227,-671.5012176,-1.2268908,-0.7709363
1.3250000,0.5750000,0.5603474,-1.0004625,681.5088895,-1348.8823573,-0.2545205,-1.6495148,346.9626371,-667.8728309,-1.1824205,-0.7432295
1.3300000,0.5800000,0.5653474,-0.9644387,680.4484277,-1341.6485559,-0.2450019,-1.5936136,346.4440308,-664.2790996,-1.1396931,-0.7166000
1.3350000,0.5850000,0.5703474,-0.9298475,679.3887986,-1334.4837490,-0.2359214,-1.5393949,345.9251610,-660.7196360,-1.0986721,-0.6910233
1.3400000,0.5900000,0.5753474,-0.8966500,678.3300494,-1327.3872425,-0.2272553,-1.4869050,345.4060826,-657.1940521,-1.0593121,-0.6664702
1.3450000,0.5950000,0.5803474,-0.8648030,677.2722252,-1320.3583250,-0.2189814,-1.4361681,344.8868474,-653.7019598,-1.0215618,-0.6429085
1.3500000,0.6000000,0.5853474,-0.8342598,676.2153689,-1313.3962729,-0.2110788,-1.3871887,344.3675049,-650.2429715,-0.9853657,-0.6203040
1.3550000,0.6050000,0.5903474,-0.8049721,675.1595213,-1306.5003536,-0.2035278,-1.3399560,343.8481021,-646.8167005,-0.9506659,-0.5986212
1.3600000,0.6100000,0.5953474,-0.7768907,674.1047212,-1299.6698293,-0.1963099,-1.2944466,343.3286836,-643.4227617,-0.9174036,-0.5778244
1.3650000,0.6150000,0.6003474,-0.7499662,673.0510054,-1292.9039594,-0.1894076,-1.2506271,342.8092922,-640.0607724,-0.8855195,-0.5578778
1.3700000,0.6200000,0.6053474,-0.7241500,671.9984091,-1286.2020026,-0.1828045,-1.2084570,342.2899681,-636.7303525,-0.8549551,-0.5387458
1.3750000,0.6250000,0.6103474,-0.6993942,670.9469659,-1279.5632190,-0.1764852,-1.1678904,341.7707500,-633.4311249,-0.8256530,-0.5203938
1.3800000,0.6300000,0.6153474,-0.6756522,669.8967074,-1272.9868714,-0.1704352,-1.1288778,341.2516745,-630.1627163,-0.7975572,-0.5027879
1.3850000,0.6350000,0.6203474,-0.6528790,668.8476641,-1266.4722265,-0.1646408,-1.0913669,340.7327764,-626.9247573,-0.7706136,-0.4858953
1.3900000,0.6400000,0.6253474,-0.6310309,667.7998649,-1260.0185561,-0.1590892,-1.0553046,340.2140890,-623.7168825,-0.7447698,-0.4696844
1.3950000,0.6450000,0.6303474,-0.6100661,666.7533374,-1253.6251377,-0.1537682,-1.0206369,339.6956438,-620.5387308,-0.7199757,-0.4541246
1.4000000,0.6500000,0.6353474,-0.5899444,665.7081078,-1247.2912553,-0.1486664,-0.9873101,339.1774711,-617.3899460,-0.6961831,-0.4391867
1.4050000,0.6550000,0.6403474,-0.5706274,664.6642012,-1241.0161999,-0.1437731,-0.9552711,338.6595994,-614.2701763,-0.6733460,-0.4248428
1.4100000,0.6600000,0.6453474,-0.5520784,663.6216415,-1234.7992699,-0.1390780,-0.9244678,338.1420561,-611.1790745,-0.6514204,-0.4110660
1.4150000,0.6650000,0.6503474,-0.5342624,662.5804514,-1228.6397713,-0.1345715,-0.8948495,337.6248672,-608.1162984,-0.6303644,-0.3978307
1.4200000,0.6700000,0.6553474,-0.5171459,661.5406528,-1222.5370182,-0.1302448,-0.8663667,337.1080576,-605.0815106,-0.6101383,-0.3851125
1.4250000,0.6750000,0.6603474,-0.5006972,660.5022663,-1216.4903330,-0.1260891,-0.8389718,336.5916509,-602.0743784,-0.5907039,-0.3728882
1.4300000,0.6800000,0.6653474,-0.4848861,659.4653119,-1210.4990463,-0.1220964,-0.8126187,336.0756696,-599.0945740,-0.5720252,-0.3611355
1.4350000,0.6850000,0.6703474,-0.4696838,658.4298084,-1204.5624970,-0.1182592,-0.7872632,335.5601352,-596.1417741,-0.5540678,-0.3498335
1.4400000,0.6900000,0.6753474,-0.4550629,657.3957740,-1198.6800326,-0.1145701,-0.7628627,335.0450684,-593.2156604,-0.5367993,-0.3389620
1.4450000,0.6950000,0.6803474,-0.4409974,656.3632258,-1192.8510091,-0.1110224,-0.7393764,334.5304886,-590.3159191,-0.5201884,-0.3285019
1.4500000,0.7000000,0.6853474,-0.4274625,655.3321805,-1187.0747910,-0.1076096,-0.7167654,334.0164146,-587.4422409,-0.5042059,-0.3184350
1.4550000,0.7050000,0.6903474,-0.4144349,654.3026538,-1181.3507512,-0.1043255,-0.6949921,333.5028641,-584.5943209,-0.4888237,-0.3087441
1.4600000,0.7100000,0.6953474,-0.4018921,653.2746607,-1175.6782710,-0.1011645,-0.6740210,332.9898542,-581.7718589,-0.4740153,-0.2994126
1.4650000,0.7150000,0.7003474,-0.3898128,652.2482158,-1170.0567402,-0.0981210,-0.6538179,332.4774012,-578.9745588,-0.4597554,-0.2904251
1.4700000,0.7200000,0.7053474,-0.3781771,651.2233328,-1164.4855568,-0.0951898,-0.6343503,331.9655206,-576.2021287,-0.4460201,-0.2817665
1.4750000,0.7250000,0.7103474,-0.3669655,650.2000249,-1158.9641271,-0.0923659,-0.6155870,331.4542272,-573.4542810,-0.4327865,-0.2734228
1.4800000,0.7300000,0.7153474,-0.3561600,649.1783047,-1153.4918653,-0.0896447,-0.5974985,330.9435352,-570.7307320,-0.4200330,-0.2653804
1.4850000,0.7350000,0.7203474,-0.3457431,648.1581844,-1148.0681939,-0.0870218,-0.5800563,330.4334581,-568.0312022,-0.4077390,-0.2576266
1.4900000,0.7400000,0.7253474,-0.3356983,647.1396755,-1142.6925432,-0.0844928,-0.5632337,329.9240089,-565.3554157,-0.3958849,-0.2501491
1.4950000,0.7450000,0.7303474,-0.3260099,646.1227891,-1137.3643514,-0.0820539,-0.5470047,329.4152000,-562.7031007,-0.3844521,-0.2429364
1.5000000,0.7500000,0.7353474,-0.3166630,645.1075357,-1132.0830642,-0.0797012,-0.5313449,328.9070431,-560.0739890,-0.3734228,-0.2359773
1.5050000,0.7550000,0.7403474,-0.3076433,644.0939255,-1126.8481351,-0.0774310,-0.5162309,328.3995497,-557.4678160,-0.3627801,-0.2292614
1.5100000,0.7600000,0.7453474,-0.2989373,643.0819682,-1121.6590251,-0.0752399,-0.5016403,327.8927305,-554.8843208,-0.3525081,-0.2227787
1.5150000,0.7650000,0.7503474,-0.2905321,642.0716732,-1116.5152024,-0.0731247,-0.4875518,327.3865958,-552.3232459,-0.3425915,-0.2165195
1.5200000,0.7700000,0.7553474,-0.2824154,641.0630493,-1111.4161427,-0.0710822,-0.4739452,326.8811556,-549.7843374,-0.3330156,-0.2104748
1.5250000,0.7750000,0.7603474,-0.2745755,640.0561050,-1106.3613286,-0.0691095,-0.4608010,326.3764194,-547.2673446,-0.3237665,-0.2046359
1.5300000,0.7800000,0.7653474,-0.2670011,639.0508486,-1101.3502498,-0.0672037,-0.4481008,325.8723962,-544.7720203,-0.3148312,-0.1989945
1.5350000,0.7850000,0.7703474,-0.2596817,638.0472878,-1096.3824031,-0.0653621,-0.4358268,325.3690947,-542.2981203,-0.3061969,-0.1935427
1.5400000,0.7900000,0.7753474,-0.2526071,637.0454302,-1091.4572919,-0.0635822,-0.4239622,324.8665231,-539.8454038,-0.2978517,-0.1882730
1.5450000,0.7950000,0.7803474,-0.2457676,636.0452828,-1086.5744264,-0.0618614,-0.4124909,324.3646896,-537.4136330,-0.2897840,-0.1831782
1.5500000,0.8000000,0.7853474,-0.2391540,635.0468527,-1081.7333233,-0.0601976,-0.4013976,323.8636015,-535.0025734,-0.2819830,-0.1782514
1.5550000,0.8050000,0.7903474,-0.2327573,634.0501463,-1076.9335059,-0.0585883,-0.3906675,323.3632663,-532.6119932,-0.2744381,-0.1734861
1.5600000,0.8100000,0.7953474,-0.2265693,633.0551700,-1072.1745040,-0.0570316,-0.3802867,322.8636909,-530.2416638,-0.2671395,-0.1688760
1.5650000,0.8150000,0.8003474,-0.2205818,632.0619297,-1067.4558533,-0.0555253,-0.3702416,322.3648820,-527.8913595,-0.2600776,-0.1644152
1.5700000,0.8200000,0.8053474,-0.2147871,631.0704313,-1062.7770961,-0.0540676,-0.3605195,321.8668460,-525.5608574,-0.2532433,-0.1600979
1.5750000,0.8250000,0.8103474,-0.2091780,630.0806803,-1058.1377805,-0.0526565,-0.3511082,321.3695889,-523.2499375,-0.2466280,-0.1559187
1.5800000,0.8300000,0.8153474,-0.2037473,629.0926819,-1053.5374607,-0.0512904,-0.3419958,320.8731167,-520.9583826,-0.2402232,-0.1518723
1.5850000,0.8350000,0.8203474,-0.1984883,628.1064412,-1048.9756969,-0.0499674,-0.3331713,320.3774350,-518.6859782,-0.2340212,-0.1479537
1.5900000,0.8400000,0.8253474,-0.1933947,627.1219630,-1044.4520549,-0.0486860,-0.3246238,319.8825491,-516.4325125,-0.2280142,-0.1441583
1.5950000,0.8450000,0.8303474,-0.1884602,626.1392520,-1039.9661064,-0.0474447,-0.3163430,319.3884641,-514.1977764,-0.2221950,-0.1404814
1.6000000,0.8500000,0.8353474,-0.1836791,625.1583125,-1035.5174286,-0.0462420,-0.3083192,318.8951850,-511.9815634,-0.2165567,-0.1369185
1.6050000,0.8550000,0.8403474,-0.1790455,624.1791488,-1031.1056044,-0.0450763,-0.3005430,318.4027165,-509.7836696,-0.2110926,-0.1334657
1.6100000,0.8600000,0.8453474,-0.1745542,623.2017649,-1026.7302218,-0.0439465,-0.2930052,317.9110631,-507.6038938,-0.2057963,-0.1301188
1.6150000,0.8650000,0.8503474,-0.1702001,622.2261646,-1022.3908747,-0.0428511,-0.2856973,317.4202291,-505.4420371,-0.2006618,-0.1268739
1.6200000,0.8700000,0.8553474,-0.1659780,621.2523515,-1018.0871619,-0.0417890,-0.2786110,316.9302186,-503.2979032,-0.1956831,-0.1237275
1.6250000,0.8750000,0.8603474,-0.1618834,620.2803293,-1013.8186876,-0.0407589,-0.2717384,316.4410355,-501.1712982,-0.1908548,-0.1206760
1.6300000,0.8800000,0.8653474,-0.1579116,619.3101011,-1009.5850611,-0.0397596,-0.2650718,315.9526837,-499.0620308,-0.1861713,-0.1177159
1.6350000,0.8850000,0.8703474,-0.1540583,618.3416703,-1005.3858966,-0.0387902,-0.2586039,315.4651667,-496.9699118,-0.1816277,-0.1148441
1.6400000,0.8900000,0.8753474,-0.1503193,617.3750396,-1001.2208137,-0.0378496,-0.2523279,314.9784880,-494.8947546,-0.1772189,-0.1120575
1.6450000,0.8950000,0.8803474,-0.1466906,616.4102121,-997.0894364,-0.0369366,-0.2462368,314.4926509,-492.8363749,-0.1729402,-0.1093530
1.6500000,0.9000000,0.8853474,-0.1431683,615.4471905,-992.9913939,-0.0360505,-0.2403244,314.0076585,-490.7945907,-0.1687870,-0.1067279
1.6550000,0.9050000,0.8903474,-0.1397489,614.4859772,-988.9263201,-0.0351902,-0.2345843,313.5235139,-488.7692221,-0.1647551,-0.1041793
1.6600000,0.9100000,0.8953474,-0.1364286,613.5265748,-984.8938536,-0.0343548,-0.2290108,313.0402198,-486.7600917,-0.1608402,-0.1017046
1.6650000,0.9150000,0.9003474,-0.1332042,612.5689856,-980.8936376,-0.0335435,-0.2235980,312.5577790,-484.7670242,-0.1570383,-0.0993013
1.6700000,0.9200000,0.9053474,-0.1300723,611.6132117,-976.9253198,-0.0327555,-0.2183405,312.0761941,-482.7898466,-0.1533456,-0.0969669
1.6750000,0.9250000,0.9103474,-0.1270298,610.6592551,-972.9885527,-0.0319900,-0.2132331,311.5954677,-480.8283878,-0.1497583,-0.0946992
1.6800000,0.9300000,0.9153474,-0.1240738,609.7071179,-969.0829929,-0.0312462,-0.2082706,311.1156020,-478.8824792,-0.1462729,-0.0924958
1.6850000,0.9350000,0.9203474,-0.1212012,608.7568019,-965.2083016,-0.0305234,-0.2034483,310.6365994,-476.9519542,-0.1428860,-0.0903547
1.6900000,0.9400000,0.9253474,-0.1184093,607.8083087,-961.3641442,-0.0298209,-0.1987615,310.1584619,-475.0366482,-0.1395943,-0.0882737
1.6950000,0.9450000,0.9303474,-0.1156955,606.8616399,-957.5501904,-0.0291380,-0.1942056,309.6811916,-473.1363987,-0.1363946,-0.0862508
1.7000000,0.9500000,0.9353474,-0.1130571,605.9167971,-953.7661141,-0.0284741,-0.1897763,309.2047905,-471.2510453,-0.1332839,-0.0842842
1.7050000,0.9550000,0.9403474,-0.1104917,604.9737816,-950.0115934,-0.0278286,-0.1854696,308.7292603,-469.3804298,-0.1302593,-0.0823720
1.7100000,0.9600000,0.9453474,-0.1079970,604.0325947,-946.2863104,-0.0272008,-0.1812813,308.2546029,-467.5243957,-0.1273179,-0.0805123
1.7150000,0.9650000,0.9503474,-0.1055705,603.0932376,-942.5899513,-0.0265901,-0.1772078,307.7808198,-465.6827886,-0.1244571,-0.0787036
1.7200000,0.9700000,0.9553474,-0.1032101,602.1557113,-938.9222061,-0.0259961,-0.1732451,307.3079126,-463.8554563,-0.1216742,-0.0769441
1.7250000,0.9750000,0.9603474,-0.1009137,601.2200169,-935.2827690,-0.0254182,-0.1693899,306.8358828,-462.0422482,-0.1189667,-0.0752323
1.7300000,0.9800000,0.9653474,-0.0986792,600.2861553,-931.6713377,-0.0248559,-0.1656385,306.3647318,-460.2430158,-0.1163323,-0.0735667
1.7350000,0.9850000,0.9703474,-0.0965047,599.3541273,-928.0876141,-0.0243086,-0.1619879,305.8944609,-458.4576126,-0.1137686,-0.0719457
1.7400000,0.9900000,0.9753474,-0.0943882,598.4239337,-924.5313035,-0.0237759,-0.1584347,305.4250713,-456.6858938,-0.1112733,-0.0703680
1.7450000,0.9950000,0.9803474,-0.0923279,597.4955750,-921.0021151,-0.0232574,-0.1549759,304.9565641,-454.9277165,-0.1088443,-0.0688322
1.7500000,1.0000000,0.9853474,-0.0903222,596.5690519,-917.4997619,-0.0227526,-0.1516085,304.4889405,-453.1829399,-0.1064796,-0.0673370
1.7550000,1.0050000,0.9903474,-0.0883692,595.6443648,-914.0239601,-0.0222610,-0.1483297,304.0222015,-451.4514247,-0.1041771,-0.0658811
1.7600000,1.0100000,0.9953474,-0.0864673,594.7215141,-910.5744297,-0.0217823,-0.1451368,303.5563479,-449.7330336,-0.1019348,-0.0644634
1.7650000,1.0150000,1.0003474,-0.0846150,593.8005002,-907.1508942,-0.0213161,-0.1420271,303.0913807,-448.0276311,-0.0997510,-0.0630825
1.7700000,1.0200000,1.0053474,-0.0828107,592.8813233,-903.7530806,-0.0208619,-0.1389979,302.6273007,-446.3350834,-0.0976239,-0.0617375
1.7750000,1.0250000,1.0103474,-0.0810530,591.9639837,-900.3807193,-0.0204195,-0.1360470,302.1641086,-444.6552586,-0.0955516,-0.0604272
1.7800000,1.0300000,1.0153474,-0.0793404,591.0484814,-897.0335438,-0.0199884,-0.1331719,301.7018051,-442.9880264,-0.0935326,-0.0591505
1.7850000,1.0350000,1.0203474,-0.0776716,590.1348165,-893.7112912,-0.0195683,-0.1303702,301.2403909,-441.3332582,-0.0915652,-0.0579065
1.7900000,1.0400000,1.0253474,-0.0760452,589.2229889,-890.4137020,-0.0191589,-0.1276399,300.7798664,-439.6908274,-0.0896478,-0.0566940
1.7950000,1.0450000,1.0303474,-0.0744601,588.3129986,-887.1405194,-0.0187599,-0.1249787,300.3202323,-438.0606089,-0.0877790,-0.0555123
1.8000000,1.0500000,1.0353474,-0.0729149,587.4048454,-883.8914904,-0.0183709,-0.1223845,299.8614889,-436.4424791,-0.0859573,-0.0543604
1.8050000,1.0550000,1.0403474,-0.0714084,586.4985292,-880.6663647,-0.0179917,-0.1198555,299.4036367,-434.8363164,-0.0841814,-0.0532374
1.8100000,1.0600000,1.0453474,-0.0699396,585.5940495,-877.4648954,-0.0176219,-0.1173897,298.9466761,-433.2420006,-0.0824498,-0.0521424
1.8150000,1.0650000,1.0503474,-0.0685074,584.6914061,-874.2868384,-0.0172613,-0.1149851,298.4906073,-431.6594134,-0.0807612,-0.0510747
1.8200000,1.0700000,1.0553474,-0.0671105,583.7905987,-871.1319527,-0.0169097,-0.1126401,298.0354305,-430.0884378,-0.0791145,-0.0500333
1.8250000,1.0750000,1.0603474,-0.0657481,582.8916266,-868.0000005,-0.0165666,-0.1103529,297.5811461,-428.5289586,-0.0775083,-0.0490177
1.8300000,1.0800000,1.0653474,-0.0644191,581.9944895,-864.8907467,-0.0162320,-0.1081218,297.1277541,-426.9808621,-0.0759415,-0.0480269
1.8350000,1.0850000,1.0703474,-0.0631226,581.0991867,-861.8039591,-0.0159056,-0.1059451,296.6752548,-425.4440362,-0.0744130,-0.0470603
1.8400000,1.0900000,1.0753474,-0.0618575,580.2057176,-858.7394084,-0.0155871,-0.1038214,296.2236481,-423.9183704,-0.0729216,-0.0461172
1.8450000,1.0950000,1.0803474,-0.0606231,579.3140815,-855.6968683,-0.0152763,-0.1017491,295.7729341,-422.4037557,-0.0714664,-0.0451970
1.8500000,1.1000000,1.0853474,-0.0594184,578.4242778,-852.6761151,-0.0149730,-0.0997267,295.3231127,-420.9000845,-0.0700462,-0.0442989
1.8550000,1.1050000,1.0903474,-0.0582427,577.5363056,-849.6769279,-0.0146769,-0.0977528,294.8741841,-419.4072507,-0.0686601,-0.0434223
1.8600000,1.1100000,1.0953474,-0.0570950,576.6501641,-846.6990885,-0.0143879,-0.0958261,294.4261480,-417.9251500,-0.0673071,-0.0425667
1.8650000,1.1150000,1.1003474,-0.0559746,575.7658524,-843.7423814,-0.0141058,-0.0939453,293.9790043,-416.4536791,-0.0659863,-0.0417315
1.8700000,1.1200000,1.1053474,-0.0548807,574.8833696,-840.8065938,-0.0138304,-0.0921090,293.5327529,-414.9927366,-0.0646967,-0.0409160
1.8750000,1.1250000,1.1103474,-0.0538127,574.0027147,-837.8915154,-0.0135614,-0.0903159,293.0873935,-413.5422220,-0.0634376,-0.0401197
1.8800000,1.1300000,1.1153474,-0.0527697,573.1238867,-834.9969386,-0.0132988,-0.0885650,292.6429261,-412.1020367,-0.0622080,-0.0393422
1.8850000,1.1350000,1.1203474,-0.0517511,572.2468844,-832.1226585,-0.0130422,-0.0868551,292.1993502,-410.6720831,-0.0610072,-0.0385828
1.8900000,1.1400000,1.1253474,-0.0507562,571.3717069,-829.2684723,-0.0127917,-0.0851849,291.7566655,-409.2522654,-0.0598343,-0.0378411
1.8950000,1.1450000,1.1303474,-0.0497844,570.4983529,-826.4341800,-0.0125470,-0.0835535,291.3148718,-407.8424886,-0.0586886,-0.0371166
1.9000000,1.1500000,1.1353474,-0.0488350,569.6268211,-823.6195841,-0.0123079,-0.0819597,290.8739687,-406.4426594,-0.0575694,-0.0364088
1.9050000,1.1550000,1.1403474,-0.0479074,568.7571105,-820.8244894,-0.0120743,-0.0804026,290.4339558,-405.0526858,-0.0564759,-0.0357172
1.9100000,1.1600000,1.1453474,-0.0470011,567.8892196,-818.0487031,-0.0118460,-0.0788812,289.9948327,-403.6724769,-0.0554075,-0.0350416
1.9150000,1.1650000,1.1503474,-0.0461154,567.0231471,-815.2920349,-0.0116230,-0.0773944,289.5565988,-402.3019431,-0.0543634,-0.0343813
1.9200000,1.1700000,1.1553474,-0.0452499,566.1588918,-812.5542968,-0.0114050,-0.0759414,289.1192538,-400.9409962,-0.0533430,-0.0337360
1.9250000,1.1750000,1.1603474,-0.0444039,565.2964520,-809.8353030,-0.0111919,-0.0745213,288.6827970,-399.5895490,-0.0523457,-0.0331053
1.9300000,1.1800000,1.1653474,-0.0435770,564.4358265,-807.1348703,-0.0109836,-0.0731332,288.2472280,-398.2475156,-0.0513709,-0.0324888
1.9350000,1.1850000,1.1703474,-0.0427686,563.5770137,-804.4528176,-0.0107800,-0.0717762,287.8125462,-396.9148112,-0.0504179,-0.0318861
1.9400000,1.1900000,1.1753474,-0.0419783,562.7200121,-801.7889659,-0.0105810,-0.0704495,287.3787510,-395.5913523,-0.0494862,-0.0312969
1.9450000,1.1950000,1.1803474,-0.0412055,561.8648201,-799.1431388,-0.0103863,-0.0691524,286.9458418,-394.2770563,-0.0485753,-0.0307208
1.9500000,1.2000000,1.1853474,-0.0404499,561.0114360,-796.5151618,-0.0101960,-0.0678840,286.5138179,-392.9718419,-0.0476845,-0.0301575
1.9550000,1.2050000,1.1903474,-0.0397110,560.1598584,-793.9048628,-0.0100099,-0.0666437,286.0826786,-391.6756287,-0.0468134,-0.0296066
1.9600000,1.2100000,1.1953474,-0.0389884,559.3100855,-791.3120718,-0.0098278,-0.0654306,285.6524234,-390.3883374,-0.0459615,-0.0290678
1.9650000,1.2150000,1.2003474,-0.0382815,558.4621155,-788.7366209,-0.0096498,-0.0642440,285.2230513,-389.1098898,-0.0451282,-0.0285409
1.9700000,1.2200000,1.2053474,-0.0375901,557.6159468,-786.1783444,-0.0094756,-0.0630834,284.7945617,-387.8402086,-0.0443131,-0.0280254
1.9750000,1.2250000,1.2103474,-0.0369137,556.7715776,-783.6370787,-0.0093052,-0.0619480,284.3669539,-386.5792174,-0.0435157,-0.0275211
1.9800000,1.2300000,1.2153474,-0.0362520,555.9290060,-781.1126623,-0.0091385,-0.0608372,283.9402270,-385.3268409,-0.0427356,-0.0270277
1.9850000,1.2350000,1.2203474,-0.0356045,555.0882302,-778.6049359,-0.0089754,-0.0597504,283.5143802,-384.0830046,-0.0419723,-0.0265450
1.9900000,1.2400000,1.2253474,-0.0349709,554.2492484,-776.1137420,-0.0088158,-0.0586869,283.0894127,-382.8476349,-0.0412254,-0.0260727
1.9950000,1.2450000,1.2303474,-0.0343509,553.4120586,-773.6389255,-0.0086596,-0.0576461,282.6653236,-381.6206592,-0.0404945,-0.0256104
2.0000000,1.2500000,1.2353474,-0.0337441,552.5766589,-771.1803331,-0.0085068,-0.0566276,282.2421121,-380.4020055,-0.0397792,-0.0251580
2.0050000,1.2550000,1.2403474,-0.0331502,551.7430473,-768.7378135,-0.0083571,-0.0556307,281.8197772,-379.1916027,-0.0390791,-0.0247153
2.0100000,1.2600000,1.2453474,-0.0325688,550.9112218,-766.3112176,-0.0082107,-0.0546549,281.3983181,-377.9893806,-0.0383937,-0.0242818
2.0150000,1.2650000,1.2503474,-0.0319998,550.0811805,-763.9003982,-0.0080673,-0.0536996,280.9777337,-376.7952696,-0.0377229,-0.0238576
2.0200000,1.2700000,1.2553474,-0.0314426,549.2529211,-761.5052100,-0.0079269,-0.0527645,280.5580233,-375.6092009,-0.0370661,-0.0234422
2.0250000,1.2750000,1.2603474,-0.0308971,548.4264418,-759.1255098,-0.0077895,-0.0518489,280.1391857,-374.4311064,-0.0364230,-0.0230355
2.0300000,1.2800000,1.2653474,-0.0303630,547.6017402,-756.7611564,-0.0076549,-0.0509524,279.7212199,-373.2609187,-0.0357934,-0.0226373
2.0350000,1.2850000,1.2703474,-0.0298400,546.7788144,-754.4120103,-0.0075232,-0.0500745,279.3041250,-372.0985709,-0.0351768,-0.0222474
2.0400000,1.2900000,1.2753474,-0.0293278,545.9576621,-752.0779342,-0.0073941,-0.0492148,278.8879000,-370.9439969,-0.0345730,-0.0218655
2.0450000,1.2950000,1.2803474,-0.0288262,545.1382812,-749.7587927,-0.0072677,-0.0483728,278.4725437,-369.7971313,-0.0339817,-0.0214915
2.0500000,1.3000000,1.2853474,-0.0283349,544.3206693,-747.4544521,-0.0071439,-0.0475481,278.0580552,-368.6579089,-0.0334024,-0.0211252
2.0550000,1.3050000,1.2903474,-0.0278536,543.5048243,-745.1647808,-0.0070227,-0.0467403,277.6444333,-367.5262655,-0.0328351,-0.0207664
2.0600000,1.3100000,1.2953474,-0.0273821,542.6907439,-742.8896490,-0.0069039,-0.0459489,277.2316769,-366.4021371,-0.0322793,-0.0204149
2.0650000,1.3150000,1.3003474,-0.0269202,541.8784259,-740.6289289,-0.0067875,-0.0451737,276.8197849,-365.2854604,-0.0317348,-0.0200706
2.0700000,1.3200000,1.3053474,-0.0264677,541.0678678,-738.3824943,-0.0066735,-0.0444141,276.4087562,-364.1761726,-0.0312013,-0.0197332
2.0750000,1.3250000,1.3103474,-0.0260243,540.2590673,-736.1502212,-0.0065617,-0.0436699,275.9985896,-363.0742113,-0.0306786,-0.0194026
2.0800000,1.3300000,1.3153474,-0.0255898,539.4520220,-733.9319871,-0.0064523,-0.0429407,275.5892839,-361.9795146,-0.0301664,-0.0190787
2.0850000,1.3350000,1.3203474,-0.0251640,538.6467297,-731.7276716,-0.0063450,-0.0422260,275.1808381,-360.8920210,-0.0296645,-0.0187612
2.0900000,1.3400000,1.3253474,-0.0247468,537.8431877,-729.5371559,-0.0062398,-0.0415257,274.7732507,-359.8116694,-0.0291726,-0.0184501
2.0950000,1.3450000,1.3303474,-0.0243378,537.0413938,-727.3603230,-0.0061368,-0.0408392,274.3665208,-358.7383994,-0.0286905,-0.0181452
2.1000000,1.3500000,1.3353474,-0.0239369,536.2413454,-725.1970579,-0.0060357,-0.0401664,273.9606469,-357.6721505,-0.0282179,-0.0178463
2.1050000,1.3550000,1.3403474,-0.0235439,535.4430401,-723.0472470,-0.0059367,-0.0395069,273.5556280,-356.6128630,-0.0277547,-0.0175534
2.1100000,1.3600000,1.3453474,-0.0231587,534.6464754,-720.9107789,-0.0058396,-0.0388603,273.1514626,-355.5604774,-0.0273005,-0.0172662
2.1150000,1.3650000,1.3503474,-0.0227811,533.8516486,-718.7875434,-0.0057445,-0.0382264,272.7481496,-354.5149345,-0.0268553,-0.0169846
2.1200000,1.3700000,1.3553474,-0.0224108,533.0585574,-716.6774323,-0.0056511,-0.0376050,272.3456876,-353.4761756,-0.0264188,-0.0167085
2.1250000,1.3750000,1.3603474,-0.0220477,532.2671990,-714.5803391,-0.0055596,-0.0369956,271.9440753,-352.4441422,-0.0259908,-0.0164379
2.1300000,1.3800000,1.3653474,-0.0216917,531.4775710,-712.4961588,-0.0054699,-0.0363981,271.5433115,-351.4187763,-0.0255711,-0.0161724
2.1350000,1.3850000,1.3703474,-0.0213426,530.6896707,-710.4247881,-0.0053819,-0.0358121,271.1433948,-350.4000199,-0.0251596,-0.0159121
2.1400000,1.3900000,1.3753474,-0.0210002,529.9034954,-708.3661253,-0.0052956,-0.0352375,270.7443238,-349.3878158,-0.0247559,-0.0156569
2.1450000,1.3950000,1.3803474,-0.0206644,529.1190426,-706.3200702,-0.0052110,-0.0346739,270.3460971,-348.3821066,-0.0243601,-0.0154065
2.1500000,1.4000000,1.3853474,-0.0203350,528.3363096,-704.2865242,-0.0051280,-0.0341211,269.9487135,-347.3828356,-0.0239718,-0.0151609
2.1550000,1.4050000,1.3903474,-0.0200119,527.5552937,-702.2653902,-0.0050466,-0.0335788,269.5521714,-346.3899462,-0.0235909,-0.0149201
2.1600000,1.4100000,1.3953474,-0.0196950,526.7759922,-700.2565725,-0.0049667,-0.0330469,269.1564696,-345.4033822,-0.0232173,-0.0146838
2.1650000,1.4150000,1.4003474,-0.0193840,525.9984023,-698.2599770,-0.0048883,-0.0325251,268.7616065,-344.4230876,-0.0228507,-0.0144519
2.1700000,1.4200000,1.4053474,-0.0190790,525.2225213,-696.2755107,-0.0048114,-0.0320131,268.3675809,-343.4490067,-0.0224911,-0.0142245
2.1750000,1.4250000,1.4103474,-0.0187797,524.4483466,-694.3030823,-0.0047360,-0.0315108,267.9743911,-342.4810842,-0.0221383,-0.0140014
2.1800000,1.4300000,1.4153474,-0.0184860,523.6758752,-692.3426016,-0.0046620,-0.0310179,267.5820358,-341.5192651,-0.0217921,-0.0137824
2.1850000,1.4350000,1.4203474,-0.0181978,522.9051044,-690.3939797,-0.0045893,-0.0305343,267.1905134,-340.5634947,-0.0214524,-0.0135676
2.1900000,1.4400000,1.4253474,-0.0179150,522.1360315,-688.4571290,-0.0045181,-0.0300596,266.7998226,-339.6137184,-0.0211190,-0.0133567
2.1950000,1.4450000,1.4303474,-0.0176375,521.3686536,-686.5319629,-0.0044481,-0.0295938,266.4099618,-338.6698822,-0.0207918,-0.0131498
2.2000000,1.4500000,1.4353474,-0.0173651,520.6029678,-684.6183962,-0.0043794,-0.0291367,266.0209295,-337.7319322,-0.0204707,-0.0129467
2.2050000,1.4550000,1.4403474,-0.0170977,519.8389713,-682.7163445,-0.0043120,-0.0286880,265.6327242,-336.7998150,-0.0201555,-0.0127474
2.2100000,1.4600000,1.4453474,-0.0168353,519.0766612,-680.8257247,-0.0042459,-0.0282475,265.2453444,-335.8734773,-0.0198461,-0.0125517
2.2150000,1.4650000,1.4503474,-0.0165776,518.3160347,-678.9464544,-0.0041810,-0.0278152,264.8587885,-334.9528663,-0.0195424,-0.0123596
2.2200000,1.4700000,1.4553474,-0.0163247,517.5570889,-677.0784525,-0.0041172,-0.0273907,264.4730549,-334.0379295,-0.0192443,-0.0121711
2.2250000,1.4750000,1.4603474,-0.0160764,516.7998208,-675.2216383,-0.0040546,-0.0269741,264.0881422,-333.1286147,-0.0189516,-0.0119859
2.2300000,1.4800000,1.4653474,-0.0158327,516.0442275,-673.3759322,-0.0039932,-0.0265649,263.7040486,-332.2248700,-0.0186642,-0.0118042
2.2350000,1.4850000,1.4703474,-0.0155933,515.2903061,-671.5412555,-0.0039328,-0.0261633,263.3207727,-331.3266440,-0.0183820,-0.0116257
2.2400000,1.4900000,1.4753474,-0.0153583,514.5380536,-669.7175298,-0.0038736,-0.0257688,262.9383129,-330.4338854,-0.0181050,-0.0114505
2.2450000,1.4950000,1.4803474,-0.0151275,513.7874672,-667.9046776,-0.0038154,-0.0253815,262.5566674,-329.5465436,-0.0178329,-0.0112784
2.2500000,1.5000000,1.4853474,-0.0149008,513.0385437,-666.1026220,-0.0037583,-0.0250011,262.1758347,-328.6645681,-0.0175657,-0.0111095
2.2550000,1.5050000,1.4903474,-0.0146782,512.2912802,-664.3112866,-0.0037022,-0.0246276,261.7958132,-327.7879088,-0.0173033,-0.0109435
2.2600000,1.5100000,1.4953474,-0.0144596,511.5456737,-662.5305954,-0.0036470,-0.0242607,261.4166012,-326.9165162,-0.0170456,-0.0107805
2.2650000,1.5150000,1.5003474,-0.0142449,510.8017211,-660.7604730,-0.0035929,-0.0239004,261.0381970,-326.0503408,-0.0167925,-0.0106204
2.2700000,1.5200000,1.5053474,-0.0140340,510.0594196,-659.0008442,-0.0035397,-0.0235464,260.6605991,-325.1893339,-0.0165438,-0.0104632
2.2750000,1.5250000,1.5103474,-0.0138268,509.3187659,-657.2516341,-0.0034875,-0.0231987,260.2838056,-324.3334470,-0.0162996,-0.0103087
2.2800000,1.5300000,1.5153474,-0.0136233,508.5797571,-655.5127683,-0.0034362,-0.0228572,259.9078149,-323.4826319,-0.0160597,-0.0101570
2.2850000,1.5350000,1.5203474,-0.0134233,507.8423902,-653.7841724,-0.0033858,-0.0225216,259.5326254,-322.6368410,-0.0158239,-0.0100079
2.2900000,1.5400000,1.5253474,-0.0132269,507.1066619,-652.0657722,-0.0033363,-0.0221920,259.1582353,-321.7960271,-0.0155924,-0.0098614
2.2950000,1.5450000,1.5303474,-0.0130338,506.3725693,-650.3574938,-0.0032876,-0.0218681,258.7846429,-320.9601433,-0.0153648,-0.0097175
2.3000000,1.5500000,1.5353474,-0.0128442,505.6401093,-648.6592632,-0.0032398,-0.0215498,258.4118464,-320.1291432,-0.0151413,-0.0095761
2.3050000,1.5550000,1.5403474,-0.0126578,504.9092787,-646.9710066,-0.0031928,-0.0212371,258.0398441,-319.3029808,-0.0149216,-0.0094372
2.3100000,1.5600000,1.5453474,-0.0124747,504.1800744,-645.2926501,-0.0031466,-0.0209298,257.6686344,-318.4816106,-0.0147057,-0.0093007
2.3150000,1.5650000,1.5503474,-0.0122947,503.4524934,-643.6241199,-0.0031013,-0.0206278,257.2982153,-317.6649875,-0.0144935,-0.0091665
2.3200000,1.5700000,1.5553474,-0.0121179,502.7265324,-641.9653420,-0.0030567,-0.0203310,256.9285852,-316.8530668,-0.0142850,-0.0090346
2.3250000,1.5750000,1.5603474,-0.0119440,502.0021883,-640.3162424,-0.0030128,-0.0200393,256.5597422,-316.0458042,-0.0140801,-0.0089050
2.3300000,1.5800000,1.5653474,-0.0117732,501.2794581,-638.6767473,-0.0029698,-0.0197525,256.1916847,-315.2431561,-0.0138787,-0.0087776
2.3350000,1.5850000,1.5703474,-0.0116052,500.5583385,-637.0467823,-0.0029274,-0.0194707,255.8244107,-314.4450790,-0.0136807,-0.0086524
2.3400000,1.5900000,1.5753474,-0.0114402,499.8388263,-635.4262733,-0.0028858,-0.0191937,255.4579185,-313.6515301,-0.0134861,-0.0085293
2.3450000,1.5950000,1.5803474,-0.0112779,499.1209183,-633.8151458,-0.0028449,-0.0189214,255.0922063,-312.8624670,-0.0132948,-0.0084084
2.3500000,1.6000000,1.5853474,-0.0111184,498.4046115,-632.2133254,-0.0028047,-0.0186537,254.7272723,-312.0778477,-0.0131068,-0.0082894
2.3550000,1.6050000,1.5903474,-0.0109615,497.6899026,-630.6207373,-0.0027651,-0.0183905,254.3631145,-311.2976307,-0.0129219,-0.0081725
2.3600000,1.6100000,1.5953474,-0.0108073,496.9767883,-629.0373068,-0.0027262,-0.0181317,253.9997313,-310.5217750,-0.0127401,-0.0080575
2.3650000,1.6150000,1.6003474,-0.0106557,496.2652655,-627.4629591,-0.0026880,-0.0178773,253.6371207,-309.7502399,-0.0125614,-0.0079445
2.3700000,1.6200000,1.6053474,-0.0105066,495.5553310,-625.8976190,-0.0026504,-0.0176272,253.2752809,-308.9829853,-0.0123856,-0.0078333
2.3750000,1.6250000,1.6103474,-0.0103600,494.8469815,-624.3412114,-0.0026135,-0.0173812,252.9142100,-308.2199716,-0.0122128,-0.0077240
2.3800000,1.6300000,1.6153474,-0.0102159,494.1402138,-622.7936613,-0.0025771,-0.0171393,252.5539062,-307.4611594,-0.0120429,-0.0076166
2.3850000,1.6350000,1.6203474,-0.0100741,493.4350246,-621.2548932,-0.0025414,-0.0169014,252.1943676,-306.7065100,-0.0118758,-0.0075109
2.3900000,1.6400000,1.6253474,-0.0099347,492.7314108,-619.7248318,-0.0025062,-0.0166674,251.8355923,-305.9559852,-0.0117114,-0.0074069
2.3950000,1.6450000,1.6303474,-0.0097976,492.0293690,-618.2034019,-0.0024716,-0.0164374,251.4775784,-305.2095469,-0.0115498,-0.0073047
2.4000000,1.6500000,1.6353474,-0.0096627,491.3288960,-616.6905280,-0.0024376,-0.0162111,251.1203241,-304.4671579,-0.0113908,-0.0072041
2.4050000,1.6550000,1.6403474,-0.0095301,490.6299885,-615.1861348,-0.0024042,-0.0159885,250.7638274,-303.7287811,-0.0112344,-0.0071052
2.4100000,1.6600000,1.6453474,-0.0093996,489.9326433,-613.6901471,-0.0023713,-0.0157695,250.4080864,-302.9943799,-0.0110806,-0.0070080
2.4150000,1.6650000,1.6503474,-0.0092712,489.2368570,-612.2024897,-0.0023389,-0.0155541,250.0530992,-302.2639184,-0.0109293,-0.0069123
2.4200000,1.6700000,1.6553474,-0.0091449,488.5426264,-610.7230875,-0.0023071,-0.0153423,249.6988639,-301.5373609,-0.0107804,-0.0068181
2.4250000,1.6750000,1.6603474,-0.0090207,487.8499483,-609.2518658,-0.0022757,-0.0151338,249.3453786,-300.8146721,-0.0106340,-0.0067255
2.4300000,1.6800000,1.6653474,-0.0088985,487.1588192,-607.7887497,-0.0022449,-0.0149288,248.9926414,-300.0958173,-0.0104899,-0.0066344
2.4350000,1.6850000,1.6703474,-0.0087783,486.4692360,-606.3336648,-0.0022146,-0.0147270,248.6406502,-299.3807621,-0.0103482,-0.0065448
2.4400000,1.6900000,1.6753474,-0.0086600,485.7811952,-604.8865369,-0.0021848,-0.0145285,248.2894033,-298.6694726,-0.0102087,-0.0064566
2.4450000,1.6950000,1.6803474,-0.0085436,485.0946936,-603.4472921,-0.0021554,-0.0143332,247.9388986,-297.9619153,-0.0100715,-0.0063698
2.4500000,1.7000000,1.6853474,-0.0084290,484.4097279,-602.0158568,-0.0021265,-0.0141410,247.5891341,-297.2580572,-0.0099365,-0.0062844
2.4550000,1.7050000,1.6903474,-0.0083163,483.7262947,-600.5921578,-0.0020981,-0.0139519,247.2401080,-296.5578654,-0.0098036,-0.0062003
2.4600000,1.7100000,1.6953474,-0.0082054,483.0443907,-599.1761223,-0.0020701,-0.0137658,246.8918183,-295.8613079,-0.0096729,-0.0061176
2.4650000,1.7150000,1.7003474,-0.0080963,482.3640126,-597.7676779,-0.0020426,-0.0135826,246.5442631,-295.1683527,-0.0095442,-0.0060363
2.4700000,1.7200000,1.7053474,-0.0079888,481.6851571,-596.3667527,-0.0020155,-0.0134024,246.1974403,-294.4789684,-0.0094176,-0.0059562
2.4750000,1.7250000,1.7103474,-0.0078831,481.0078208,-594.9732753,-0.0019889,-0.0132249,245.8513480,-293.7931239,-0.0092929,-0.0058773
2.4800000,1.7300000,1.7153474,-0.0077790,480.3320003,-593.5871749,-0.0019626,-0.0130503,245.5059842,-293.1107886,-0.0091702,-0.0057997
2.4850000,1.7350000,1.7203474,-0.0076766,479.6576924,-592.2083810,-0.0019368,-0.0128785,245.1613471,-292.4319321,-0.0090495,-0.0057234
2.4900000,1.7400000,1.7253474,-0.0075758,478.9848936,-590.8368239,-0.0019113,-0.0127093,244.8174345,-291.7565246,-0.0089306,-0.0056482
2.4950000,1.7450000,1.7303474,-0.0074765,478.3136007,-589.4724346,-0.0018863,-0.0125427,244.4742446,-291.0845366,-0.0088136,-0.0055742
2.5000000,1.7500000,1.7353474,-0.0073788,477.6438102,-588.1151444,-0.0018617,-0.0123788,244.1317754,-290.4159388,-0.0086984,-0.0055014
2.5050000,1.7550000,1.7403474,-0.0072826,476.9755188,-586.7648856,-0.0018374,-0.0122174,243.7900248,-289.7507026,-0.0085850,-0.0054296
2.5100000,1.7600000,1.7453474,-0.0071879,476.3087231,-585.4215910,-0.0018135,-0.0120585,243.4489910,-289.0887995,-0.0084734,-0.0053590
2.5150000,1.7650000,1.7503474,-0.0070947,475.6434198,-584.0851940,-0.0017900,-0.0119021,243.1086718,-288.4302014,-0.0083635,-0.0052895
2.5200000,1.7700000,1.7553474,-0.0070029,474.9796055,-582.7556291,-0.0017669,-0.0117481,242.7690655,-287.7748807,-0.0082553,-0.0052211
2.5250000,1.7750000,1.7603474,-0.0069125,474.3172768,-581.4328310,-0.0017441,-0.0115964,242.4301700,-287.1228099,-0.0081488,-0.0051537
2.5300000,1.7800000,1.7653474,-0.0068235,473.6564304,-580.1167356,-0.0017216,-0.0114471,242.0919832,-286.4739621,-0.0080438,-0.0050874
2.5350000,1.7850000,1.7703474,-0.0067359,472.9970628,-578.8072792,-0.0016995,-0.0113001,241.7545033,-285.8283105,-0.0079405,-0.0050220
2.5400000,1.7900000,1.7753474,-0.0066496,472.3391707,-577.5043992,-0.0016778,-0.0111553,241.4177283,-285.1858288,-0.0078388,-0.0049577
2.5450000,1.7950000,1.7803474,-0.0065646,471.6827507,-576.2080335,-0.0016563,-0.0110127,241.0816561,-284.5464911,-0.0077386,-0.0048943
2.5500000,1.8000000,1.7853474,-0.0064809,471.0277994,-574.9181209,-0.0016352,-0.0108723,240.7462849,-283.9102715,-0.0076400,-0.0048319
2.5550000,1.8050000,1.7903474,-0.0063985,470.3743134,-573.6346011,-0.0016144,-0.0107340,240.4116126,-283.2771447,-0.0075428,-0.0047705
2.5600000,1.8100000,1.7953474,-0.0063173,469.7222893,-572.3574142,-0.0015940,-0.0105978,240.0776373,-282.6470857,-0.0074471,-0.0047100
2.5650000,1.8150000,1.8003474,-0.0062374,469.0717238,-571.0865016,-0.0015738,-0.0104636,239.7443570,-282.0200696,-0.0073529,-0.0046503
2.5700000,1.8200000,1.8053474,-0.0061586,468.4226134,-569.8218052,-0.0015539,-0.0103315,239.4117698,-281.3960721,-0.0072600,-0.0045916
2.5750000,1.8250000,1.8103474,-0.0060811,467.7749547,-568.5632678,-0.0015344,-0.0102013,239.0798736,-280.7750690,-0.0071686,-0.0045338
2.5800000,1.8300000,1.8153474,-0.0060046,467.1287443,-567.3108329,-0.0015151,-0.0100731,238.7486665,-280.1570363,-0.0070785,-0.0044768
2.5850000,1.8350000,1.8203474,-0.0059294,466.4839789,-566.0644448,-0.0014961,-0.0099468,238.4181467,-279.5419506,-0.0069898,-0.0044207
2.5900000,1.8400000,1.8253474,-0.0058552,465.8406551,-564.8240488,-0.0014774,-0.0098224,238.0883120,-278.9297885,-0.0069024,-0.0043654
2.5950000,1.8450000,1.8303474,-0.0057822,465.1987693,-563.5895907,-0.0014590,-0.0096999,237.7591606,-278.3205270,-0.0068163,-0.0043110
2.6000000,1.8500000,1.8353474,-0.0057102,464.5583183,-562.3610173,-0.0014408,-0.0095791,237.4306905,-277.7141435,-0.0067314,-0.0042573
2.6050000,1.8550000,1.8403474,-0.0056393,463.9192986,-561.1382761,-0.0014229,-0.0094602,237.1028998,-277.1106153,-0.0066478,-0.0042045
2.6100000,1.8600000,1.8453474,-0.0055695,463.2817068,-559.9213154,-0.0014053,-0.0093430,236.7757866,-276.5099204,-0.0065655,-0.0041524
2.6150000,1.8650000,1.8503474,-0.0055006,462.6455395,-558.7100842,-0.0013880,-0.0092275,236.4493488,-275.9120369,-0.0064844,-0.0041011
2.6200000,1.8700000,1.8553474,-0.0054328,462.0107932,-557.5045323,-0.0013709,-0.0091137,236.1235847,-275.3169429,-0.0064044,-0.0040505
2.6250000,1.8750000,1.8603474,-0.0053660,461.3774647,-556.3046103,-0.0013540,-0.0090016,235.7984922,-274.7246172,-0.0063256,-0.0040007
2.6300000,1.8800000,1.8653474,-0.0053001,460.7455504,-555.1102695,-0.0013374,-0.0088911,235.4740695,-274.1350386,-0.0062480,-0.0039516
2.6350000,1.8850000,1.8703474,-0.0052352,460.1150469,-553.9214618,-0.0013210,-0.0087822,235.1503146,-273.5481861,-0.0061715,-0.0039032
2.6400000,1.8900000,1.8753474,-0.0051713,459.4859508,-552.7381401,-0.0013049,-0.0086749,234.8272257,-272.9640391,-0.0060961,-0.0038555
2.6450000,1.8950000,1.8803474,-0.0051083,458.8582588,-551.5602578,-0.0012890,-0.0085692,234.5048008,-272.3825771,-0.0060218,-0.0038085
2.6500000,1.9000000,1.8853474,-0.0050462,458.2319674,-550.3877690,-0.0012733,-0.0084650,234.1830381,-271.8037799,-0.0059486,-0.0037622
2.6550000,1.9050000,1.8903474,-0.0049849,457.6070731,-549.2206286,-0.0012579,-0.0083623,233.8619357,-271.2276276,-0.0058765,-0.0037166
2.6600000,1.9100000,1.8953474,-0.0049246,456.9835726,-548.0587922,-0.0012427,-0.0082611,233.5414917,-270.6541004,-0.0058053,-0.0036716
2.6650000,1.9150000,1.9003474,-0.0048651,456.3614624,-546.9022159,-0.0012277,-0.0081613,233.2217042,-270.0831788,-0.0057352,-0.0036273
2.6700000,1.9200000,1.9053474,-0.0048065,455.7407392,-545.7508566,-0.0012129,-0.0080630,232.9025713,-269.5148435,-0.0056661,-0.0035836
2.6750000,1.9250000,1.9103474,-0.0047488,455.1213994,-544.6046718,-0.0011983,-0.0079660,232.5840913,-268.9490754,-0.0055980,-0.0035405
2.6800000,1.9300000,1.9153474,-0.0046918,454.5034397,-543.4636196,-0.0011839,-0.0078705,232.2662623,-268.3858557,-0.0055309,-0.0034980
2.6850000,1.9350000,1.9203474,-0.0046357,453.8868567,-542.3276588,-0.0011698,-0.0077763,231.9490824,-267.8251657,-0.0054647,-0.0034562
2.6900000,1.9400000,1.9253474,-0.0045803,453.2716469,-541.1967488,-0.0011558,-0.0076834,231.6325498,-267.2669869,-0.0053994,-0.0034149
2.6950000,1.9450000,1.9303474,-0.0045257,452.6578070,-540.0708496,-0.0011421,-0.0075919,231.3166628,-266.7113011,-0.0053351,-0.0033742
2.7000000,1.9500000,1.9353474,-0.0044719,452.0453334,-538.9499216,-0.0011285,-0.0075016,231.0014194,-266.1580903,-0.0052717,-0.0033341
2.7050000,1.9550000,1.9403474,-0.0044189,451.4342229,-537.8339261,-0.0011151,-0.0074126,230.6868179,-265.6073365,-0.0052092,-0.0032946
2.7100000,1.9600000,1.9453474,-0.0043666,450.8244718,-536.7228248,-0.0011019,-0.0073249,230.3728564,-265.0590223,-0.0051476,-0.0032556
2.7150000,1.9650000,1.9503474,-0.0043151,450.2160770,-535.6165798,-0.0010889,-0.0072384,230.0595333,-264.5131300,-0.0050868,-0.0032172
2.7200000,1.9700000,1.9553474,-0.0042642,449.6090348,-534.5151540,-0.0010761,-0.0071531,229.7468467,-263.9696424,-0.0050268,-0.0031793
2.7250000,1.9750000,1.9603474,-0.0042141,449.0033419,-533.4185108,-0.0010634,-0.0070690,229.4347949,-263.4285425,-0.0049678,-0.0031419
2.7300000,1.9800000,1.9653474,-0.0041647,448.3989950,-532.3266139,-0.0010510,-0.0069861,229.1233761,-262.8898133,-0.0049095,-0.0031050
2.7350000,1.9850000,1.9703474,-0.0041159,447.7959905,-531.2394278,-0.0010387,-0.0069043,228.8125886,-262.3534381,-0.0048520,-0.0030687
2.7400000,1.9900000,1.9753474,-0.0040679,447.1943250,-530.1569173,-0.0010266,-0.0068237,228.5024307,-261.8194003,-0.0047954,-0.0030329
2.7450000,1.9950000,1.9803474,-0.0040205,446.5939951,-529.0790478,-0.0010146,-0.0067442,228.1929005,-261.2876837,-0.0047395,-0.0029975
