# r[nm],d[nm],daligned[nm],UwaterUCD(d)[kj/mol]
-0.0712038,-0.0712038,0.0000000,17514.9751334
-0.0612038,-0.0612038,0.0100000,15715.5528528
-0.0512038,-0.0512038,0.0200000,13591.5074654
-0.0412038,-0.0412038,0.0300000,10108.9051564
-0.0312038,-0.0312038,0.0400000,7208.5127706
-0.0212038,-0.0212038,0.0500000,5266.7090958
-0.0112038,-0.0112038,0.0600000,3849.9702796
-0.0012038,-0.0012038,0.0700000,2785.5842337
0.0087962,0.0087962,0.0800000,1962.8073306
0.0187962,0.0187962,0.0900000,1375.5760574
0.0287962,0.0287962,0.1000000,932.2472305
0.0387962,0.0387962,0.1100000,616.8022896
0.0487962,0.0487962,0.1200000,390.1046800
0.0587962,0.0587962,0.1300000,224.1011893
0.0687962,0.0687962,0.1400000,103.4788589
0.0787962,0.0787962,0.1500000,29.3231242
0.0887962,0.0887962,0.1600000,-29.4379896
0.0987962,0.0987962,0.1700000,-64.6678691
0.1087962,0.1087962,0.1800000,-82.5260002
0.1187962,0.1187962,0.1900000,-90.0714913
0.1287962,0.1287962,0.2000000,-91.2431859
0.1387962,0.1387962,0.2100000,-90.4701890
0.1487962,0.1487962,0.2200000,-89.1542888
0.1587962,0.1587962,0.2300000,-87.1697430
0.1687962,0.1687962,0.2400000,-84.3590345
0.1787962,0.1787962,0.2500000,-79.8481893
0.1887962,0.1887962,0.2600000,-75.5836982
0.1987962,0.1987962,0.2700000,-74.0915287
0.2087962,0.2087962,0.2800000,-72.9458117
0.2187962,0.2187962,0.2900000,-68.2139850
0.2287962,0.2287962,0.3000000,-61.3736574
0.2387962,0.2387962,0.3100000,-53.9968182
0.2487962,0.2487962,0.3200000,-46.8982470
0.2587962,0.2587962,0.3300000,-40.4287791
0.2687962,0.2687962,0.3400000,-34.7025878
0.2787962,0.2787962,0.3500000,-29.7206297
0.2887962,0.2887962,0.3600000,-25.4336102
0.2987962,0.2987962,0.3700000,-21.7733818
0.3087962,0.3087962,0.3800000,-18.6682367
0.3187962,0.3187962,0.3900000,-16.0499873
0.3287962,0.3287962,0.4000000,-13.8567265
0.3387962,0.3387962,0.4100000,-12.0331551
0.3487962,0.3487962,0.4200000,-10.5295651
0.3587962,0.3587962,0.4300000,-9.3004113
0.3687962,0.3687962,0.4400000,-8.3033097
0.3787962,0.3787962,0.4500000,-7.4988989
0.3887962,0.3887962,0.4600000,-6.8514107
0.3987962,0.3987962,0.4700000,-6.3294311
0.4087962,0.4087962,0.4800000,-5.9063771
0.4187962,0.4187962,0.4900000,-5.5605008
0.4287962,0.4287962,0.5000000,-5.2744886
0.4387962,0.4387962,0.5100000,-5.0348304
0.4487962,0.4487962,0.5200000,-4.8311245
0.4587962,0.4587962,0.5300000,-4.6554258
0.4687962,0.4687962,0.5400000,-4.5016867
0.4787962,0.4787962,0.5500000,-4.3653050
0.4887962,0.4887962,0.5600000,-4.2427703
0.4987962,0.4987962,0.5700000,-4.1313929
0.5087962,0.5087962,0.5800000,-4.0291007
0.5187962,0.5187962,0.5900000,-3.9342858
0.5287962,0.5287962,0.6000000,-3.8456909
0.5387962,0.5387962,0.6100000,-3.7623246
0.5487962,0.5487962,0.6200000,-3.6833978
0.5587962,0.5587962,0.6300000,-3.6082769
0.5687962,0.5687962,0.6400000,-3.5364481
0.5787962,0.5787962,0.6500000,-3.4674910
0.5887962,0.5887962,0.6600000,-3.4010580
0.5987962,0.5987962,0.6700000,-3.3368594
0.6087962,0.6087962,0.6800000,-3.2746518
0.6187962,0.6187962,0.6900000,-3.2142286
0.6287962,0.6287962,0.7000000,-3.1554134
0.6387962,0.6387962,0.7100000,-3.0980546
0.6487962,0.6487962,0.7200000,-3.0420208
0.6587962,0.6587962,0.7300000,-2.9871979
0.6687962,0.6687962,0.7400000,-2.9334859
0.6787962,0.6787962,0.7500000,-2.8807973
0.6887962,0.6887962,0.7600000,-2.8290546
0.6987962,0.6987962,0.7700000,-2.7781896
0.7087962,0.7087962,0.7800000,-2.7281417
0.7187962,0.7187962,0.7900000,-2.6788573
0.7287962,0.7287962,0.8000000,-2.6302885
0.7387962,0.7387962,0.8100000,-2.5823928
0.7487962,0.7487962,0.8200000,-2.5351323
0.7587962,0.7587962,0.8300000,-2.4884733
0.7687962,0.7687962,0.8400000,-2.4423856
0.7787962,0.7787962,0.8500000,-2.3968424
0.7887962,0.7887962,0.8600000,-2.3518199
0.7987962,0.7987962,0.8700000,-2.3072968
0.8087962,0.8087962,0.8800000,-2.2632543
0.8187962,0.8187962,0.8900000,-2.2196756
0.8287962,0.8287962,0.9000000,-2.1765459
0.8387962,0.8387962,0.9100000,-2.1338522
0.8487962,0.8487962,0.9200000,-2.0915829
0.8587962,0.8587962,0.9300000,-2.0497279
0.8687962,0.8687962,0.9400000,-2.0082785
0.8787962,0.8787962,0.9500000,-1.9672269
0.8887962,0.8887962,0.9600000,-1.9265665
0.8987962,0.8987962,0.9700000,-1.8862917
0.9087962,0.9087962,0.9800000,-1.8463975
0.9187962,0.9187962,0.9900000,-1.8068799
0.9287962,0.9287962,1.0000000,-1.7677354
0.9387962,0.9387962,1.0100000,-1.7289612
0.9487962,0.9487962,1.0200000,-1.6905551
0.9587962,0.9587962,1.0300000,-1.6525152
0.9687962,0.9687962,1.0400000,-1.6148402
0.9787962,0.9787962,1.0500000,-1.5775291
0.9887962,0.9887962,1.0600000,-1.5405813
0.9987962,0.9987962,1.0700000,-1.5039964
1.0087962,1.0087962,1.0800000,-1.4677743
1.0187962,1.0187962,1.0900000,-1.4319151
1.0287962,1.0287962,1.1000000,-1.3964193
1.0387962,1.0387962,1.1100000,-1.3612871
1.0487962,1.0487962,1.1200000,-1.3265193
1.0587962,1.0587962,1.1300000,-1.2921165
1.0687962,1.0687962,1.1400000,-1.2580796
1.0787962,1.0787962,1.1500000,-1.2244094
1.0887962,1.0887962,1.1600000,-1.1911068
1.0987962,1.0987962,1.1700000,-1.1581727
1.1087962,1.1087962,1.1800000,-1.1256081
1.1187962,1.1187962,1.1900000,-1.0934139
1.1287962,1.1287962,1.2000000,-1.0615910
1.1387962,1.1387962,1.2100000,-1.0301403
1.1487962,1.1487962,1.2200000,-0.9990627
1.1587962,1.1587962,1.2300000,-0.9683589
1.1687962,1.1687962,1.2400000,-0.9380297
1.1787962,1.1787962,1.2500000,-0.9080758
1.1887962,1.1887962,1.2600000,-0.8784977
1.1987962,1.1987962,1.2700000,-0.8492960
1.2087962,1.2087962,1.2800000,-0.8204711
1.2187962,1.2187962,1.2900000,-0.7920233
1.2287962,1.2287962,1.3000000,-0.7639529
1.2387962,1.2387962,1.3100000,-0.7362600
1.2487962,1.2487962,1.3200000,-0.7089447
1.2587962,1.2587962,1.3300000,-0.6820069
1.2687962,1.2687962,1.3400000,-0.6554463
1.2787962,1.2787962,1.3500000,-0.6292628
1.2887962,1.2887962,1.3600000,-0.6034560
1.2987962,1.2987962,1.3700000,-0.5780252
1.3087962,1.3087962,1.3800000,-0.5529700
1.3187962,1.3187962,1.3900000,-0.5282896
1.3287962,1.3287962,1.4000000,-0.5039830
1.3387962,1.3387962,1.4100000,-0.4800495
1.3487962,1.3487962,1.4200000,-0.4564879
1.3587962,1.3587962,1.4300000,-0.4332970
1.3687962,1.3687962,1.4400000,-0.4104755
1.3787962,1.3787962,1.4500000,-0.3880221
1.3887962,1.3887962,1.4600000,-0.3659352
1.3987962,1.3987962,1.4700000,-0.3442133
1.4087962,1.4087962,1.4800000,-0.3228546
1.4187962,1.4187962,1.4900000,-0.3018574
1.4287962,1.4287962,1.5000000,-0.2812196
1.4387962,1.4387962,1.5100000,-0.2609394
1.4487962,1.4487962,1.5200000,-0.2410146
1.4587962,1.4587962,1.5300000,-0.2214430
1.4687962,1.4687962,1.5400000,-0.2022223
1.4787962,1.4787962,1.5500000,-0.1833503
1.4887962,1.4887962,1.5600000,-0.1648244
1.4987962,1.4987962,1.5700000,-0.1466421
1.5087962,1.5087962,1.5800000,-0.1288008
1.5187962,1.5187962,1.5900000,-0.1112978
1.5287962,1.5287962,1.6000000,-0.0941304
1.5387962,1.5387962,1.6100000,-0.0772957
1.5487962,1.5487962,1.6200000,-0.0607910
1.5587962,1.5587962,1.6300000,-0.0446131
1.5687962,1.5687962,1.6400000,-0.0287592
1.5787962,1.5787962,1.6500000,-0.0132261
1.5887962,1.5887962,1.6600000,0.0019892
1.5987962,1.5987962,1.6700000,0.0168900
