# r[nm],d[nm],daligned[nm],Ucarbring(d)[kj/mol],UMincarbring(d)[kj/mol]
0.0139130,0.0139130,-0.0000000,408239.5664809,408239.5664809
0.0239130,0.0239130,0.0100000,401763.4340929,401763.4340929
0.0339130,0.0339130,0.0200000,376449.9515398,376449.9515398
0.0439130,0.0439130,0.0300000,338597.9069418,338597.9069418
0.0539130,0.0539130,0.0400000,299509.7677925,299509.7677925
0.0639130,0.0639130,0.0500000,262955.5957698,262955.5957698
0.0739130,0.0739130,0.0600000,226333.8235593,226333.8235593
0.0839130,0.0839130,0.0700000,189640.6768397,189640.6768397
0.0939130,0.0939130,0.0800000,153903.6734348,153903.6734348
0.1039130,0.1039130,0.0900000,120710.2028372,120710.2028372
0.1139130,0.1139130,0.1000000,91528.1889461,91528.1889461
0.1239130,0.1239130,0.1100000,67164.5228525,67164.5228525
0.1339130,0.1339130,0.1200000,47886.4091258,47886.4091258
0.1439130,0.1439130,0.1300000,33300.4214312,33300.4214312
0.1539130,0.1539130,0.1400000,22664.8516944,22664.8516944
0.1639130,0.1639130,0.1500000,15143.7919148,15143.7919148
0.1739130,0.1739130,0.1600000,9956.3269416,9956.3269416
0.1839130,0.1839130,0.1700000,6449.5623010,6449.5623010
0.1939130,0.1939130,0.1800000,4116.7881200,4116.7881200
0.2039130,0.2039130,0.1900000,2584.9861780,2584.9861780
0.2139130,0.2139130,0.2000000,1615.7026732,1589.9312822
0.2239130,0.2239130,0.2100000,975.2388571,949.6953650
0.2339130,0.2339130,0.2200000,566.5671398,541.6053822
0.2439130,0.2439130,0.2300000,308.2205592,284.1997596
0.2539130,0.2539130,0.2400000,146.8473906,123.9801526
0.2639130,0.2639130,0.2500000,47.5882624,26.0906335
0.2739130,0.2739130,0.2600000,-12.2306788,-32.0502508
0.2839130,0.2839130,0.2700000,-47.2477366,-65.0118842
0.2939130,0.2939130,0.2800000,-66.7393896,-82.1642940
0.3039130,0.3039130,0.2900000,-76.5209679,-89.5162340
0.3139130,0.3139130,0.3000000,-80.3133812,-90.9086349
0.3239130,0.3239130,0.3100000,-80.3938886,-88.7863921
0.3339130,0.3339130,0.3200000,-78.0874887,-84.6963381
0.3439130,0.3439130,0.3300000,-74.2742719,-79.6322311
0.3539130,0.3539130,0.3400000,-69.6557171,-74.1767353
0.3639130,0.3639130,0.3500000,-65.4315985,-70.8316050
0.3739130,0.3739130,0.3600000,-63.2488877,-68.9932845
0.3839130,0.3839130,0.3700000,-61.4226346,-65.7864274
0.3939130,0.3939130,0.3800000,-59.1086533,-63.7396597
0.4039130,0.4039130,0.3900000,-56.3307259,-60.5579365
0.4139130,0.4139130,0.4000000,-53.1396176,-56.8510065
0.4239130,0.4239130,0.4100000,-49.6819946,-52.9422302
0.4339130,0.4339130,0.4200000,-46.1351072,-49.0469412
0.4439130,0.4439130,0.4300000,-42.6454560,-45.2958901
0.4539130,0.4539130,0.4400000,-39.3116192,-41.8180911
0.4639130,0.4639130,0.4500000,-36.1894990,-38.5836287
0.4739130,0.4739130,0.4600000,-33.3039531,-35.5789859
0.4839130,0.4839130,0.4700000,-30.6596489,-32.8106009
0.4939130,0.4939130,0.4800000,-28.2491773,-30.2733542
0.5039130,0.5039130,0.4900000,-26.0585372,-27.9574135
0.5139130,0.5139130,0.5000000,-24.0706366,-25.8457020
0.5239130,0.5239130,0.5100000,-22.2674321,-23.9228817
0.5339130,0.5339130,0.5200000,-20.6311785,-22.1709110
0.5439130,0.5439130,0.5300000,-19.1451116,-20.5748468
0.5539130,0.5539130,0.5400000,-17.7937804,-19.1191017
0.5639130,0.5639130,0.5500000,-16.5631669,-17.7902296
0.5739130,0.5739130,0.5600000,-15.4406816,-16.5759597
0.5839130,0.5839130,0.5700000,-14.4150909,-15.4651040
0.5939130,0.5939130,0.5800000,-13.4764105,-14.4475432
0.6039130,0.6039130,0.5900000,-12.6157862,-13.5141709
0.6139130,0.6139130,0.6000000,-11.8253729,-12.6568193
0.6239130,0.6239130,0.6100000,-11.0982203,-11.8681762
0.6339130,0.6339130,0.6200000,-10.4281668,-11.1417225
0.6439130,0.6439130,0.6300000,-9.8097444,-10.4716725
0.6539130,0.6539130,0.6400000,-9.2380940,-9.8526932
0.6639130,0.6639130,0.6500000,-8.7088908,-9.2801076
0.6739130,0.6739130,0.6600000,-8.2182788,-8.7497266
0.6839130,0.6839130,0.6700000,-7.7628141,-8.2577946
0.6939130,0.6939130,0.6800000,-7.3394145,-7.8009403
0.7039130,0.7039130,0.6900000,-6.9453172,-7.3761341
0.7139130,0.7139130,0.7000000,-6.5780403,-6.9806492
0.7239130,0.7239130,0.7100000,-6.2353509,-6.6120286
0.7339130,0.7339130,0.7200000,-5.9152358,-6.2680549
0.7439130,0.7439130,0.7300000,-5.6158770,-5.9467243
0.7539130,0.7539130,0.7400000,-5.3356300,-5.6462235
0.7639130,0.7639130,0.7500000,-5.0730045,-5.3649091
0.7739130,0.7739130,0.7600000,-4.8266480,-5.1012896
0.7839130,0.7839130,0.7700000,-4.5953309,-4.8540098
0.7939130,0.7939130,0.7800000,-4.3779336,-4.6218362
0.8039130,0.8039130,0.7900000,-4.1734354,-4.4036450
0.8139130,0.8139130,0.8000000,-3.9809041,-4.1984106
0.8239130,0.8239130,0.8100000,-3.7994873,-4.0051960
0.8339130,0.8339130,0.8200000,-3.6284046,-3.8231442
0.8439130,0.8439130,0.8300000,-3.4669401,-3.6514701
0.8539130,0.8539130,0.8400000,-3.3144371,-3.4894536
0.8639130,0.8639130,0.8500000,-3.1702915,-3.3364339
0.8739130,0.8739130,0.8600000,-3.0339477,-3.1918032
0.8839130,0.8839130,0.8700000,-2.9048934,-3.0550023
0.8939130,0.8939130,0.8800000,-2.7826565,-2.9255161
0.9039130,0.9039130,0.8900000,-2.6668007,-2.8028694
0.9139130,0.9139130,0.9000000,-2.5569229,-2.6866235
0.9239130,0.9239130,0.9100000,-2.4526499,-2.5763729
0.9339130,0.9339130,0.9200000,-2.3536362,-2.4717426
0.9439130,0.9439130,0.9300000,-2.2595612,-2.3723850
0.9539130,0.9539130,0.9400000,-2.1701275,-2.2779783
0.9639130,0.9639130,0.9500000,-2.0850590,-2.1882235
0.9739130,0.9739130,0.9600000,-2.0040986,-2.1028431
0.9839130,0.9839130,0.9700000,-1.9270074,-2.0215793
0.9939130,0.9939130,0.9800000,-1.8535626,-1.9441920
1.0039130,1.0039130,0.9900000,-1.7835568,-1.8704577
1.0139130,1.0139130,1.0000000,-1.7167961,-1.8001682
1.0239130,1.0239130,1.0100000,-1.6530998,-1.7331292
1.0339130,1.0339130,1.0200000,-1.5922991,-1.6691595
1.0439130,1.0439130,1.0300000,-1.5342357,-1.6080895
1.0539130,1.0539130,1.0400000,-1.4787620,-1.5497610
1.0639130,1.0639130,1.0500000,-1.4257393,-1.4940258
1.0739130,1.0739130,1.0600000,-1.3750381,-1.4407452
1.0839130,1.0839130,1.0700000,-1.3265365,-1.3897891
1.0939130,1.0939130,1.0800000,-1.2801204,-1.3410358
1.1039130,1.1039130,1.0900000,-1.2356825,-1.2943708
1.1139130,1.1139130,1.1000000,-1.1931220,-1.2496869
1.1239130,1.1239130,1.1100000,-1.1523443,-1.2068832
1.1339130,1.1339130,1.1200000,-1.1132601,-1.1658649
1.1439130,1.1439130,1.1300000,-1.0757856,-1.1265427
1.1539130,1.1539130,1.1400000,-1.0398416,-1.0888328
1.1639130,1.1639130,1.1500000,-1.0053538,-1.0526561
1.1739130,1.1739130,1.1600000,-0.9722519,-1.0179381
1.1839130,1.1839130,1.1700000,-0.9404695,-0.9846087
1.1939130,1.1939130,1.1800000,-0.9099441,-0.9526015
1.2039130,1.2039130,1.1900000,-0.8806167,-0.9218539
1.2139130,1.2139130,1.2000000,-0.8524312,-0.8923067
1.2239130,1.2239130,1.2100000,-0.8253350,-0.8639042
1.2339130,1.2339130,1.2200000,-0.7992781,-0.8365936
1.2439130,1.2439130,1.2300000,-0.7742132,-0.8103248
1.2539130,1.2539130,1.2400000,-0.7500955,-0.7850507
1.2639130,1.2639130,1.2500000,-0.7268826,-0.7607265
1.2739130,1.2739130,1.2600000,-0.7045343,-0.7373099
1.2839130,1.2839130,1.2700000,-0.6830125,-0.7147605
1.2939130,1.2939130,1.2800000,-0.6622811,-0.6930404
1.3039130,1.3039130,1.2900000,-0.6423057,-0.6721134
1.3139130,1.3139130,1.3000000,-0.6230537,-0.6519452
1.3239130,1.3239130,1.3100000,-0.6044942,-0.6325032
1.3339130,1.3339130,1.3200000,-0.5865978,-0.6137565
1.3439130,1.3439130,1.3300000,-0.5693365,-0.5956756
1.3539130,1.3539130,1.3400000,-0.5526838,-0.5782328
1.3639130,1.3639130,1.3500000,-0.5366144,-0.5614012
1.3739130,1.3739130,1.3600000,-0.5211042,-0.5451558
1.3839130,1.3839130,1.3700000,-0.5061302,-0.5294724
1.3939130,1.3939130,1.3800000,-0.4916707,-0.5143280
1.4039130,1.4039130,1.3900000,-0.4777049,-0.4997010
1.4139130,1.4139130,1.4000000,-0.4642129,-0.4855703
1.4239130,1.4239130,1.4100000,-0.4511759,-0.4719163
1.4339130,1.4339130,1.4200000,-0.4385757,-0.4587200
1.4439130,1.4439130,1.4300000,-0.4263954,-0.4459634
1.4539130,1.4539130,1.4400000,-0.4146183,-0.4336293
1.4639130,1.4639130,1.4500000,-0.4032289,-0.4217012
1.4739130,1.4739130,1.4600000,-0.3922122,-0.4101634
1.4839130,1.4839130,1.4700000,-0.3815539,-0.3990011
1.4939130,1.4939130,1.4800000,-0.3712403,-0.3881997
1.5039130,1.5039130,1.4900000,-0.3612584,-0.3777458
1.5139130,1.5139130,1.5000000,-0.3515956,-0.3676261
1.5239130,1.5239130,1.5100000,-0.3422402,-0.3578282
1.5339130,1.5339130,1.5200000,-0.3331805,-0.3483400
1.5439130,1.5439130,1.5300000,-0.3244057,-0.3391502
1.5539130,1.5539130,1.5400000,-0.3159053,-0.3302478
1.5639130,1.5639130,1.5500000,-0.3076692,-0.3216223
1.5739130,1.5739130,1.5600000,-0.2996880,-0.3132636
1.5839130,1.5839130,1.5700000,-0.2919523,-0.3051620
1.5939130,1.5939130,1.5800000,-0.2844534,-0.2973084
