# r[nm],d[nm],daligned[nm],Ucarbring(d)[kj/mol],UMincarbring(d)[kj/mol]
-0.0050238,-0.0050238,0.0000000,486630.3878034,486630.3878034
0.0049762,0.0049762,0.0100000,424234.1621443,424234.1621443
0.0149762,0.0149762,0.0200000,405147.2697908,405147.2697908
0.0249762,0.0249762,0.0300000,343155.6566454,343155.6566454
0.0349762,0.0349762,0.0400000,327245.8804638,327245.8804638
0.0449762,0.0449762,0.0500000,328932.2806053,328932.2806053
0.0549762,0.0549762,0.0600000,366062.3497456,366062.3497456
0.0649762,0.0649762,0.0700000,423149.2331875,423149.2331875
0.0749762,0.0749762,0.0800000,475280.3059412,475280.3059412
0.0849762,0.0849762,0.0900000,371110.6292604,371110.6292604
0.0949762,0.0949762,0.1000000,278681.2267188,278681.2267188
0.1049762,0.1049762,0.1100000,202061.1402218,202061.1402218
0.1149762,0.1149762,0.1200000,141998.2188282,141998.2188282
0.1249762,0.1249762,0.1300000,97084.3272412,97084.3272412
0.1349762,0.1349762,0.1400000,64824.3379144,64824.3379144
0.1449762,0.1449762,0.1500000,42430.9845320,42430.9845320
0.1549762,0.1549762,0.1600000,27321.2326465,27321.2326465
0.1649762,0.1649762,0.1700000,17356.7408724,17356.7408724
0.1749762,0.1749762,0.1800000,10901.8475746,10901.8475746
0.1849762,0.1849762,0.1900000,6776.5454836,6776.5454836
0.1949762,0.1949762,0.2000000,4001.9991617,4001.9991617
0.2049762,0.2049762,0.2100000,2344.5118284,2344.5118284
0.2149762,0.2149762,0.2200000,1381.2637909,1355.4644071
0.2249762,0.2249762,0.2300000,786.0752800,760.5883987
0.2349762,0.2349762,0.2400000,426.0567795,401.3579257
0.2449762,0.2449762,0.2500000,208.0236804,184.6674757
0.2549762,0.2549762,0.2600000,76.6399060,55.0084082
0.2649762,0.2649762,0.2700000,-1.1025413,-21.1616324
0.2749762,0.2749762,0.2800000,-45.6600076,-64.3485601
0.2849762,0.2849762,0.2900000,-69.7979798,-87.2097110
0.2949762,0.2949762,0.3000000,-81.7217406,-97.6820908
0.3049762,0.3049762,0.3100000,-86.8072482,-100.5921127
0.3149762,0.3149762,0.3200000,-87.8240123,-99.0115438
0.3249762,0.3249762,0.3300000,-86.1162844,-94.9002892
0.3349762,0.3349762,0.3400000,-82.6061319,-89.5780995
0.3449762,0.3449762,0.3500000,-77.9968847,-83.7080510
0.3549762,0.3549762,0.3600000,-73.1124879,-79.0767852
0.3649762,0.3649762,0.3700000,-69.8025182,-77.2714221
0.3749762,0.3749762,0.3800000,-67.7682857,-73.8395423
0.3849762,0.3849762,0.3900000,-65.4286128,-71.2630506
0.3949762,0.3949762,0.4000000,-62.6051594,-67.9790203
0.4049762,0.4049762,0.4100000,-59.3358541,-63.9937720
0.4149762,0.4149762,0.4200000,-55.7325884,-59.7332461
0.4249762,0.4249762,0.4300000,-51.9607279,-55.4559621
0.4349762,0.4349762,0.4400000,-48.1781936,-51.3007667
0.4449762,0.4449762,0.4500000,-44.5078129,-47.3568111
0.4549762,0.4549762,0.4600000,-41.0305256,-43.6694291
0.4649762,0.4649762,0.4700000,-37.7905271,-40.2562815
0.4749762,0.4749762,0.4800000,-34.8050594,-37.1179583
0.4849762,0.4849762,0.4900000,-32.0738058,-34.2449078
0.4949762,0.4949762,0.5000000,-29.5860555,-31.6219293
0.5049762,0.5049762,0.5100000,-27.3255918,-29.2345266
0.5149762,0.5149762,0.5200000,-25.2738134,-27.0610358
0.5249762,0.5249762,0.5300000,-23.4116295,-25.0816601
0.5349762,0.5349762,0.5400000,-21.7205506,-23.2756817
0.5449762,0.5449762,0.5500000,-20.1832689,-21.6277348
0.5549762,0.5549762,0.5600000,-18.7839234,-20.1233100
0.5649762,0.5649762,0.5700000,-17.5081763,-18.7489677
0.5749762,0.5749762,0.5800000,-16.3431800,-17.4918814
0.5849762,0.5849762,0.5900000,-15.2774866,-16.3406149
0.5949762,0.5949762,0.6000000,-14.3009287,-15.2848797
0.6049762,0.6049762,0.6100000,-13.4044924,-14.3156642
0.6149762,0.6149762,0.6200000,-12.5801908,-13.4243007
0.6249762,0.6249762,0.6300000,-11.8209460,-12.6033613
0.6349762,0.6349762,0.6400000,-11.1204808,-11.8462040
0.6449762,0.6449762,0.6500000,-10.4732211,-11.1468889
0.6549762,0.6549762,0.6600000,-9.8742105,-10.5001010
0.6649762,0.6649762,0.6700000,-9.3190341,-9.9010814
0.6749762,0.6749762,0.6800000,-8.8037524,-9.3455646
0.6849762,0.6849762,0.6900000,-8.3248439,-8.8297231
0.6949762,0.6949762,0.7000000,-7.8791546,-8.3501184
0.7049762,0.7049762,0.7100000,-7.4638543,-7.9036573
0.7149762,0.7149762,0.7200000,-7.0763987,-7.4875535
0.7249762,0.7249762,0.7300000,-6.7144960,-7.0992935
0.7349762,0.7349762,0.7400000,-6.3760785,-6.7366069
0.7449762,0.7449762,0.7500000,-6.0592771,-6.3974399
0.7549762,0.7549762,0.7600000,-5.7623993,-6.0799320
0.7649762,0.7649762,0.7700000,-5.4839102,-5.7823952
0.7749762,0.7749762,0.7800000,-5.2224151,-5.5032963
0.7849762,0.7849762,0.7900000,-4.9766451,-5.2412405
0.7949762,0.7949762,0.8000000,-4.7454438,-4.9949572
0.8049762,0.8049762,0.8100000,-4.5277557,-4.7632874
0.8149762,0.8149762,0.8200000,-4.3226161,-4.5451724
0.8249762,0.8249762,0.8300000,-4.1291421,-4.3396443
0.8349762,0.8349762,0.8400000,-3.9465246,-4.1458165
0.8449762,0.8449762,0.8500000,-3.7740208,-3.9628763
0.8549762,0.8549762,0.8600000,-3.6109484,-3.7900777
0.8649762,0.8649762,0.8700000,-3.4566797,-3.6267351
0.8749762,0.8749762,0.8800000,-3.3106363,-3.4722176
0.8849762,0.8849762,0.8900000,-3.1722851,-3.3259442
0.8949762,0.8949762,0.9000000,-3.0411338,-3.1873791
0.9049762,0.9049762,0.9100000,-2.9167274,-3.0560277
0.9149762,0.9149762,0.9200000,-2.7986449,-2.9314328
0.9249762,0.9249762,0.9300000,-2.6864966,-2.8131718
0.9349762,0.9349762,0.9400000,-2.5799210,-2.7008532
0.9449762,0.9449762,0.9500000,-2.4785828,-2.5941139
0.9549762,0.9549762,0.9600000,-2.3821704,-2.4926175
0.9649762,0.9649762,0.9700000,-2.2903943,-2.3960513
0.9749762,0.9749762,0.9800000,-2.2029849,-2.3041246
0.9849762,0.9849762,0.9900000,-2.1196914,-2.2165673
0.9949762,0.9949762,1.0000000,-2.0402797,-2.1331277
1.0049762,1.0049762,1.0100000,-1.9645316,-2.0535711
1.0149762,1.0149762,1.0200000,-1.8922434,-1.9776789
1.0249762,1.0249762,1.0300000,-1.8232247,-1.9052469
1.0349762,1.0349762,1.0400000,-1.7572973,-1.8360843
1.0449762,1.0449762,1.0500000,-1.6942948,-1.7700129
1.0549762,1.0549762,1.0600000,-1.6340610,-1.7068659
1.0649762,1.0649762,1.0700000,-1.5764498,-1.6464870
1.0749762,1.0749762,1.0800000,-1.5213241,-1.5887300
1.0849762,1.0849762,1.0900000,-1.4685551,-1.5334576
1.0949762,1.0949762,1.1000000,-1.4180219,-1.4805412
1.1049762,1.1049762,1.1100000,-1.3696111,-1.4298598
1.1149762,1.1149762,1.1200000,-1.3232159,-1.3812999
1.1249762,1.1249762,1.1300000,-1.2787358,-1.3347549
1.1349762,1.1349762,1.1400000,-1.2360762,-1.2901243
1.1449762,1.1449762,1.1500000,-1.1951480,-1.2473135
1.1549762,1.1549762,1.1600000,-1.1558673,-1.2062336
1.1649762,1.1649762,1.1700000,-1.1181549,-1.1668007
1.1749762,1.1749762,1.1800000,-1.0819360,-1.1289357
1.1849762,1.1849762,1.1900000,-1.0471401,-1.0925639
1.1949762,1.1949762,1.2000000,-1.0137005,-1.0576149
1.2049762,1.2049762,1.2100000,-0.9815543,-1.0240223
1.2149762,1.2149762,1.2200000,-0.9506419,-0.9917230
1.2249762,1.2249762,1.2300000,-0.9209069,-0.9606576
1.2349762,1.2349762,1.2400000,-0.8922961,-0.9307699
1.2449762,1.2449762,1.2500000,-0.8647588,-0.9020067
1.2549762,1.2549762,1.2600000,-0.8382474,-0.8743175
1.2649762,1.2649762,1.2700000,-0.8127163,-0.8476547
1.2749762,1.2749762,1.2800000,-0.7881225,-0.8219728
1.2849762,1.2849762,1.2900000,-0.7644254,-0.7972290
1.2949762,1.2949762,1.3000000,-0.7415860,-0.7733826
1.3049762,1.3049762,1.3100000,-0.7195677,-0.7503949
1.3149762,1.3149762,1.3200000,-0.6983355,-0.7282293
1.3249762,1.3249762,1.3300000,-0.6778561,-0.7068507
1.3349762,1.3349762,1.3400000,-0.6580981,-0.6862262
1.3449762,1.3449762,1.3500000,-0.6390314,-0.6663241
1.3549762,1.3549762,1.3600000,-0.6206273,-0.6471146
1.3649762,1.3649762,1.3700000,-0.6028588,-0.6285691
1.3749762,1.3749762,1.3800000,-0.5856999,-0.6106604
1.3849762,1.3849762,1.3900000,-0.5691259,-0.5933628
1.3949762,1.3949762,1.4000000,-0.5531133,-0.5766515
1.4049762,1.4049762,1.4100000,-0.5376398,-0.5605032
1.4149762,1.4149762,1.4200000,-0.5226839,-0.5448954
1.4249762,1.4249762,1.4300000,-0.5082252,-0.5298069
1.4349762,1.4349762,1.4400000,-0.4942444,-0.5152171
1.4449762,1.4449762,1.4500000,-0.4807228,-0.5011069
1.4549762,1.4549762,1.4600000,-0.4676427,-0.4874575
1.4649762,1.4649762,1.4700000,-0.4549871,-0.4742512
1.4749762,1.4749762,1.4800000,-0.4427400,-0.4614713
1.4849762,1.4849762,1.4900000,-0.4308857,-0.4491014
1.4949762,1.4949762,1.5000000,-0.4194095,-0.4371261
1.5049762,1.5049762,1.5100000,-0.4082973,-0.4255307
1.5149762,1.5149762,1.5200000,-0.3975355,-0.4143010
1.5249762,1.5249762,1.5300000,-0.3871112,-0.4034234
1.5349762,1.5349762,1.5400000,-0.3770120,-0.3928851
1.5449762,1.5449762,1.5500000,-0.3672260,-0.3826736
1.5549762,1.5549762,1.5600000,-0.3577419,-0.3727771
1.5649762,1.5649762,1.5700000,-0.3485487,-0.3631842
1.5749762,1.5749762,1.5800000,-0.3396360,-0.3538840
1.5849762,1.5849762,1.5900000,-0.3309938,-0.3448660
1.5949762,1.5949762,1.6000000,-0.3226125,-0.3361203
