# r[nm],d[nm],daligned[nm],UwaterUCD(d)[kj/mol],UMinwaterUCD(d)[kj/mol]
-0.0050238,-0.0050238,0.0000000,11704.9791812,11704.9791812
0.0049762,0.0049762,0.0100000,10441.1519748,10441.1519748
0.0149762,0.0149762,0.0200000,9371.4331144,9371.4331144
0.0249762,0.0249762,0.0300000,8289.6081933,8289.6081933
0.0349762,0.0349762,0.0400000,7155.9110671,7155.9110671
0.0449762,0.0449762,0.0500000,5992.0598490,5992.0598490
0.0549762,0.0549762,0.0600000,4873.3327506,4873.3327506
0.0649762,0.0649762,0.0700000,3850.8014552,3850.8014552
0.0749762,0.0749762,0.0800000,2958.4413124,2958.4413124
0.0849762,0.0849762,0.0900000,2211.6303669,2211.6303669
0.0949762,0.0949762,0.1000000,1631.7777637,1608.8120049
0.1049762,0.1049762,0.1100000,1160.5879359,1136.9500542
0.1149762,0.1149762,0.1200000,806.5210245,782.8446197
0.1249762,0.1249762,0.1300000,547.7483424,524.2572170
0.1349762,0.1349762,0.1400000,362.8287663,339.7498395
0.1449762,0.1449762,0.1500000,233.0832283,210.7703702
0.1549762,0.1549762,0.1600000,143.4117796,122.3363264
0.1649762,0.1649762,0.1700000,82.3975560,62.8993539
0.1749762,0.1749762,0.1800000,41.6962725,23.8454877
0.1849762,0.1849762,0.1900000,15.1806346,-1.0973035
0.1949762,0.1949762,0.2000000,-1.6225439,-16.4117689
0.2049762,0.2049762,0.2100000,-11.9527107,-25.2540558
0.2149762,0.2149762,0.2200000,-18.1958370,-29.8180630
0.2249762,0.2249762,0.2300000,-21.9973505,-31.6113293
0.2349762,0.2349762,0.2400000,-24.2092486,-31.6583241
0.2449762,0.2449762,0.2500000,-25.2599560,-30.8707155
0.2549762,0.2549762,0.2600000,-25.4622613,-29.5920511
0.2649762,0.2649762,0.2700000,-25.0399528,-28.2191722
0.2749762,0.2749762,0.2800000,-24.1448096,-26.5860972
0.2849762,0.2849762,0.2900000,-22.8996852,-24.7531387
0.2949762,0.2949762,0.3000000,-21.4309234,-22.8627938
0.3049762,0.3049762,0.3100000,-19.8596882,-21.0053956
0.3149762,0.3149762,0.3200000,-18.2809995,-19.2337899
0.3249762,0.3249762,0.3300000,-16.7575223,-17.5763057
0.3349762,0.3349762,0.3400000,-15.3248941,-16.0455081
0.3449762,0.3449762,0.3500000,-13.9998902,-14.6483204
0.3549762,0.3549762,0.3600000,-12.7873685,-13.3853956
0.3649762,0.3649762,0.3700000,-11.6851790,-12.2383640
0.3749762,0.3749762,0.3800000,-10.6873533,-11.1998311
0.3849762,0.3849762,0.3900000,-9.7860805,-10.2560297
0.3949762,0.3949762,0.4000000,-8.9728911,-9.4013722
0.4049762,0.4049762,0.4100000,-8.2393402,-8.6295838
0.4149762,0.4149762,0.4200000,-7.5773813,-7.9324202
0.4249762,0.4249762,0.4300000,-6.9795539,-7.3025747
0.4349762,0.4349762,0.4400000,-6.4390584,-6.7331749
0.4449762,0.4449762,0.4500000,-5.9497664,-6.2178981
0.4549762,0.4549762,0.4600000,-5.5061945,-5.7510155
0.4649762,0.4649762,0.4700000,-5.1034598,-5.3273841
0.4749762,0.4749762,0.4800000,-4.7372271,-4.9424148
0.4849762,0.4849762,0.4900000,-4.4036543,-4.5920282
0.4949762,0.4949762,0.5000000,-4.0993387,-4.2726689
0.5049762,0.5049762,0.5100000,-3.8212676,-3.9811237
0.5149762,0.5149762,0.5200000,-3.5667729,-3.7145336
0.5249762,0.5249762,0.5300000,-3.3334897,-3.4703073
0.5349762,0.5349762,0.5400000,-3.1193203,-3.2462455
0.5449762,0.5449762,0.5500000,-2.9224017,-3.0403921
0.5549762,0.5549762,0.5600000,-2.7410773,-2.8509340
0.5649762,0.5649762,0.5700000,-2.5738718,-2.6763130
0.5749762,0.5749762,0.5800000,-2.4194700,-2.5151402
0.5849762,0.5849762,0.5900000,-2.2766971,-2.3661754
0.5949762,0.5949762,0.6000000,-2.1445024,-2.2283095
0.6049762,0.6049762,0.6100000,-2.0219446,-2.1005495
0.6149762,0.6149762,0.6200000,-1.9081792,-1.9820051
0.6249762,0.6249762,0.6300000,-1.8024473,-1.8718761
0.6349762,0.6349762,0.6400000,-1.7040661,-1.7694432
0.6449762,0.6449762,0.6500000,-1.6124200,-1.6740581
0.6549762,0.6549762,0.6600000,-1.5269532,-1.5851360
0.6649762,0.6649762,0.6700000,-1.4471635,-1.5021484
0.6749762,0.6749762,0.6800000,-1.3725960,-1.4246173
0.6849762,0.6849762,0.6900000,-1.3028384,-1.3521093
0.6949762,0.6949762,0.7000000,-1.2375164,-1.2842312
0.7049762,0.7049762,0.7100000,-1.1762895,-1.2206258
0.7149762,0.7149762,0.7200000,-1.1188479,-1.1609680
0.7249762,0.7249762,0.7300000,-1.0649092,-1.1049616
0.7349762,0.7349762,0.7400000,-1.0142154,-1.0523365
0.7449762,0.7449762,0.7500000,-0.9665310,-1.0028457
0.7549762,0.7549762,0.7600000,-0.9216404,-0.9562636
0.7649762,0.7649762,0.7700000,-0.8793460,-0.9123835
0.7749762,0.7749762,0.7800000,-0.8394666,-0.8710159
0.7849762,0.7849762,0.7900000,-0.8018359,-0.8319869
0.7949762,0.7949762,0.8000000,-0.7663009,-0.7951366
0.8049762,0.8049762,0.8100000,-0.7327209,-0.7603181
0.8149762,0.8149762,0.8200000,-0.7009662,-0.7273961
0.8249762,0.8249762,0.8300000,-0.6709172,-0.6962456
0.8349762,0.8349762,0.8400000,-0.6424634,-0.6667517
0.8449762,0.8449762,0.8500000,-0.6155030,-0.6388078
0.8549762,0.8549762,0.8600000,-0.5899414,-0.6123157
0.8649762,0.8649762,0.8700000,-0.5656913,-0.5871844
0.8749762,0.8749762,0.8800000,-0.5426718,-0.5633294
0.8849762,0.8849762,0.8900000,-0.5208077,-0.5406727
0.8949762,0.8949762,0.9000000,-0.5000292,-0.5191417
0.9049762,0.9049762,0.9100000,-0.4802716,-0.4986689
0.9149762,0.9149762,0.9200000,-0.4614746,-0.4791917
0.9249762,0.9249762,0.9300000,-0.4435820,-0.4606518
0.9349762,0.9349762,0.9400000,-0.4265418,-0.4429950
0.9449762,0.9449762,0.9500000,-0.4103050,-0.4261705
0.9549762,0.9549762,0.9600000,-0.3948263,-0.4101312
0.9649762,0.9649762,0.9700000,-0.3800633,-0.3948331
0.9749762,0.9749762,0.9800000,-0.3659762,-0.3802350
0.9849762,0.9849762,0.9900000,-0.3525280,-0.3662984
0.9949762,0.9949762,1.0000000,-0.3396841,-0.3529874
1.0049762,1.0049762,1.0100000,-0.3274118,-0.3402682
1.0149762,1.0149762,1.0200000,-0.3156809,-0.3281093
1.0249762,1.0249762,1.0300000,-0.3044627,-0.3164812
1.0349762,1.0349762,1.0400000,-0.2937304,-0.3053560
1.0449762,1.0449762,1.0500000,-0.2834589,-0.2947077
1.0549762,1.0549762,1.0600000,-0.2736246,-0.2845118
1.0649762,1.0649762,1.0700000,-0.2642053,-0.2747454
1.0749762,1.0749762,1.0800000,-0.2551801,-0.2653868
1.0849762,1.0849762,1.0900000,-0.2465293,-0.2564157
1.0949762,1.0949762,1.1000000,-0.2382345,-0.2478129
1.1049762,1.1049762,1.1100000,-0.2302781,-0.2395604
1.1149762,1.1149762,1.1200000,-0.2226438,-0.2316411
1.1249762,1.1249762,1.1300000,-0.2153161,-0.2240391
1.1349762,1.1349762,1.1400000,-0.2082802,-0.2167391
1.1449762,1.1449762,1.1500000,-0.2015224,-0.2097269
1.1549762,1.1549762,1.1600000,-0.1950297,-0.2029890
1.1649762,1.1649762,1.1700000,-0.1887896,-0.1965126
1.1749762,1.1749762,1.1800000,-0.1827905,-0.1902856
1.1849762,1.1849762,1.1900000,-0.1770215,-0.1842966
1.1949762,1.1949762,1.2000000,-0.1714719,-0.1785349
1.2049762,1.2049762,1.2100000,-0.1661320,-0.1729902
1.2149762,1.2149762,1.2200000,-0.1609923,-0.1676527
1.2249762,1.2249762,1.2300000,-0.1560440,-0.1625134
1.2349762,1.2349762,1.2400000,-0.1512786,-0.1575635
1.2449762,1.2449762,1.2500000,-0.1466881,-0.1527946
1.2549762,1.2549762,1.2600000,-0.1422650,-0.1481991
1.2649762,1.2649762,1.2700000,-0.1380020,-0.1437694
1.2749762,1.2749762,1.2800000,-0.1338923,-0.1394985
1.2849762,1.2849762,1.2900000,-0.1299294,-0.1353796
1.2949762,1.2949762,1.3000000,-0.1261071,-0.1314063
1.3049762,1.3049762,1.3100000,-0.1224195,-0.1275727
1.3149762,1.3149762,1.3200000,-0.1188610,-0.1238727
1.3249762,1.3249762,1.3300000,-0.1154263,-0.1203011
1.3349762,1.3349762,1.3400000,-0.1121103,-0.1168525
1.3449762,1.3449762,1.3500000,-0.1089083,-0.1135220
1.3549762,1.3549762,1.3600000,-0.1058155,-0.1103047
1.3649762,1.3649762,1.3700000,-0.1028276,-0.1071962
1.3749762,1.3749762,1.3800000,-0.0999404,-0.1041921
1.3849762,1.3849762,1.3900000,-0.0971500,-0.1012883
1.3949762,1.3949762,1.4000000,-0.0944525,-0.0984809
1.4049762,1.4049762,1.4100000,-0.0918442,-0.0957661
1.4149762,1.4149762,1.4200000,-0.0893218,-0.0931403
1.4249762,1.4249762,1.4300000,-0.0868820,-0.0906002
1.4349762,1.4349762,1.4400000,-0.0845214,-0.0881423
1.4449762,1.4449762,1.4500000,-0.0822372,-0.0857637
1.4549762,1.4549762,1.4600000,-0.0800264,-0.0834613
1.4649762,1.4649762,1.4700000,-0.0778863,-0.0812322
1.4749762,1.4749762,1.4800000,-0.0758142,-0.0790738
1.4849762,1.4849762,1.4900000,-0.0738076,-0.0769833
1.4949762,1.4949762,1.5000000,-0.0718641,-0.0749584
1.5049762,1.5049762,1.5100000,-0.0699814,-0.0729965
1.5149762,1.5149762,1.5200000,-0.0681571,-0.0710955
1.5249762,1.5249762,1.5300000,-0.0663893,-0.0692530
1.5349762,1.5349762,1.5400000,-0.0646759,-0.0674671
1.5449762,1.5449762,1.5500000,-0.0630148,-0.0657356
1.5549762,1.5549762,1.5600000,-0.0614044,-0.0640567
1.5649762,1.5649762,1.5700000,-0.0598426,-0.0624284
1.5749762,1.5749762,1.5800000,-0.0583280,-0.0608490
1.5849762,1.5849762,1.5900000,-0.0568587,-0.0593169
1.5949762,1.5949762,1.6000000,-0.0554331,-0.0578302
