# r[nm],d[nm],daligned[nm],Ucline(d)[kj/mol]
-1.3834311,-1.3834311,-1.3982306,1681906.7897700
-1.3734311,-1.3734311,-1.3882306,1715774.1465651
-1.3634311,-1.3634311,-1.3782306,1820255.7473029
-1.3534311,-1.3534311,-1.3682306,1690156.4628593
-1.3434311,-1.3434311,-1.3582306,1474850.1924924
-1.3334311,-1.3334311,-1.3482306,1237119.4309030
-1.3234311,-1.3234311,-1.3382306,955812.4230712
-1.3134311,-1.3134311,-1.3282306,680817.1506864
-1.3034311,-1.3034311,-1.3182306,534934.9316959
-1.2934311,-1.2934311,-1.3082306,520697.7916722
-1.2834311,-1.2834311,-1.2982306,601204.0236788
-1.2734311,-1.2734311,-1.2882306,788770.9365980
-1.2634311,-1.2634311,-1.2782306,764935.8091310
-1.2534311,-1.2534311,-1.2682306,599559.7093440
-1.2434311,-1.2434311,-1.2582306,497265.0430504
-1.2334311,-1.2334311,-1.2482306,567397.2220353
-1.2234311,-1.2234311,-1.2382306,727246.4585024
-1.2134311,-1.2134311,-1.2282306,1017252.9841782
-1.2034311,-1.2034311,-1.2182306,1284379.4852217
-1.1934311,-1.1934311,-1.2082306,1466404.4594238
-1.1834311,-1.1834311,-1.1982306,1520402.0879511
-1.1734311,-1.1734311,-1.1882306,1752526.0674418
-1.1634311,-1.1634311,-1.1782306,1947140.8218126
-1.1534311,-1.1534311,-1.1682306,1713833.0827014
-1.1434311,-1.1434311,-1.1582306,1723647.9708247
-1.1334311,-1.1334311,-1.1482306,1781853.4798051
-1.1234311,-1.1234311,-1.1382306,1561272.0521352
-1.1134311,-1.1134311,-1.1282306,1526193.0108369
-1.1034311,-1.1034311,-1.1182306,1380161.9568244
-1.0934311,-1.0934311,-1.1082306,984661.2381943
-1.0834311,-1.0834311,-1.0982306,731413.3351227
-1.0734311,-1.0734311,-1.0882306,606464.0841671
-1.0634311,-1.0634311,-1.0782306,554596.0577686
-1.0534311,-1.0534311,-1.0682306,665534.4396299
-1.0434311,-1.0434311,-1.0582306,911516.1320135
-1.0334311,-1.0334311,-1.0482306,815866.3831515
-1.0234311,-1.0234311,-1.0382306,664632.5613631
-1.0134311,-1.0134311,-1.0282306,499521.3579116
-1.0034311,-1.0034311,-1.0182306,525807.1247924
-0.9934311,-0.9934311,-1.0082306,692872.8632339
-0.9834311,-0.9834311,-0.9982306,1005943.8637967
-0.9734311,-0.9734311,-0.9882306,1139470.3642917
-0.9634311,-0.9634311,-0.9782306,1420982.7858589
-0.9534311,-0.9534311,-0.9682306,1850506.9179951
-0.9434311,-0.9434311,-0.9582306,1692323.8854434
-0.9334311,-0.9334311,-0.9482306,1715095.2407524
-0.9234311,-0.9234311,-0.9382306,1828215.0253219
-0.9134311,-0.9134311,-0.9282306,1632394.1037280
-0.9034311,-0.9034311,-0.9182306,1614201.2573091
-0.8934311,-0.8934311,-0.9082306,1826758.9903932
-0.8834311,-0.8834311,-0.8982306,1454076.5913222
-0.8734311,-0.8734311,-0.8882306,1189828.4986005
-0.8634311,-0.8634311,-0.8782306,1057070.7719883
-0.8534311,-0.8534311,-0.8682306,768164.8973310
-0.8434311,-0.8434311,-0.8582306,565515.6616083
-0.8334311,-0.8334311,-0.8482306,501990.5006481
-0.8234311,-0.8234311,-0.8382306,590563.0113212
-0.8134311,-0.8134311,-0.8282306,769437.6994752
-0.8034311,-0.8034311,-0.8182306,814071.1346289
-0.7934311,-0.7934311,-0.8082306,681837.4926916
-0.7834311,-0.7834311,-0.7982306,566223.4249922
-0.7734311,-0.7734311,-0.7882306,592042.5929128
-0.7634311,-0.7634311,-0.7782306,707379.9849956
-0.7534311,-0.7534311,-0.7682306,905004.5941829
-0.7434311,-0.7434311,-0.7582306,1227168.3461004
-0.7334311,-0.7334311,-0.7482306,1432060.2096796
-0.7234311,-0.7234311,-0.7382306,1499227.3361501
-0.7134311,-0.7134311,-0.7282306,1745020.3931312
-0.7034311,-0.7034311,-0.7182306,1928005.5923009
-0.6934311,-0.6934311,-0.7082306,1793279.6267246
-0.6834311,-0.6834311,-0.6982306,1802323.1794914
-0.6734311,-0.6734311,-0.6882306,1803778.2445286
-0.6634311,-0.6634311,-0.6782306,1582892.0898523
-0.6534311,-0.6534311,-0.6682306,1479494.7896140
-0.6434311,-0.6434311,-0.6582306,1287597.3725905
-0.6334311,-0.6334311,-0.6482306,1023846.1269148
-0.6234311,-0.6234311,-0.6382306,743365.7330402
-0.6134311,-0.6134311,-0.6282306,596407.3840875
-0.6034311,-0.6034311,-0.6182306,528972.7461586
-0.5934311,-0.5934311,-0.6082306,616027.9607881
-0.5834311,-0.5834311,-0.5982306,749536.5421785
-0.5734311,-0.5734311,-0.5882306,791069.9594921
-0.5634311,-0.5634311,-0.5782306,658981.5058279
-0.5534311,-0.5534311,-0.5682306,502368.3613879
-0.5434311,-0.5434311,-0.5582306,511442.3359226
-0.5334311,-0.5334311,-0.5482306,663644.4647413
-0.5234311,-0.5234311,-0.5382306,925935.6867971
-0.5134311,-0.5134311,-0.5282306,1121543.5654264
-0.5034311,-0.5034311,-0.5182306,1429310.0887549
-0.4934311,-0.4934311,-0.5082306,1526381.7451372
-0.4834311,-0.4834311,-0.4982306,1566056.4420430
-0.4734311,-0.4734311,-0.4882306,1707324.1428600
-0.4634311,-0.4634311,-0.4782306,1647463.6369513
-0.4534311,-0.4534311,-0.4682306,1427002.7424185
-0.4434311,-0.4434311,-0.4582306,1369015.4747446
-0.4334311,-0.4334311,-0.4482306,1552250.3950938
-0.4234311,-0.4234311,-0.4382306,1629565.2518946
-0.4134311,-0.4134311,-0.4282306,1427722.0162633
-0.4034311,-0.4034311,-0.4182306,1058278.4095911
-0.3934311,-0.3934311,-0.4082306,753654.1515418
-0.3834311,-0.3834311,-0.3982306,579280.1096444
-0.3734311,-0.3734311,-0.3882306,527264.0918613
-0.3634311,-0.3634311,-0.3782306,643228.2096562
-0.3534311,-0.3534311,-0.3682306,799329.8103314
-0.3434311,-0.3434311,-0.3582306,889061.2241999
-0.3334311,-0.3334311,-0.3482306,664532.9093498
-0.3234311,-0.3234311,-0.3382306,511669.8734251
-0.3134311,-0.3134311,-0.3282306,537334.9823233
-0.3034311,-0.3034311,-0.3182306,672141.8740339
-0.2934311,-0.2934311,-0.3082306,935574.5835671
-0.2834311,-0.2834311,-0.2982306,1196656.1950560
-0.2734311,-0.2734311,-0.2882306,1276753.8778991
-0.2634311,-0.2634311,-0.2782306,1392754.5038158
-0.2534311,-0.2534311,-0.2682306,1442527.3073044
-0.2434311,-0.2434311,-0.2582306,1365668.8205123
-0.2334311,-0.2334311,-0.2482306,1333429.3232430
-0.2234311,-0.2234311,-0.2382306,1151548.9467032
-0.2134311,-0.2134311,-0.2282306,996463.1682450
-0.2034311,-0.2034311,-0.2182306,866142.8133503
-0.1934311,-0.1934311,-0.2082306,774776.9480476
-0.1834311,-0.1834311,-0.1982306,677748.9654957
-0.1734311,-0.1734311,-0.1882306,615016.5182410
-0.1634311,-0.1634311,-0.1782306,630005.4183905
-0.1534311,-0.1534311,-0.1682306,580999.5024531
-0.1434311,-0.1434311,-0.1582306,474207.6967562
-0.1334311,-0.1334311,-0.1482306,414115.2588429
-0.1234311,-0.1234311,-0.1382306,368603.9247760
-0.1134311,-0.1134311,-0.1282306,368389.7799544
-0.1034311,-0.1034311,-0.1182306,429725.1296510
-0.0934311,-0.0934311,-0.1082306,453649.9512025
-0.0834311,-0.0834311,-0.0982306,469788.8051095
-0.0734311,-0.0734311,-0.0882306,534093.1956397
-0.0634311,-0.0634311,-0.0782306,669973.4474344
-0.0534311,-0.0534311,-0.0682306,757208.5219332
-0.0434311,-0.0434311,-0.0582306,672598.0240508
-0.0334311,-0.0334311,-0.0482306,661196.6959558
-0.0234311,-0.0234311,-0.0382306,715243.1038001
-0.0134311,-0.0134311,-0.0282306,782520.3858690
-0.0034311,-0.0034311,-0.0182306,837858.9016946
0.0065689,0.0065689,-0.0082306,758844.7869480
0.0165689,0.0165689,0.0017694,539900.3078916
0.0265689,0.0265689,0.0117694,378591.0101762
0.0365689,0.0365689,0.0217694,312241.3861200
0.0465689,0.0465689,0.0317694,273540.5326992
0.0565689,0.0565689,0.0417694,201662.5189862
0.0665689,0.0665689,0.0517694,145540.6776629
0.0765689,0.0765689,0.0617694,102873.9618566
0.0865689,0.0865689,0.0717694,71385.4316597
0.0965689,0.0965689,0.0817694,48779.2493343
0.1065689,0.1065689,0.0917694,32927.0867486
0.1165689,0.1165689,0.1017694,22019.8720540
0.1265689,0.1265689,0.1117694,14624.1589970
0.1365689,0.1365689,0.1217694,9663.5126387
0.1465689,0.1465689,0.1317694,6361.5324152
0.1565689,0.1565689,0.1417694,4174.7351164
0.1665689,0.1665689,0.1517694,2730.9290212
0.1765689,0.1765689,0.1617694,1798.1313569
0.1865689,0.1865689,0.1717694,1171.1820003
0.1965689,0.1965689,0.1817694,758.2302685
0.2065689,0.2065689,0.1917694,486.1595390
0.2165689,0.2165689,0.2017694,306.8183640
0.2265689,0.2265689,0.2117694,188.5996298
0.2365689,0.2365689,0.2217694,110.6646093
0.2465689,0.2465689,0.2317694,59.4050755
0.2565689,0.2565689,0.2417694,25.9166452
0.2665689,0.2665689,0.2517694,4.2011847
0.2765689,0.2765689,0.2617694,-9.7807228
0.2865689,0.2865689,0.2717694,-18.6469211
0.2965689,0.2965689,0.2817694,-24.0549302
0.3065689,0.3065689,0.2917694,-27.0864951
0.3165689,0.3165689,0.3017694,-28.4438256
0.3265689,0.3265689,0.3117694,-28.6174434
0.3365689,0.3365689,0.3217694,-27.9890451
0.3465689,0.3465689,0.3317694,-26.8532254
0.3565689,0.3565689,0.3417694,-25.4239960
0.3665689,0.3665689,0.3517694,-23.8487466
0.3765689,0.3765689,0.3617694,-22.2249995
0.3865689,0.3865689,0.3717694,-20.6150654
0.3965689,0.3965689,0.3817694,-19.0571973
0.4065689,0.4065689,0.3917694,-17.5735404
0.4165689,0.4165689,0.4017694,-16.1756202
0.4265689,0.4265689,0.4117694,-14.8680664
0.4365689,0.4365689,0.4217694,-13.6511188
0.4465689,0.4465689,0.4317694,-12.5223023
0.4565689,0.4565689,0.4417694,-11.4775402
0.4665689,0.4665689,0.4517694,-10.5118888
0.4765689,0.4765689,0.4617694,-9.6200183
0.4865689,0.4865689,0.4717694,-8.7965202
0.4965689,0.4965689,0.4817694,-8.0361012
0.5065689,0.5065689,0.4917694,-7.3336991
0.5165689,0.5165689,0.5017694,-6.6845478
0.5265689,0.5265689,0.5117694,-6.0842085
0.5365689,0.5365689,0.5217694,-5.5285786
0.5465689,0.5465689,0.5317694,-5.0138871
0.5565689,0.5565689,0.5417694,-4.5366811
0.5665689,0.5665689,0.5517694,-4.0938078
0.5765689,0.5765689,0.5617694,-3.6823935
0.5865689,0.5865689,0.5717694,-3.2998227
0.5965689,0.5965689,0.5817694,-2.9437829
0.6065689,0.6065689,0.5917694,-2.6163752
0.6165689,0.6165689,0.6017694,-2.3885628
0.6265689,0.6265689,0.6117694,-2.6329066
0.6365689,0.6365689,0.6217694,-3.7070696
0.6465689,0.6465689,0.6317694,-5.0970341
0.6565689,0.6565689,0.6417694,-6.2354911
0.6665689,0.6665689,0.6517694,-6.9689416
0.6765689,0.6765689,0.6617694,-7.3256766
0.6865689,0.6865689,0.6717694,-7.3883738
0.6965689,0.6965689,0.6817694,-7.2460222
0.7065689,0.7065689,0.6917694,-6.9732228
0.7165689,0.7165689,0.7017694,-6.6252146
0.7265689,0.7265689,0.7117694,-6.2401138
0.7365689,0.7365689,0.7217694,-5.8430251
0.7465689,0.7465689,0.7317694,-5.4498407
0.7565689,0.7565689,0.7417694,-5.0701715
0.7665689,0.7665689,0.7517694,-4.7094437
0.7765689,0.7765689,0.7617694,-4.3703473
0.7865689,0.7865689,0.7717694,-4.0538190
0.7965689,0.7965689,0.7817694,-3.7597003
0.8065689,0.8065689,0.7917694,-3.4871764
0.8165689,0.8165689,0.8017694,-3.2350636
0.8265689,0.8265689,0.8117694,-3.0019975
0.8365689,0.8365689,0.8217694,-2.7865520
0.8465689,0.8465689,0.8317694,-2.5873142
0.8565689,0.8565689,0.8417694,-2.4029282
0.8665689,0.8665689,0.8517694,-2.2321207
0.8765689,0.8765689,0.8617694,-2.0738154
0.8865689,0.8865689,0.8717694,-1.9301058
0.8965689,0.8965689,0.8817694,-1.8309605
0.9065689,0.9065689,0.8917694,-1.8874709
0.9165689,0.9165689,0.9017694,-2.2323220
0.9265689,0.9265689,0.9117694,-2.8108520
0.9365689,0.9365689,0.9217694,-3.4055744
0.9465689,0.9465689,0.9317694,-3.8467180
0.9565689,0.9565689,0.9417694,-4.0835218
0.9665689,0.9665689,0.9517694,-4.1414537
0.9765689,0.9765689,0.9617694,-4.0704931
0.9865689,0.9865689,0.9717694,-3.9179974
0.9965689,0.9965689,0.9817694,-3.7202602
1.0065689,1.0065689,0.9917694,-3.5023413
1.0165689,1.0165689,1.0017694,-3.2803858
1.0265689,1.0265689,1.0117694,-3.0641571
1.0365689,1.0365689,1.0217694,-2.8591068
1.0465689,1.0465689,1.0317694,-2.6678926
1.0565689,1.0565689,1.0417694,-2.4914301
1.0665689,1.0665689,1.0517694,-2.3295965
1.0765689,1.0765689,1.0617694,-2.1816877
1.0865689,1.0865689,1.0717694,-2.0467075
1.0965689,1.0965689,1.0817694,-1.9235450
1.1065689,1.1065689,1.0917694,-1.8110796
1.1165689,1.1165689,1.1017694,-1.7082398
1.1265689,1.1265689,1.1117694,-1.6140323
1.1365689,1.1365689,1.1217694,-1.5275551
1.1465689,1.1465689,1.1317694,-1.4479987
1.1565689,1.1565689,1.1417694,-1.3746429
1.1665689,1.1665689,1.1517694,-1.3068498
1.1765689,1.1765689,1.1617694,-1.2440560
1.1865689,1.1865689,1.1717694,-1.1857644
1.1965689,1.1965689,1.1817694,-1.1315369
1.2065689,1.2065689,1.1917694,-1.0809864
1.2165689,1.2165689,1.2017694,-1.0337712
1.2265689,1.2265689,1.2117694,-0.9895886
1.2365689,1.2365689,1.2217694,-0.9481701
1.2465689,1.2465689,1.2317694,-0.9092771
1.2565689,1.2565689,1.2417694,-0.8726970
1.2665689,1.2665689,1.2517694,-0.8382400
1.2765689,1.2765689,1.2617694,-0.8057361
1.2865689,1.2865689,1.2717694,-0.7750326
1.2965689,1.2965689,1.2817694,-0.7459924
1.3065689,1.3065689,1.2917694,-0.7184916
1.3165689,1.3165689,1.3017694,-0.6924184
1.3265689,1.3265689,1.3117694,-0.6676713
1.3365689,1.3365689,1.3217694,-0.6441583
1.3465689,1.3465689,1.3317694,-0.6217956
1.3565689,1.3565689,1.3417694,-0.6005068
1.3665689,1.3665689,1.3517694,-0.5802219
1.3765689,1.3765689,1.3617694,-0.5608771
1.3865689,1.3865689,1.3717694,-0.5424137
1.3965689,1.3965689,1.3817694,-0.5247776
1.4065689,1.4065689,1.3917694,-0.5079193
1.4165689,1.4165689,1.4017694,-0.4917929
1.4265689,1.4265689,1.4117694,-0.4763560
1.4365689,1.4365689,1.4217694,-0.4615695
1.4465689,1.4465689,1.4317694,-0.4473972
1.4565689,1.4565689,1.4417694,-0.4338052
1.4665689,1.4665689,1.4517694,-0.4207622
1.4765689,1.4765689,1.4617694,-0.4082392
1.4865689,1.4865689,1.4717694,-0.3962089
1.4965689,1.4965689,1.4817694,-0.3846459
1.5065689,1.5065689,1.4917694,-0.3735267
1.5165689,1.5165689,1.5017694,-0.3628289
1.5265689,1.5265689,1.5117694,-0.3525320
1.5365689,1.5365689,1.5217694,-0.3426164
1.5465689,1.5465689,1.5317694,-0.3330638
1.5565689,1.5565689,1.5417694,-0.3238572
1.5665689,1.5665689,1.5517694,-0.3149804
1.5765689,1.5765689,1.5617694,-0.3064183
1.5865689,1.5865689,1.5717694,-0.2981565
1.5965689,1.5965689,1.5817694,-0.2901816
