# r[nm],d[nm],daligned[nm],UC(d)[kJ/mol],UK(d)[kJ/mol],UCl(d)[kJ/mol],UC2A(d)[kJ/mol],UC4A(d)[kJ/mol],UCPlus(d)[kJ/mol],UCMinus(d)[kJ/mol],UCMoreLJ(d)[kJ/mol],UCLessLJ(d)[kJ/mol]
-1.3834311,-1.3834311,-1.3982306,23374.1439344,14315.2452906,93863.7798639,1465.7630917,65609.4243432,23008.5104158,23739.7774530,27554.3478496,17426.8997291
-1.3784311,-1.3784311,-1.3932306,23381.4864635,14239.0979548,93933.0266168,1464.3755009,65657.2834289,23016.5108906,23746.4620365,27563.0035079,17432.3740480
-1.3734311,-1.3734311,-1.3882306,23310.3224882,14015.6662037,93726.9482408,1456.2526171,65509.9582389,22914.0506821,23674.3136334,27479.1126524,17379.3168124
-1.3684311,-1.3684311,-1.3832306,23031.5389191,13732.4608173,92689.0723819,1442.3027118,64526.3097310,22478.6120249,23536.9439133,27150.4717636,17171.4660642
-1.3634311,-1.3634311,-1.3782306,22526.6537953,13403.2491174,90750.8973955,1416.4395433,63158.6186753,21974.3726373,23076.3908069,26555.2935887,16795.0423350
-1.3584311,-1.3584311,-1.3732306,21982.4666229,13047.4751475,88681.1045408,1377.2154851,61697.4406170,21431.0881156,22339.1570632,25913.7846340,16389.3164477
-1.3534311,-1.3534311,-1.3682306,21437.7818027,12690.4375701,86628.3281715,1336.9553754,60247.6581212,20887.4995360,21611.7739947,25271.6890327,15983.2195325
-1.3484311,-1.3484311,-1.3632306,20941.4680734,12363.9845837,84780.0207664,1299.2317529,58941.5373144,20392.3991482,20939.1805045,24686.6151503,15613.1863190
-1.3434311,-1.3434311,-1.3582306,20554.9432643,12108.1340618,83099.4337261,1268.3758637,57945.5431897,20007.1161253,20378.1556791,24230.9647071,15325.0076755
-1.3384311,-1.3384311,-1.3532306,20356.9748370,11859.6486428,81330.4999322,1249.9221939,57473.5053863,19810.3181677,20001.3948356,23997.5918433,15177.4097168
-1.3334311,-1.3334311,-1.3482306,20125.2186402,11443.0023180,79495.5741890,1250.8105746,56531.9576460,19629.5648238,19748.0565110,23724.3886457,15004.6208431
-1.3284311,-1.3284311,-1.3432306,20052.2092441,11285.4856736,79243.6985603,1249.1746338,56351.9496483,19390.6750855,19675.6906901,23638.3223367,14950.1877298
-1.3234311,-1.3234311,-1.3382306,20561.3377264,11498.1950056,81261.1879118,1281.7430193,57772.3342059,19721.7033835,20185.7606676,24238.5027472,15329.7751507
-1.3184311,-1.3184311,-1.3332306,21218.9803191,11649.3883778,86021.6604010,1356.5991387,59182.7076856,20194.7717707,21535.3304970,25013.7573537,15820.0892153
-1.3134311,-1.3134311,-1.3282306,19472.3795539,10719.5126616,78645.4428666,1051.1583352,55504.2333490,18638.7439666,18760.3100127,22954.7965989,14517.8880957
-1.3084311,-1.3084311,-1.3232306,14576.8296018,8055.3427861,60915.8749216,788.8642041,42767.0228753,14387.8193977,14295.0292616,17183.7323548,10867.9465888
-1.3034311,-1.3034311,-1.3182306,11175.8884767,6022.3979485,46771.9112650,606.7842685,32701.8461145,11062.9191614,11120.4874467,13174.5709910,8332.3303054
-1.2984311,-1.2984311,-1.3132306,8795.3407324,4524.6875189,36772.4394264,478.6022172,25672.3103754,8675.7085605,8838.8625082,10368.2889382,6557.4816967
-1.2934311,-1.2934311,-1.3082306,7116.0794792,3399.3722905,29737.9561549,387.6262321,20725.2559721,6990.9821881,7193.9898614,8388.7106131,5305.4864339
-1.2884311,-1.2884311,-1.3032306,5933.5029506,2585.2098932,24797.2794647,323.1707688,17249.4224916,5804.0513805,5923.4893957,6994.6435140,4423.8009851
-1.2834311,-1.2834311,-1.2982306,5115.9692869,2008.3285361,21389.8296252,278.3702579,14851.4643734,4983.2038703,5020.9296953,6030.9031088,3814.2780343
-1.2784311,-1.2784311,-1.2932306,4579.5022404,1636.4436602,19157.9923500,248.8503509,13280.4395165,4440.4187744,4411.4957844,5398.4949380,3414.3079882
-1.2734311,-1.2734311,-1.2882306,4272.4498370,1408.2620046,17881.8105028,231.9234006,12381.9938993,4083.9026266,4045.6560274,5036.5296505,3185.3810397
-1.2684311,-1.2684311,-1.2832306,4166.4449340,1322.5813312,17440.4887923,226.1147642,12071.3566957,3949.8344423,3895.3913056,4911.5669574,3106.3476932
-1.2634311,-1.2634311,-1.2782306,4251.5961197,1373.1941768,17747.8026379,230.9105624,12318.9695524,4028.3568774,3949.9593447,5011.9464792,3169.8332770
-1.2584311,-1.2584311,-1.2732306,4534.8375322,1563.6568477,18848.8534763,246.6709838,13145.5555189,4325.1576623,4214.4397399,5345.8424469,3381.0076289
-1.2534311,-1.2534311,-1.2682306,5041.0765100,1892.2494098,20911.9919518,274.6905042,14625.5509929,4862.4313295,4710.7487302,5942.6165973,3758.4407417
-1.2484311,-1.2484311,-1.2632306,5817.3924694,2416.7481119,24118.4321199,317.4180002,16899.6561243,5682.4102089,5481.3499917,6857.7679734,4337.2332922
-1.2434311,-1.2434311,-1.2582306,6941.2219852,3164.8816621,28767.6603300,378.8854512,20199.2912386,6816.0957997,6596.4820544,8182.5818143,5175.1191348
-1.2384311,-1.2384311,-1.2532306,8534.3983024,4204.2619715,35330.1604280,465.4438185,24888.5292771,8414.7123982,8166.5312302,10060.6798765,6362.9326439
-1.2334311,-1.2334311,-1.2482306,10786.3656609,5638.8809468,44534.2650096,586.9820273,31533.4037040,10673.3067926,10362.4258271,12715.3863811,8041.9164587
-1.2284311,-1.2284311,-1.2432306,13992.3034982,7628.9419459,57508.0796123,758.9326236,41015.6904676,13881.2981941,13448.9813147,16494.6703027,10432.1454820
-1.2234311,-1.2234311,-1.2382306,18616.0591043,10423.3712888,76012.3248603,1005.5847721,54322.7812304,18215.1996983,17839.6321282,21945.3328254,13879.4471477
-1.2184311,-1.2184311,-1.2332306,21750.1058279,13144.2753008,85255.4958510,1362.2693857,60922.4030536,21553.3965344,21144.5589026,25639.8687126,16216.0768079
-1.2134311,-1.2134311,-1.2282306,20942.0366060,12933.9933493,81885.8422980,1303.7822282,58882.0533295,20959.2564556,20089.1352937,24687.2853586,15613.6101959
-1.2084311,-1.2084311,-1.2232306,20290.3941808,12148.9046066,79293.6770815,1261.9351378,57056.4904515,20597.8587774,19437.0611434,23919.1039823,15127.7696349
-1.2034311,-1.2034311,-1.2182306,20240.1873689,11769.5782316,79043.6976697,1259.4869089,56882.7423921,20001.5604379,19386.7613696,23859.9182442,15090.3372874
-1.1984311,-1.1984311,-1.2132306,20599.7830874,11664.9815524,80408.5669692,1255.5057637,57847.6660777,19827.9052777,19750.1468123,24283.8236305,15358.4385940
-1.1934311,-1.1934311,-1.2082306,20710.3022571,11744.3993464,82868.2765062,1268.7851383,58523.0989671,19937.8404732,20392.4985025,24414.1079162,15440.8376113
-1.1884311,-1.1884311,-1.2032306,21004.6377398,11942.6521110,85684.1724263,1294.1719341,59253.6168997,20231.5012698,21213.1252276,24761.0820042,15660.2832927
-1.1834311,-1.1834311,-1.1982306,21408.0824323,12211.0226707,87151.2865008,1326.3801231,60292.4493578,20634.2806182,22051.3965280,25236.6782625,15961.0767772
-1.1784311,-1.1784311,-1.1932306,21862.8414691,12511.8133231,88835.0194832,1361.3005717,61483.4578935,21088.4728623,22634.3325536,25772.7658609,16300.1283445
-1.1734311,-1.1734311,-1.1882306,22323.2534056,12815.2318687,90560.8872244,1395.6730382,62703.5037775,21548.4938229,23098.0129883,26315.5173169,16643.3945054
-1.1684311,-1.1684311,-1.1832306,22753.2894344,13097.7609545,92191.4557198,1426.9144826,63855.5888819,21978.3789794,23528.1998894,26822.4604742,16964.0135097
-1.1634311,-1.1634311,-1.1782306,23125.4518562,13341.4387648,93622.0627720,1453.0434362,64865.8358752,22350.6810176,23900.2226948,27261.1799779,17241.4840868
-1.1584311,-1.1584311,-1.1732306,23420.4562374,13533.6506817,94779.5817406,1472.6583980,65682.6150300,22646.1512139,24194.7612608,27608.9425894,17461.4284743
-1.1534311,-1.1534311,-1.1682306,23627.2613218,13667.1485534,95622.5254213,1484.9406014,66276.6172842,22853.7687571,24400.7538864,27852.7324475,17615.6147187
-1.1484311,-1.1484311,-1.1632306,23743.1492904,13740.1043493,96141.3276483,1489.6609753,66641.0537940,22970.8206260,24515.4779547,27989.3456816,17702.0165143
-1.1434311,-1.1434311,-1.1582306,23773.6801288,13756.0837237,96181.4339629,1487.1235072,66679.8402682,23002.8558009,24544.5044567,28025.3366187,17724.7791816
-1.1384311,-1.1384311,-1.1532306,23291.1255670,13463.1132835,94248.5965908,1464.5886150,65317.5739245,22523.1086026,24059.1425314,27456.4825768,17365.0042959
-1.1334311,-1.1334311,-1.1482306,22739.1852549,13104.5170824,92099.7761760,1427.0159545,63802.0781537,21971.4676717,23506.9028380,26805.8339200,16953.4979535
-1.1284311,-1.1284311,-1.1432306,22150.5375597,12720.8029047,89833.3448287,1385.7629662,62202.8114742,21383.3870873,22917.6880322,26111.9131759,16514.6239401
-1.1234311,-1.1234311,-1.1382306,21559.8857696,12334.6443052,87581.4461818,1343.3370843,60613.0530683,20793.5112636,22326.2602756,25415.6299268,16074.2557474
-1.1184311,-1.1184311,-1.1332306,21011.5131810,11974.9461431,85513.1976109,1302.9040928,59152.1624846,20246.0513181,21776.9750439,24769.1870410,15665.4093681
-1.1134311,-1.1134311,-1.1282306,20561.3138033,11678.1685385,83842.5906227,1268.4368840,57971.1544818,19796.8167908,21325.8108158,24238.4745457,15329.7573145
-1.1084311,-1.1084311,-1.1232306,20280.8391440,11490.9642895,82844.2244840,1244.9932938,57263.8005464,19517.2635192,21044.4147689,23907.8401342,15120.6457518
-1.1034311,-1.1034311,-1.1182306,20264.5329540,11474.8928689,82881.4293377,1239.2133247,57286.4714337,19501.7295000,21027.3364081,23888.6177647,15108.4884579
-1.0984311,-1.0984311,-1.1132306,20641.9334539,11714.3703584,84453.6902274,1260.1585110,58391.5969772,19879.6382085,21110.9558472,24333.5121180,15389.8643528
-1.0934311,-1.0934311,-1.1082306,21157.8654504,12329.6870977,82706.4201882,1320.6784423,59223.8292352,20835.4800632,20518.0550024,24941.7127751,15774.5242230
-1.0884311,-1.0884311,-1.1032306,21138.7787575,12725.8832013,82486.7326746,1342.3408904,59034.3939746,20951.4473420,20472.5904939,24919.2126409,15760.2938887
-1.0834311,-1.0834311,-1.0982306,20722.7618216,12143.2299958,83167.1511971,1126.5040199,58342.9690778,20301.8880871,20261.5522117,24428.7957343,15450.1270031
-1.0784311,-1.0784311,-1.0932306,15562.2993405,9137.8470498,63938.2202175,850.2613303,45552.4966275,15527.2731781,15110.8782645,18345.4423217,11602.6764840
-1.0734311,-1.0734311,-1.0882306,11979.4362498,6910.4744002,48873.4102572,657.2967790,34964.9917072,12010.3997181,11536.3900382,14121.8242856,8931.4258919
-1.0684311,-1.0684311,-1.0832306,9457.6468030,5314.1052512,38301.0835490,520.5475805,27531.8325862,9495.3484328,9021.6849871,11149.0410336,7051.2726786
-1.0634311,-1.0634311,-1.0782306,7668.3006657,4162.3750581,30822.1588745,422.8225916,22271.3999843,7684.6892039,7238.2381356,9039.6903755,5717.2021859
-1.0584311,-1.0584311,-1.0732306,6400.3326179,3334.6573416,25537.9491786,353.0965181,18553.1359399,6385.9462342,5975.0726351,7544.9604401,4771.8519693
-1.0534311,-1.0534311,-1.0682306,5517.6525454,2752.5968939,21868.9596888,304.2694450,15970.4226782,5474.1261682,5096.1704051,6504.4229203,4113.7582587
-1.0484311,-1.0484311,-1.0632306,4933.1841036,2365.7524889,19444.3865054,271.8037480,14263.0627645,4868.7854026,4514.5112832,5815.4288421,3678.0001424
-1.0434311,-1.0434311,-1.0582306,4593.0855254,2142.8485270,18034.9218928,252.8973232,13270.1413613,4520.0517376,4176.2941867,5414.5074415,3424.4351846
-1.0384311,-1.0384311,-1.0532306,4467.4024690,2066.5851854,17512.9306201,245.9947823,12902.0902831,4400.3290432,4051.5902005,5266.3473777,3330.7305326
-1.0334311,-1.0334311,-1.0482306,4545.0110868,2130.8292182,17830.8959851,250.5234886,13125.5684156,4467.4036689,4129.2857907,5357.8354278,3388.5926561
-1.0284311,-1.0284311,-1.0432306,4831.7232567,2339.5619423,19013.3421465,266.7949322,13957.7954956,4722.8693476,4415.1880902,5695.8228588,3602.3546765
-1.0234311,-1.0234311,-1.0382306,5351.1371532,2707.3524008,21160.4619664,296.0491153,15469.0968570,5216.3087735,4932.8754408,6308.1281148,3989.6105230
-1.0184311,-1.0184311,-1.0332306,6148.4183296,3261.4561082,24464.2379211,340.6508612,17794.2116584,5989.6062697,5727.4783578,7247.9941021,4584.0339660
-1.0134311,-1.0134311,-1.0282306,7297.8476078,4045.9988507,29240.6107581,404.4804734,21154.8584852,7112.4363131,6873.2272113,8602.9859362,5441.0060473
-1.0084311,-1.0084311,-1.0232306,8915.8463626,5096.2072230,35984.9658032,493.6006546,25898.6587864,8694.4185062,8486.4771950,10510.3456511,6647.3262506
-1.0034311,-1.0034311,-1.0182306,11182.5332747,6499.5652082,45463.9156939,617.2951871,32555.5957264,10905.1985330,10747.2646405,13182.4041366,8337.2844217
-0.9984311,-0.9984311,-1.0132306,14294.8651615,8464.4023118,58865.7717333,789.1712614,41671.5047453,14007.3014211,13934.6640560,16851.3417316,10657.7243004
-0.9934311,-0.9934311,-1.0082306,18637.5478818,10892.7529335,75744.0401347,1028.1224987,53772.3195241,18165.9614790,18027.7493983,21970.6646301,13895.4683878
-0.9884311,-0.9884311,-1.0032306,21323.7919780,12849.7033780,85330.6263850,1354.6713662,59494.0532487,20866.8993919,21780.6845642,25137.3134043,15898.2329230
-0.9834311,-0.9834311,-0.9982306,21022.4314179,13269.4107870,83180.2238569,1311.3169793,59072.2196639,21361.4188614,20683.4439744,24782.0578824,15673.5496029
-0.9784311,-0.9784311,-0.9932306,20314.7720086,13287.8329957,80381.5488056,1265.0900242,57100.4650966,20654.2015792,19975.3424380,23947.8415116,15145.9448443
-0.9734311,-0.9734311,-0.9882306,20242.1644422,12775.8598860,80056.3812172,1262.1194944,56873.1483114,20581.6998138,19902.6290706,23862.2488950,15091.8113204
-0.9684311,-0.9684311,-0.9832306,20608.9825434,12558.4255220,81447.9024306,1288.8224617,57856.3138401,20948.4063967,20269.5586901,24294.6683062,15365.2973692
-0.9634311,-0.9634311,-0.9782306,21276.0776533,12540.4901044,84018.7790404,1314.9933034,59670.8474897,20981.2804433,20936.8712455,25081.0659068,15862.6588820
-0.9584311,-0.9584311,-0.9732306,21808.2775324,12654.5503332,87371.7616350,1333.1757840,61692.3277058,21141.5765212,21801.3388804,25708.4437750,16259.4474855
-0.9534311,-0.9534311,-0.9682306,22097.0304869,12850.6042438,89931.0458313,1359.4013397,62389.0893169,21429.4262850,22648.2776666,26048.8369622,16474.7310398
-0.9484311,-0.9484311,-0.9632306,22454.3489432,13090.1102381,91196.6162563,1389.4436673,63286.5137462,21785.8993003,23122.7985861,26470.0578235,16741.1345037
-0.9434311,-0.9434311,-0.9582306,22833.4473555,13342.5151206,92569.4086333,1419.9412829,64258.7366493,22164.2912460,23502.6034651,26916.9537419,17023.7762996
-0.9384311,-0.9384311,-0.9532306,23196.9788987,13583.4281535,93907.1991936,1448.2054281,65205.3708248,22527.3237151,23866.6340823,27345.4988310,17294.8120119
-0.9334311,-0.9334311,-0.9482306,23515.8080074,13793.8181334,95099.1151468,1472.1348175,66048.1557719,22845.9157860,24185.7002288,27721.3469558,17532.5192377
-0.9284311,-0.9284311,-0.9432306,23768.6835956,13959.7972604,96064.3916290,1490.1922069,66730.0783578,23098.8564261,24438.5107652,28019.4465115,17721.0539507
-0.9234311,-0.9234311,-0.9382306,23942.3353247,14072.6815009,96752.7638189,1501.4103989,67215.6477881,23272.9001304,24611.7705191,28224.1539079,17850.5222760
-0.9184311,-0.9184311,-0.9332306,24031.6623490,14129.1127892,97145.2003481,1505.4053448,67491.4124843,23362.9552501,24700.3694478,28329.4560702,17917.1212111
-0.9134311,-0.9134311,-0.9282306,24039.8110621,14131.1109808,97254.1811650,1502.3826118,67566.1569849,23372.1615522,24433.5500024,28339.0620894,17923.1965911
-0.9084311,-0.9084311,-0.9232306,23978.0591081,14086.0018223,96176.8246704,1493.1316121,67470.5506297,23311.7742811,23948.4157296,28266.2664899,17877.1566115
-0.9034311,-0.9034311,-0.9182306,23797.7876379,14006.2454412,94038.3165641,1478.9991186,66807.8775769,23200.8925874,23399.5167244,28053.7554858,17742.7528513
-0.8984311,-0.8984311,-0.9132306,23209.2512516,13909.2700884,91776.5952139,1451.1496673,65210.5181687,23066.1938730,22811.3373515,27359.9659568,17303.9618257
-0.8934311,-0.8934311,-0.9082306,22615.1332780,13817.5009550,89518.3578884,1408.2888643,63614.7223246,22941.9667061,22217.3812997,26659.5966362,16861.0093744
-0.8884311,-0.8884311,-0.9032306,22058.5332229,13758.8702366,87427.5089098,1366.9659705,62136.2023840,22456.2482440,21660.8182018,26003.4548937,16446.0288995
-0.8834311,-0.8834311,-0.8982306,21593.9958538,13768.2156340,85712.1345823,1331.1244384,60921.8397803,21991.7164274,21196.2752802,25455.8402177,16099.6869682
-0.8784311,-0.8784311,-0.8932306,21141.1747154,13662.5220553,84125.4922868,1305.7279880,59303.1557519,21166.5792779,20893.5728559,24922.0370890,15762.0802265
-0.8734311,-0.8734311,-0.8882306,20539.5516207,13268.3293615,81797.4244661,1284.7607864,57658.9609661,20564.0358174,20515.0674240,24212.8204404,15313.5322337
-0.8684311,-0.8684311,-0.8832306,20303.5885073,13111.1562901,80902.8585466,1267.6700772,57025.4046662,20327.0199641,20280.1570504,23934.6579663,15137.6068381
-0.8634311,-0.8634311,-0.8782306,20595.1720209,13296.4894763,82067.0530815,1286.2991085,57843.6532859,20617.3062610,20573.0377807,24278.3879263,15355.0007529
-0.8584311,-0.8584311,-0.8732306,21646.1232392,13901.5718500,86187.1134557,1356.7534160,60746.6544389,21666.5967608,21625.6497177,25517.2900023,16138.5512244
-0.8534311,-0.8534311,-0.8682306,20655.6652530,11763.0782530,83966.7252114,1123.9061819,59667.3025878,19981.5551724,20074.2174340,24349.6996957,15400.1022759
-0.8484311,-0.8484311,-0.8632306,15524.7786392,8927.8535264,65186.8729678,841.6676782,45541.2010695,15094.0937314,15341.8737036,18301.2114631,11574.7024327
-0.8434311,-0.8434311,-0.8582306,11870.5855811,6614.4147514,50303.4487262,646.0000400,34725.5086333,11431.8150473,11966.1693852,13993.5068937,8850.2708475
-0.8384311,-0.8384311,-0.8532306,9313.7901811,4991.8882042,39562.4871612,508.2726614,27175.3079270,8868.2685539,9529.2771020,10979.4572656,6944.0184864
-0.8334311,-0.8334311,-0.8482306,7507.9876981,3843.1749926,31997.8160879,410.3648653,21855.8722697,7056.9419097,7762.2404435,8850.7072286,5597.6787492
-0.8284311,-0.8284311,-0.8432306,6231.3666295,3029.2376569,26664.9142292,340.6928747,18104.4910624,5775.9332466,6490.5580874,7345.7767767,4645.8771595
-0.8234311,-0.8234311,-0.8382306,5341.1937469,2460.5858347,22955.9142780,291.8137071,15494.6440359,4882.4354858,5600.9017100,6296.4064415,3982.1970859
-0.8184311,-0.8184311,-0.8332306,4746.1158769,2079.9267101,20481.7409232,258.9694636,13753.3163889,4285.0375813,4990.1612472,5594.9055578,3538.5289712
-0.8134311,-0.8134311,-0.8282306,4389.3239230,1851.6213294,19000.4410807,239.2041448,12710.7206698,3926.8881498,4578.9221867,5174.3053580,3272.5180481
-0.8084311,-0.8084311,-0.8232306,4238.5418636,1771.0574335,18374.5500071,230.8394789,12270.3887101,3775.6841985,4378.7474755,4996.5576156,3160.1005051
-0.8034311,-0.8034311,-0.8182306,4280.5315216,1798.6448674,18547.6803101,233.1876698,12392.7489143,3818.1757298,4386.0813536,5046.0566539,3191.4064457
-0.7984311,-0.7984311,-0.8132306,4518.8823186,1936.6375401,19522.8680707,246.4359838,13088.5194165,4057.9554239,4602.8426593,5327.0338219,3369.1120100
-0.7934311,-0.7934311,-0.8082306,4974.5996290,2229.5016934,21386.3083758,271.6774405,14420.4669933,4516.0470135,5047.2983277,5864.2510706,3708.8780308
-0.7884311,-0.7884311,-0.8032306,5689.6206588,2687.9112810,24347.4013465,311.0944453,16513.9161376,5234.4212723,5757.1732354,6707.1456052,4241.9713422
-0.7834311,-0.7834311,-0.7982306,6734.0361609,3355.8336664,28681.8460364,368.3365331,19578.3288229,6283.2179405,6796.0287929,7938.3431252,5020.6490247
-0.7784311,-0.7784311,-0.7932306,8218.6539250,4302.7555990,34825.1245932,449.1786984,23944.8324090,7773.3095339,8264.3386074,9688.4681527,6127.5252801
-0.7734311,-0.7734311,-0.7882306,10315.8478506,5636.7411586,43452.3221247,562.6159443,30128.4724055,9877.1508682,10317.8146552,12160.7217290,7691.1157310
-0.7684311,-0.7684311,-0.7832306,13293.7880873,7525.8742876,55562.3493929,722.6635027,38930.3817788,12863.0098103,13197.3713343,15671.2332321,9911.3581514
-0.7634311,-0.7634311,-0.7782306,17572.8334997,10233.5897991,72746.3232565,951.3251266,51606.0472014,17151.3605523,17278.2252806,20715.5380027,13101.6566088
-0.7584311,-0.7584311,-0.7732306,21413.5017737,12863.2593233,85716.9972557,1282.7141762,59735.1550632,20934.0048626,21144.7400733,25243.0667924,15965.1172384
-0.7534311,-0.7534311,-0.7682306,21285.8241863,12355.9359600,83345.4865177,1347.2253766,59544.4453040,20602.7145690,20491.7539943,25092.5554982,15869.9255377
-0.7484311,-0.7484311,-0.7632306,21001.1486318,12221.2936733,83593.9945545,1304.7617885,58957.3934391,20391.2817725,20663.3317076,24756.9689083,15657.6819424
-0.7434311,-0.7434311,-0.7582306,20643.6755537,11923.3584479,82134.8618319,1283.5573454,58056.5592466,20472.9118599,20500.6971463,24335.5657729,15391.1631982
-0.7384311,-0.7384311,-0.7532306,20773.3887088,11751.5247794,82574.9475571,1283.2463500,58369.5492108,20194.2056951,20630.7282938,24488.4766734,15487.8725432
-0.7334311,-0.7334311,-0.7482306,21119.8235114,11790.8991471,84299.3638684,1292.1962909,59588.0689822,20240.8264961,21089.0838122,24896.8674613,15746.1615562
-0.7284311,-0.7284311,-0.7432306,21380.8022805,11969.1212999,86859.2179960,1315.3507845,60353.4696903,20501.9382848,21759.3810187,25204.5193610,15940.7377021
-0.7234311,-0.7234311,-0.7382306,21774.5795072,12232.8153708,88888.5117356,1346.9309350,61365.3006881,20895.8345296,22552.9143997,25668.7192354,16234.3234807
-0.7184311,-0.7184311,-0.7332306,22238.6309667,12541.1701929,90607.0081143,1382.4792641,62581.9044208,21360.0819252,23117.1800081,26215.7611023,16580.3031356
-0.7134311,-0.7134311,-0.7282306,22723.9998472,12862.2147632,92430.0197420,1418.4858819,63871.4619599,21845.8028772,23602.1968173,26787.9327723,16942.1762736
-0.7084311,-0.7084311,-0.7232306,23192.2232764,13170.8146374,94211.1830277,1452.1775127,65130.6535912,22314.6009553,24069.8455975,27339.8927190,17291.2663953
-0.7034311,-0.7034311,-0.7182306,23613.8967218,13447.7350920,95838.9481572,1481.4190091,66280.7215728,22737.1243250,24490.6691185,27836.9777384,17605.6505658
-0.6984311,-0.6984311,-0.7132306,23968.1749713,13679.3149219,97234.6353165,1504.6794718,67266.0978559,23092.5659027,24647.5403787,28254.6146859,17869.7873636
-0.6934311,-0.6934311,-0.7082306,24242.7111566,13857.4268548,97347.4709299,1521.0284092,68054.2236460,23368.6017346,24372.9733901,28578.2485939,18074.4714190
-0.6884311,-0.6884311,-0.7032306,24191.7051274,13871.3760526,96277.9756931,1526.9704466,67763.5587050,23561.4213090,23985.1608709,28518.1207075,18036.4432046
-0.6834311,-0.6834311,-0.6982306,23834.0566082,13590.1894832,94836.4413301,1505.7373814,66748.1491810,23265.5039116,23503.0937142,28096.5107553,17769.7936581
-0.6784311,-0.6784311,-0.6932306,23381.5762291,13247.0197391,93036.5215513,1475.9677382,65490.6430233,22731.8140472,22933.0651698,27563.1093270,17432.4409739
-0.6734311,-0.6734311,-0.6882306,22851.2666961,12852.5262205,90500.2443986,1439.7195622,64036.5149694,22121.5028007,22290.6092891,26937.9598721,17037.0617428
-0.6684311,-0.6684311,-0.6832306,22268.9565828,12423.2496352,87805.6956614,1398.8460481,62455.2264898,21459.8007398,21600.4001668,26251.5101152,16602.9127966
-0.6634311,-0.6634311,-0.6782306,21669.3646334,11981.6294183,85081.3860538,1355.7981959,60840.4212258,20781.0020206,20896.2789229,25544.6878595,16155.8791508
-0.6584311,-0.6584311,-0.6732306,21096.7312682,11556.3666108,82493.3538558,1313.5121978,59311.6674800,20129.0229254,20221.7933189,24869.6454289,15728.9448313
-0.6534311,-0.6534311,-0.6682306,20558.3550400,11183.4811834,80251.3666487,1274.8416989,57832.6532331,19559.0250230,19631.7879706,24234.9866407,15327.5513696
-0.6484311,-0.6484311,-0.6632306,20121.6650702,10908.5509114,78622.1007243,1243.5084902,56679.1386228,19140.8513291,19195.7926072,23720.1995596,15001.9714324
-0.6434311,-0.6434311,-0.6582306,19929.3477397,10790.8322254,77953.4608756,1227.1817741,56202.7352682,18965.3510142,19004.2789968,23493.4884280,14858.5867230
-0.6384311,-0.6384311,-0.6532306,20103.4344651,10910.3148658,78716.2681956,1235.3590978,56735.6311316,19155.2071227,19179.3898582,23698.7086149,14988.3793655
-0.6334311,-0.6334311,-0.6482306,20815.3265706,11379.3574937,81573.0448638,1280.1476532,58436.7792167,19882.7948016,19892.6461845,24537.9146521,15519.1398663
-0.6284311,-0.6284311,-0.6432306,21156.0682855,12328.5760153,84118.0685818,1349.5289961,59043.1639390,20952.9318637,21325.8117514,24939.5942073,15773.1843231
-0.6234311,-0.6234311,-0.6382306,21051.4339000,11641.6129528,83186.1664746,1186.9318924,58688.1272280,20075.9526281,20333.0902633,24816.2471336,15695.1727840
-0.6184311,-0.6184311,-0.6332306,16326.5717177,9008.2544958,67073.5219607,882.1708349,47953.4853849,15927.1205664,15751.3096987,19246.3962558,12172.4897837
-0.6134311,-0.6134311,-0.6282306,12392.0354665,6635.1247105,51239.1159865,671.9695378,36299.3207945,12175.4962969,11991.0835499,14608.2122522,9239.0446521
-0.6084311,-0.6084311,-0.6232306,9651.9703585,4943.8857319,40092.5820538,524.7759464,28200.7120264,9507.1357155,9337.2330219,11378.1171810,7196.1531553
-0.6034311,-0.6034311,-0.6182306,7724.4193854,3728.8002144,32179.1534541,420.5996661,22516.8742221,7593.6669596,7448.1723332,9105.8452998,5759.0422337
-0.5984311,-0.5984311,-0.6132306,6365.3727223,2857.1309855,26563.2694118,346.6894252,18518.8671083,6223.2628235,6104.2792626,7503.7483587,4745.7871604
-0.5934311,-0.5934311,-0.6082306,5418.0506077,2242.8301963,22640.4258525,294.8643310,15738.2566981,5258.6320131,5163.6771269,6387.0082913,4039.4987270
-0.5884311,-0.5884311,-0.6032306,4782.1007438,1846.0811634,19997.1661945,259.8947202,13875.1727985,4611.3328683,4535.2395832,5637.3259151,3565.3579609
-0.5834311,-0.5834311,-0.5982306,4394.8849897,1600.9959833,18388.1481205,238.5200252,12742.4319248,4226.0892900,4162.1249579,5180.8609592,3276.6641743
-0.5784311,-0.5784311,-0.5932306,4220.3206835,1503.4310770,17663.4338665,228.8636803,12232.2057505,4071.4063536,4011.9300144,4975.0777816,3146.5154652
-0.5734311,-0.5734311,-0.5882306,4242.6793463,1545.3129921,17756.0472702,230.1079582,12297.4914647,4109.0622630,4071.2078974,5001.4350408,3163.1852597
-0.5684311,-0.5684311,-0.5832306,4463.9435238,1728.8061069,18674.4285318,242.3554813,12944.2121955,4331.4089571,4343.1276845,5262.2698389,3328.1516707
-0.5634311,-0.5634311,-0.5782306,4904.1367897,2050.8603170,20503.8403068,266.6469036,14232.2033718,4773.6296501,4847.7605253,5781.1867414,3656.3435363
-0.5584311,-0.5584311,-0.5732306,5604.6995408,2567.5495796,23420.7496310,305.1381571,16285.3015834,5477.1969256,5625.0516501,6607.0372962,4178.6572883
-0.5534311,-0.5534311,-0.5682306,6635.6601481,3303.9871864,27723.3710798,361.4761290,19312.7707823,6512.1869001,6741.1285009,7822.3736640,4947.3034974
-0.5484311,-0.5484311,-0.5632306,8108.2295076,4323.4799037,33885.2897570,441.4586589,23646.9198344,7989.8741000,8205.6483209,9558.2955647,6045.1969067
-0.5434311,-0.5434311,-0.5582306,10195.7753547,5720.5622498,42644.7274626,554.1355638,29805.7257287,10083.7062372,10209.1820564,12019.1756117,7601.5941061
-0.5384311,-0.5384311,-0.5532306,13168.3111220,7554.3591457,55151.2726320,713.6225771,38595.7715159,13063.7936922,12995.0572958,15523.3161166,9817.8071534
-0.5334311,-0.5334311,-0.5482306,17449.3628062,10067.9593124,71430.6004701,942.0969306,51168.3649548,17353.7772086,16900.1734904,20569.9859582,13009.6014131
-0.5284311,-0.5284311,-0.5432306,21525.4747555,12669.7777497,83928.2463018,1274.7443560,60021.6171937,21475.2269815,20908.4932189,25375.0648882,16048.6001642
-0.5234311,-0.5234311,-0.5382306,21107.1907139,12397.5372844,84587.2871885,1328.1147867,59074.7988108,20634.4005431,20895.9233165,24881.9754294,15736.7430082
-0.5184311,-0.5184311,-0.5332306,20506.2362301,12158.3990802,80984.1754542,1268.2719183,57656.6129996,20366.8471254,19982.3383262,24173.5469652,15288.6935070
-0.5134311,-0.5134311,-0.5282306,20259.0170124,11998.2143430,79968.3609020,1253.6857623,56983.9909862,20268.5282372,19734.2493909,23882.1153586,15104.3759752
-0.5084311,-0.5084311,-0.5232306,20470.8471109,11805.2293999,80746.9578611,1270.3067709,57613.2908242,20342.9839584,19946.4763778,24131.8288984,15262.3086849
-0.5034311,-0.5034311,-0.5182306,20998.9468424,11825.2404853,82765.2553229,1296.1253814,59038.0899867,20358.2448553,20475.1300055,24754.3733535,15656.0403694
-0.4984311,-0.4984311,-0.5132306,21494.8617033,11986.3959107,85620.4268303,1317.9675679,60743.4910958,20591.4791040,21215.3909675,25338.9770343,16025.7762014
-0.4934311,-0.4934311,-0.5082306,21864.8202400,12235.7524797,89008.6216302,1348.5367367,61680.7734413,20961.6676926,22087.8878262,25775.0985128,16301.6036431
-0.4884311,-0.4884311,-0.5032306,22309.6556597,12532.7524808,91020.2769934,1383.4150139,62835.0919560,21406.7839840,23030.6055500,26299.4877664,16633.2565275
-0.4834311,-0.4834311,-0.4982306,22780.4267785,12845.4295072,92771.4972523,1419.0870560,64074.7700191,21877.9683139,23634.3716854,26854.4510283,16984.2461126
-0.4784311,-0.4784311,-0.4932306,23238.2383866,13148.3667090,94496.8785375,1452.7400537,65295.3608020,22336.3944821,23784.3517875,27394.1371163,17325.5735645
-0.4734311,-0.4734311,-0.4882306,23652.7933787,13421.7518531,94953.1318464,1479.9600546,66415.6768279,22751.8208809,23893.9294237,27882.8306269,17634.6504787
-0.4684311,-0.4684311,-0.4832306,23747.6966093,13651.0707858,95013.8488108,1489.0506882,66666.2273726,23102.1214642,23937.8267533,27994.7062377,17705.4068277
-0.4634311,-0.4634311,-0.4782306,23707.4139382,13827.1112833,94780.3261354,1489.8614291,66503.8574903,23373.2918616,23898.4038687,27947.2194619,17675.3735536
-0.4584311,-0.4584311,-0.4732306,23574.4703934,13946.0462048,94214.9971268,1483.0279164,66106.5449002,23382.9645790,23765.9762079,27790.5004527,17576.2557493
-0.4534311,-0.4534311,-0.4682306,23347.4247515,14009.4473203,93311.7423752,1468.4759791,65470.0012188,23155.7507996,23539.0987033,27522.8502400,17406.9788916
-0.4484311,-0.4484311,-0.4632306,23033.1860810,14024.1590839,92096.4369095,1446.7213607,64612.5113253,22841.6798095,23224.6923526,27152.4135020,17172.6941274
-0.4434311,-0.4434311,-0.4582306,22646.9765576,14002.0394070,90626.8407657,1418.8685310,63574.8548681,22455.9463223,22838.0067928,26697.1347297,16884.7505493
-0.4384311,-0.4384311,-0.4532306,22212.2401864,13909.6943978,88992.2611936,1386.6035409,62420.0677862,22021.9518083,22402.5285645,26184.6506265,16560.6271431
-0.4334311,-0.4334311,-0.4482306,21760.7252816,13612.2279392,87313.8767833,1352.1993576,61233.6717072,21571.3876307,21950.0629325,25652.3873367,16223.9942810
-0.4284311,-0.4284311,-0.4432306,21333.0968155,13329.2863759,85747.1141845,1318.5578966,60125.3520224,21144.8482240,21521.3454070,25148.2823077,15905.1702667
-0.4234311,-0.4234311,-0.4382306,20980.5898584,13094.2838105,84488.0715292,1289.3236019,59233.4911319,20793.4854961,21167.6942207,24732.7334285,15642.3540792
-0.4184311,-0.4184311,-0.4332306,20768.4285919,12949.7504901,83299.6590065,1269.1181641,58734.5474605,20582.4288980,20611.5907172,24482.6294951,15484.1744629
-0.4134311,-0.4134311,-0.4282306,20560.3990453,12779.9941518,80913.5218612,1263.9656426,57795.3044117,20597.0218634,19993.4449530,24237.3961934,15329.0753046
-0.4084311,-0.4084311,-0.4232306,20260.0745009,12350.1614260,79780.8698973,1258.8324823,56992.3034378,20189.8966279,19694.8649864,23883.3619671,15105.1643997
-0.4034311,-0.4034311,-0.4182306,20422.2789094,12212.3670198,80453.8184640,1268.1620459,57374.2560991,19980.2991563,19859.0573853,24074.5748178,15226.0980249
-0.3984311,-0.3984311,-0.4132306,20890.6406519,12488.1630031,83718.5599656,1313.6533707,58555.9721111,20407.2417104,20689.4501819,24626.6978136,15575.2912679
-0.3934311,-0.3934311,-0.4082306,21216.9560218,12467.8269918,84478.6097633,1283.3866812,59154.6421255,20601.4494914,21093.9574836,25011.3710336,15818.5799739
-0.3884311,-0.3884311,-0.4032306,17594.9880106,10452.4321626,72312.6755109,962.4079011,51311.9632347,17352.5025275,17211.4583009,20741.6545998,13118.1741952
-0.3834311,-0.3834311,-0.3982306,13422.3559032,8038.8083819,55029.5219610,737.8143733,39189.7549403,13280.8347739,13050.1167588,15822.7939623,10007.2135737
-0.3784311,-0.3784311,-0.3932306,10493.5677412,6181.2919524,42746.4522830,579.0212751,30554.3132352,10401.6985518,10129.3406508,12370.2248320,7823.6171275
-0.3734311,-0.3734311,-0.3882306,8414.9801958,4832.5483616,34056.7691032,465.4650468,24442.4695355,8345.2867517,8057.5292628,9919.9051787,6273.8989075
-0.3684311,-0.3684311,-0.3832306,6934.3661316,3855.0302040,27886.7515373,383.9587992,20100.8605947,6873.8291164,6582.5497019,8174.4998680,5170.0076631
-0.3634311,-0.3634311,-0.3782306,5888.9508304,3154.8408365,23543.5010538,325.9979010,17043.2982023,5833.4666437,5541.7048541,6942.1237460,4390.5845672
-0.3584311,-0.3584311,-0.3732306,5173.8008450,2670.8711938,20580.4075806,286.1019252,14956.3893331,5124.8899714,4830.1227866,6099.0771935,3857.3951113
-0.3534311,-0.3534311,-0.3682306,4722.5582070,2364.1449046,18715.1172430,260.8048708,13641.9893580,4685.4052497,4381.4913614,5567.1348624,3520.9652413
-0.3484311,-0.3484311,-0.3632306,4495.8607743,2211.4022505,17780.2025673,248.0494370,12982.5974318,4478.1387983,4156.4788678,5299.8951323,3351.9479956
-0.3434311,-0.3434311,-0.3582306,4474.7581201,2201.4479397,17695.1012010,246.8434911,12921.6721282,4485.8936382,4136.1500956,5275.0185047,3336.2146349
-0.3384311,-0.3384311,-0.3532306,4657.6408971,2333.4467150,18453.0246917,257.1002593,13454.4484036,4699.5155444,4318.8957911,5490.6078185,3472.5652891
-0.3334311,-0.3334311,-0.3482306,5060.0070644,2616.7931188,20119.9616778,279.6261941,14627.2383766,5140.4624323,4720.1988905,5964.9326694,3772.5546650
-0.3284311,-0.3284311,-0.3432306,5717.0143823,3072.5270948,22845.5602649,316.2538781,16545.0649342,5851.2882687,5375.1869350,6739.4383894,4262.3950922
-0.3234311,-0.3234311,-0.3382306,6689.3811573,3736.6051945,26888.2776917,370.1499107,19389.3036360,6889.2738421,6344.5326470,7885.7020742,4987.3559008
-0.3184311,-0.3184311,-0.3332306,8073.9580835,4665.7554601,32660.4187622,446.3677806,23449.2768906,8344.8383036,7725.0255009,9517.8950801,6019.6453967
-0.3134311,-0.3134311,-0.3282306,10021.4123835,5947.2548275,40803.4369209,552.7747337,29175.0786086,10357.1621638,9667.2554801,11813.6297755,7471.5955049
-0.3084311,-0.3084311,-0.3232306,12765.2680940,7714.9445106,52311.5318714,701.5770536,37264.2817362,13125.8833520,12404.6528361,15048.1933560,9517.3131351
-0.3034311,-0.3034311,-0.3182306,16669.5943734,10095.3594855,68734.5297903,911.8295186,48804.2681538,16640.0720507,16301.1757010,19650.7646725,12428.2348258
-0.2984311,-0.2984311,-0.3132306,21232.7041308,12775.8118232,83303.7601514,1213.5910275,59302.1942328,20858.8942543,20806.7746873,25029.9355155,15830.3211832
-0.2934311,-0.2934311,-0.3082306,21471.3857369,14261.0148730,83847.2798285,1364.0696501,60004.2037238,22122.7993826,20819.9720912,25311.3026542,16008.2733866
-0.2884311,-0.2884311,-0.3032306,21406.6896328,13712.8868235,83608.5113278,1345.6191615,59835.6228715,21580.0804651,20754.9261114,25235.0363764,15960.0383573
-0.2834311,-0.2834311,-0.2982306,21562.5167278,13036.1166040,85922.3758964,1302.0543828,60717.3744707,21177.5780464,21343.4886378,25418.7314025,16076.2172928
-0.2784311,-0.2784311,-0.2932306,21047.3418314,12710.5848710,85595.3709585,1274.0136634,59714.2257536,20661.9708743,21432.7127885,24811.4232444,15692.1218885
-0.2734311,-0.2734311,-0.2882306,20898.1465441,12622.6201368,84861.7543847,1270.8813465,59202.7205521,20512.0570322,21284.2360560,24635.5460505,15580.8873843
-0.2684311,-0.2684311,-0.2832306,20993.0967923,12692.7767526,85084.9824156,1284.0908777,59365.7112824,20606.1198403,21380.0737443,24747.4770875,15651.6787879
-0.2634311,-0.2634311,-0.2782306,21243.6504252,12863.3066768,85925.2047233,1307.3831108,59963.3710968,20855.7254318,21631.5754185,25042.8394320,15838.4823366
-0.2584311,-0.2584311,-0.2732306,21582.8222024,13090.5155842,87125.8607032,1336.0002515,60814.6450039,21193.9866482,21971.6577567,25442.6682839,16091.3563058
-0.2534311,-0.2534311,-0.2682306,21958.2343394,13340.2350605,88486.6603091,1366.2085022,61778.1864230,21568.6124843,22347.8561945,25885.2186779,16371.2497507
-0.2484311,-0.2484311,-0.2632306,22328.2318016,13585.2899058,89848.4937702,1395.0307896,62741.7089858,21938.0223267,22718.4412765,26321.3860433,16647.1062139
-0.2434311,-0.2434311,-0.2582306,22659.9287871,13804.2225251,91085.8608078,1420.1116994,63616.6429441,22269.3914708,23050.4661035,26712.4033205,16894.4072540
-0.2384311,-0.2384311,-0.2532306,22928.4102018,13980.7693767,92103.7957074,1439.6615006,64335.9633356,22537.8517641,23318.9686395,27028.8996299,17094.5770957
-0.2334311,-0.2334311,-0.2482306,23116.5419648,14103.7343179,92837.1579081,1452.4420124,64853.6873248,22726.3012497,23506.7826799,27250.6766522,17234.8412003
-0.2284311,-0.2284311,-0.2432306,23215.0066406,14167.0095402,93250.7911900,1457.7682040,65144.9849546,22825.4393353,23461.2290917,27366.7506327,17308.2528314
-0.2234311,-0.2234311,-0.2382306,23222.3105064,14169.5790085,93048.0077486,1455.5082130,65206.2047534,22833.7736170,23134.7828998,27375.3607131,17313.6983244
-0.2184311,-0.2184311,-0.2332306,23144.6231774,14115.4139341,91371.3102682,1446.0701471,65054.4336449,22757.4594943,22712.5440983,27283.7798753,17255.7775169
-0.2134311,-0.2134311,-0.2282306,22716.0011669,14013.2405764,89397.1281101,1428.0202925,63700.5839753,22609.9429093,22206.0753210,26778.5036175,16936.2127525
-0.2084311,-0.2084311,-0.2232306,22143.9603871,13876.2299581,87201.3148300,1389.0491046,62148.5090840,22411.4836169,21635.2519806,26104.1597496,16509.7202427
-0.2034311,-0.2034311,-0.2182306,21535.8370571,13721.7284188,84891.4455108,1345.1665652,60515.0924967,22043.5717077,21028.1024065,25387.2803714,16056.3259142
-0.1984311,-0.1984311,-0.2132306,20927.9212625,13571.2203281,82607.6781385,1300.1085605,58899.1783151,21434.8619237,20420.9806013,24670.6456439,15603.0863164
-0.1934311,-0.1934311,-0.2082306,20365.7646117,13450.7967146,80526.7053960,1256.9992238,57425.3463849,20872.0144697,19859.5147536,24007.9535707,15183.9630486
-0.1884311,-0.1884311,-0.2032306,19906.5257136,13392.5101436,78871.2585674,1219.7107396,56250.6015092,20412.0997627,19400.9516644,23466.5849380,14841.5714619
-0.1834311,-0.1834311,-0.1982306,19623.5977800,13437.1525428,77928.6841282,1193.1527497,55577.4545685,20128.4123121,19118.7832479,23133.0585115,14630.6308285
-0.1784311,-0.1784311,-0.1932306,19614.8390965,13567.3596131,78083.8436181,1183.7931994,55677.0946025,20118.7022948,19110.9758983,23122.7334356,14624.1006771
-0.1734311,-0.1734311,-0.1882306,20016.4662105,13725.3041920,79874.5283425,1200.5438076,56928.4227276,20519.0697965,19513.8626245,23596.1870617,14923.5390421
-0.1684311,-0.1684311,-0.1832306,21025.9480444,13614.9471940,84082.6656813,1256.2249931,59882.3012482,21526.8598754,20525.0362133,24786.2034181,15676.1714699
-0.1634311,-0.1634311,-0.1782306,22231.6103399,13572.6408040,87327.7588732,1285.3613075,62567.3359197,22548.5560807,21480.9149022,26207.4849150,16575.0688152
-0.1584311,-0.1584311,-0.1732306,17672.1359375,10259.5210141,73913.3917405,959.7568609,51865.1375905,17230.4997869,17654.2351031,20832.5995696,13175.6928444
-0.1534311,-0.1534311,-0.1682306,13496.4531872,7609.3233477,57042.0657027,737.1598306,39487.5609253,13041.3803044,13681.3002746,15910.1427158,10062.4577760
-0.1484311,-0.1484311,-0.1632306,10620.9666745,5776.7060098,45018.1642125,583.3037765,30978.2615880,10153.4885615,10917.9199017,12520.4076380,7918.6010740
-0.1434311,-0.1434311,-0.1582306,8633.1082676,4503.1406970,36674.0026551,476.6389094,25104.2875951,8154.1179012,8992.4910121,10177.0430137,6436.5271538
-0.1384311,-0.1384311,-0.1532306,7270.7477240,3624.3669282,30965.7550757,403.5249945,21081.6521564,6781.0156362,7678.8770808,8571.0395416,5420.8013734
-0.1334311,-0.1334311,-0.1482306,6366.4246906,3035.4552094,27178.7043462,355.2961027,18408.9006273,5866.6141318,6826.4595702,7504.9884597,4746.5714692
-0.1284311,-0.1284311,-0.1432306,5813.3007799,2669.4816713,24855.9233082,326.4722405,16765.4539324,5303.9821384,6322.6194214,6852.9445311,4334.1826794
-0.1234311,-0.1234311,-0.1382306,5544.1075269,2484.3459210,23708.6269829,313.6564871,15948.7195243,5025.7721362,6062.4429176,6535.6090790,4133.4821172
-0.1184311,-0.1184311,-0.1332306,5517.9578913,2454.5150770,23559.9765957,314.8460853,15834.6703895,4991.0313179,6044.8844648,6504.7828739,4113.9859133
-0.1134311,-0.1134311,-0.1282306,5711.9516851,2565.7697320,24309.2955245,328.9950073,16352.7432405,5176.8065594,6247.0968107,6733.4702855,4258.6205318
-0.1084311,-0.1084311,-0.1232306,6115.7066910,2811.7804887,25908.7640327,355.7290076,17469.4898095,5572.6751183,6658.7382638,7209.4323533,4559.6453746
-0.1034311,-0.1034311,-0.1182306,6727.6561903,3191.7879570,28347.6738903,395.1515964,19177.5298470,6177.0417536,7278.2706269,7930.8221683,5015.8923539
-0.0984311,-0.0984311,-0.1132306,7552.3776113,3708.9247519,31641.1271393,447.7017261,21487.6194476,6994.4669595,8110.2882630,8903.0357807,5630.7742314
-0.0934311,-0.0934311,-0.1082306,8598.4750364,4368.8796951,35821.1605570,514.0375829,24422.4181415,8033.5490265,9163.4010463,10136.2160169,6410.7058938
-0.0884311,-0.0884311,-0.1032306,9876.7001373,5178.7058646,40928.9648423,594.9294301,28011.0205240,9305.0444834,10448.3557911,11643.0373644,7363.7033908
-0.0834311,-0.0834311,-0.0982306,11398.1037824,6145.6417510,47007.3231428,691.1502196,32283.6379205,10820.0191432,11976.1884216,13436.5270158,8498.0058424
-0.0784311,-0.0784311,-0.0932306,13172.0900550,7275.8648920,54092.7269869,803.3570610,37266.0497145,12587.9014724,13756.2786377,15527.7708694,9820.6245865
-0.0734311,-0.0734311,-0.0882306,15204.3119834,8573.1401877,62206.9074574,931.9605133,42973.6405635,14614.3775691,15794.2463978,17923.4329343,11335.7743123
-0.0684311,-0.0684311,-0.0832306,17494.4136283,10037.3667717,71347.7864744,1076.9825607,49405.0275330,16899.1323790,18089.6948776,20623.0936154,13043.1896447
-0.0634311,-0.0634311,-0.0782306,20033.6908534,11663.0706485,81480.1268855,1237.9082883,56535.4738802,19433.5094630,20633.8722438,23616.4921392,14936.3811006
-0.0584311,-0.0584311,-0.0732306,20825.3896457,13367.6667540,84141.4742127,1242.5124425,59366.4414007,20933.1243709,20717.6549204,24549.7773955,15526.6425240
-0.0534311,-0.0534311,-0.0682306,19781.8904340,12250.1437325,80045.5332002,1138.7266742,56475.4687674,19616.9982334,19679.4344550,23319.6600342,14748.6479938
-0.0484311,-0.0484311,-0.0632306,18654.0169411,11522.5828933,76807.7782196,1070.2931517,53777.8984958,18486.1719448,18821.8619373,21990.0789962,13907.7471110
-0.0434311,-0.0434311,-0.0582306,17937.3826776,11061.5669133,73851.9577216,1029.5748338,51695.9930521,17766.2841400,18108.4812152,21145.2827191,13373.4510321
-0.0384311,-0.0384311,-0.0532306,17499.7931094,10781.2350100,71991.3029501,1007.4916947,50386.0498943,17325.2758189,17674.3104000,20629.4351565,13047.2003875
-0.0334311,-0.0334311,-0.0482306,17245.7047318,10619.6317630,70854.1636829,997.5150427,49586.0400278,17067.7306972,17423.6787664,20329.9059176,12857.7614633
-0.0284311,-0.0284311,-0.0432306,17103.3167188,10530.2897937,70160.5556172,994.7740575,49098.6225742,16921.9660798,17284.6673578,20162.0534029,12751.6022118
-0.0234311,-0.0234311,-0.0382306,17016.7459432,10477.1226238,69691.8766031,995.5115502,48769.7723006,16832.2071016,17201.2847848,20060.0004134,12687.0582341
-0.0184311,-0.0184311,-0.0332306,16941.4404215,10431.4257710,69273.2262253,996.7617351,48476.2982720,16753.9994346,17128.8814084,19971.2273424,12630.9132142
-0.0134311,-0.0134311,-0.0282306,16841.6406626,10370.2109969,68763.6974668,996.1682842,48118.9864461,16651.6699761,17031.6113490,19853.5795141,12556.5061943
-0.0084311,-0.0084311,-0.0232306,16689.0934214,10121.4035044,68051.5391469,991.8883841,47619.1786694,16497.0400553,16881.1467874,19673.7509069,12442.7725969
-0.0034311,-0.0034311,-0.0182306,16462.4699151,9838.3922412,67052.0474891,982.5456823,46917.2776903,16268.8432437,16656.0965864,19406.5983240,12273.8104680
0.0015689,0.0015689,-0.0132306,16147.1057241,9515.3340611,65706.6870555,967.2063739,45972.1206593,15952.4650149,16341.7464333,19034.8347788,12038.6865572
0.0065689,0.0065689,-0.0082306,15734.7994409,9145.8441891,63982.4090053,945.3608364,44760.4934712,15539.7413336,15929.8575482,18548.7921335,11731.2861974
0.0115689,0.0115689,-0.0032306,15223.5014968,8727.3113661,61870.5047821,916.8995439,43276.3192864,15028.6476124,15418.3553812,17946.0542773,11350.0813058
0.0165689,0.0165689,0.0017694,14616.8026813,8260.6905427,59384.6409623,882.0771646,41529.2714126,14422.7875541,14810.8178084,17230.8541720,10897.7490427
0.0215689,0.0215689,0.0067694,13923.1965331,7750.1141352,56557.9765879,841.4629781,39542.7408448,13730.6560530,14115.7370132,16413.2043308,10380.6218774
0.0265689,0.0265689,0.0117694,13155.1406732,7202.3411589,53439.4658509,795.8790544,37351.2307836,12898.1946180,13345.5801324,15507.7902804,9807.9877525
0.0315689,0.0315689,0.0167694,12327.9779489,6626.0893132,50089.5908977,744.8778468,34997.3504278,11988.6143514,12515.7095556,14532.6987649,9191.2857293
0.0365689,0.0365689,0.0217694,11246.3091920,6031.3091408,45325.6808159,653.1471446,32356.9751325,11049.8878400,10906.8375311,13257.5856626,8384.8333937
0.0415689,0.0415689,0.0267694,9836.5362616,5428.4624393,39471.9416819,575.2220160,28239.5590133,10098.2080666,9500.3722168,11595.6906293,7333.7586863
0.0465689,0.0465689,0.0317694,8645.8143896,4827.8609849,34555.0255634,508.3694112,24780.6386781,8979.7777562,8311.8510229,10192.0214833,6446.0003697
0.0515689,0.0515689,0.0367694,7614.7061155,4239.1090157,30318.0888558,449.6635872,21800.0396131,7947.4598021,7281.9524288,8976.5110400,5677.2440656
0.0565689,0.0565689,0.0417694,6706.0907786,3670.6768449,26599.7344995,397.3255501,19184.5325810,7038.5143852,6373.6671720,7905.4000242,4999.8139782
0.0615689,0.0615689,0.0467694,5896.7063373,3129.6163424,23298.1097470,350.2757460,16862.6431916,6167.1920262,5563.8399681,6951.2662385,4396.3667872
0.0665689,0.0665689,0.0517694,5171.7361259,2621.4141975,20347.9084775,307.8489010,14788.5167986,5383.2799916,4837.7560761,6096.6432225,3855.8557329
0.0715689,0.0715689,0.0567694,4521.3642940,2149.9674031,17705.7080186,269.6139604,12931.6322347,4678.9325315,4185.6964885,5329.9596709,3370.9624794
0.0765689,0.0765689,0.0617694,3938.6156458,1733.2990939,15340.7387494,235.2626522,11270.3282619,4047.7846916,3600.7774974,4642.9929522,2936.4865778
0.0815689,0.0815689,0.0667694,3418.0359949,1341.1417825,13229.2075798,204.5428356,9787.8241651,3484.6091195,3077.6307781,4029.3134598,2548.3615879
0.0865689,0.0865689,0.0717694,2954.9200075,988.9781570,11350.9375782,177.2208501,8469.8657624,2984.6428924,2611.6309839,3483.3743637,2203.0793864
0.0915689,0.0915689,0.0767694,2544.8906221,675.6937020,9687.4979976,153.0625176,7303.4171793,2519.8029818,2198.4749608,3000.0158140,1897.3765977
0.0965689,0.0965689,0.0817694,2183.6982953,399.4380255,8221.2703820,131.8261674,6276.0092264,2073.1562497,1849.5732621,2574.2282839,1643.7260182
0.1015689,0.1015689,0.0867694,1867.1517047,157.8335068,6935.0793444,113.2631346,5375.4836138,1696.2478138,1529.6597674,2201.0708801,1407.7205538
0.1065689,0.1065689,0.0917694,1606.7624785,-51.8376217,5812.1419722,97.1216505,4589.9602569,1353.6495326,1250.1550993,1875.6756215,1201.9225225
0.1115689,0.1115689,0.0967694,1367.2195229,-232.4734552,4836.1765033,83.1502826,3907.9158042,1056.5679953,1007.1278064,1608.9341899,1023.3281286
0.1165689,0.1165689,0.1017694,1160.2859536,-387.0220415,3991.5708382,71.0988973,3318.3036097,800.4818125,796.7425321,1364.9928688,869.0460906
0.1215689,0.1215689,0.1067694,982.2829827,-518.3799939,3263.5524437,60.7152327,2810.6741657,580.9397703,615.3571802,1155.1560598,736.3336397
0.1265689,0.1265689,0.1117694,829.7701766,-629.3178338,2638.3286595,51.7415267,2375.2743012,393.6767098,459.5622668,975.3680460,622.6257122
0.1315689,0.1315689,0.1167694,699.5726606,-722.4287404,2103.1842017,43.9411316,2003.1159406,234.6933385,304.2058385,821.8861636,525.5551982
0.1365689,0.1365689,0.1217694,588.7961369,-800.0969007,1662.1746988,37.1462179,1701.6540039,100.3058350,122.1951827,691.2985215,442.9639400
0.1415689,0.1415689,0.1267694,494.8308572,-864.4816010,1273.5736131,31.2543979,1432.2296900,-12.8288151,-25.7924786,580.5288057,372.9050500
0.1465689,0.1465689,0.1317694,415.3461729,-917.5134371,916.7955632,26.1809909,1203.9005987,-107.7061718,-146.3783136,486.8302965,313.6378073
0.1515689,0.1515689,0.1367694,348.2774510,-960.8994288,506.7000636,21.8319191,1010.8413636,-186.9814383,-244.7843861,407.7712413,263.6176111
0.1565689,0.1565689,0.1417694,291.8079137,-996.1343242,170.9110128,18.1086931,847.9367749,-252.9861068,-325.1652892,341.2137594,221.4841904
0.1615689,0.1615689,0.1467694,244.3489060,-1025.8357135,-104.3630618,14.9223070,710.7256194,-307.7507374,-390.8503630,285.2893178,186.0491310
0.1665689,0.1665689,0.1517694,204.5206856,-1069.6646600,-330.2166918,12.1994313,595.3401741,-353.0311890,-444.5237280,238.3743089,156.2799537
0.1715689,0.1715689,0.1567694,171.1316251,-1105.9063088,-515.6191151,9.8789276,498.4440724,-390.3362736,-488.5325166,199.0666941,131.2795120
0.1765689,0.1765689,0.1617694,143.1532182,-1149.1588647,-667.8504030,7.9056893,417.1707778,-420.9553710,-530.1704523,166.1605005,110.2689024
0.1815689,0.1815689,0.1667694,119.6971060,-1191.0510188,-792.8385801,6.2279817,349.0655801,-445.9910344,-568.9676956,138.6174115,92.5837478
0.1865689,0.1865689,0.1717694,100.0055265,-1223.2514673,-895.4407257,4.7988415,292.0339049,-467.8456182,-600.5354166,115.5450010,77.6752571
0.1915689,0.1915689,0.1767694,83.4505526,-1247.7964872,-991.8557349,3.5786983,244.2954181,-493.7745750,-626.0085553,96.1900720,65.0967989
0.1965689,0.1965689,0.1817694,69.5217261,-1266.3018317,-1080.3919430,2.5363990,204.3403124,-517.1558687,-646.4957905,79.9347762,54.4766382
0.2015689,0.2015689,0.1867694,57.7975053,-1280.0448086,-1152.3844041,1.6476190,170.8880345,-544.0674949,-675.1090274,66.2765476,45.4949678
0.2065689,0.2065689,0.1917694,47.9176627,-1290.0345960,-1210.8085626,0.8919303,142.8553973,-566.9904222,-709.5750689,54.7961199,37.8763762
0.2115689,0.2115689,0.1967694,39.5708609,-1297.0682017,-1258.1169334,0.2508535,119.3366901,-584.9255610,-736.4734483,45.1327014,31.3935729
0.2165689,0.2165689,0.2017694,32.4964909,-1301.7748932,-1331.0622276,-0.2921069,99.5852464,-598.8606299,-757.4070534,36.9761204,25.8689663
0.2215689,0.2215689,0.2067694,26.4882212,-1304.6514074,-1401.2231213,-0.7501462,82.9856954,-609.6071074,-773.6397187,30.0706779,21.1652516
0.2265689,0.2265689,0.2117694,21.3872141,-1306.0898135,-1456.5183882,-1.1320667,69.0214147,-617.8108421,-786.1588786,24.2164871,17.1699528
0.2315689,0.2315689,0.2167694,17.0663723,-1306.3995394,-1500.0274055,-1.4430494,57.2501004,-623.9857461,-795.7854720,19.2590282,13.7840631
0.2365689,0.2365689,0.2217694,13.4163233,-1305.8247684,-1534.1666399,-1.6871162,47.2946634,-628.5410367,-804.0494068,15.0723333,10.9181726
0.2415689,0.2415689,0.2267694,10.3390724,-1304.5581741,-1560.8375512,-1.8693263,38.8453727,-631.8028305,-815.2255382,11.5465618,8.4930077
0.2465689,0.2465689,0.2317694,7.7473714,-1302.7517593,-1581.5433685,-1.9964658,31.6599069,-634.0312428,-826.7584377,8.5833956,6.4404475
0.2515689,0.2515689,0.2367694,5.5656138,-1300.5254094,-1598.0621028,-2.0765253,25.5513122,-635.4339304,-835.3404400,6.0960128,4.7031257
0.2565689,0.2565689,0.2417694,3.7297489,-1297.9736413,-1621.2370076,-2.1177924,20.3688163,-636.1768160,-841.2824027,4.0097103,3.2329654
0.2615689,0.2615689,0.2467694,2.1860434,-1295.1709311,-1644.7942935,-2.1280969,15.9829012,-636.3925860,-845.1955711,2.2613905,1.9898502
0.2665689,0.2665689,0.2517694,0.8897118,-1292.1759185,-1662.0819769,-2.1143721,12.2786639,-636.1874308,-847.5746141,0.7982188,0.9409831
0.2715689,0.2715689,0.2567694,-0.1959143,-1289.0347275,-1674.3738340,-2.0824869,9.1543757,-635.6463972,-848.7948939,-0.4235827,0.0604047
0.2765689,0.2765689,0.2617694,-1.1000122,-1285.7835903,-1682.8355967,-2.0372547,6.5214185,-634.8376453,-849.1388896,-1.4394802,-0.6722156
0.2815689,0.2815689,0.2667694,-1.8455112,-1282.4509196,-1688.3562155,-1.9825341,4.3038645,-633.8158358,-848.8193277,-2.2774949,-1.2735684
0.2865689,0.2865689,0.2717694,-2.4511033,-1279.0589487,-1691.6114510,-1.9213659,2.4376476,-632.6248282,-847.9968153,-2.9598433,-1.7586142
0.2915689,0.2915689,0.2767694,-2.9332547,-1275.6250272,-1693.1167879,-1.8561131,0.8696918,-631.2998312,-846.7929597,-3.5051000,-2.1416742
0.2965689,0.2965689,0.2817694,-3.3074538,-1272.1626475,-1693.2669596,-1.7885906,-0.4430509,-629.8691176,-845.3000951,-3.9300147,-2.4366598
0.3015689,0.3015689,0.2867694,-3.5885787,-1268.6822570,-1692.3653539,-1.7201759,-1.5350995,-628.3553936,-843.5885062,-4.2504447,-2.6568190
0.3065689,0.3065689,0.2917694,-3.7907279,-1265.1919011,-1690.6459692,-1.6519014,-2.4345965,-626.7768941,-841.7118129,-4.4815060,-2.8143779
0.3115689,0.3115689,0.2967694,-3.9268969,-1261.6977327,-1688.2898790,-1.5845297,-3.1655561,-625.1482584,-839.7109968,-4.6373345,-2.9202772
0.3165689,0.3165689,0.3017694,-4.0087231,-1258.2044161,-1685.4376335,-1.5186134,-3.7495097,-623.4812326,-837.6174261,-4.7307902,-2.9840588
0.3215689,0.3215689,0.3067694,-4.0463706,-1254.7154463,-1682.1986405,-1.4545427,-4.2063115,-621.7852328,-835.4551348,-4.7732630,-3.0138769
0.3265689,0.3265689,0.3117694,-4.0485399,-1251.2334025,-1678.6582904,-1.3925828,-4.5543167,-620.0677982,-833.2425467,-4.7746156,-3.0165935
0.3315689,0.3315689,0.3167694,-4.0225633,-1247.7601491,-1674.8833882,-1.3329031,-4.8102748,-618.3349544,-830.9937847,-4.7432351,-2.9979157
0.3365689,0.3365689,0.3217694,-3.9745463,-1244.2969937,-1670.9263125,-1.2756002,-4.9891880,-616.5915072,-828.7196670,-4.6861544,-2.9625480
0.3415689,0.3415689,0.3267694,-3.9095257,-1240.8448135,-1666.8282094,-1.2207156,-5.1042464,-614.8412778,-826.4284686,-4.6092066,-2.9143417
0.3465689,0.3465689,0.3317694,-3.8316262,-1237.4041541,-1662.6214547,-1.1682499,-5.1668632,-613.0872943,-824.1265041,-4.5171880,-2.8564322
0.3515689,0.3515689,0.3367694,-3.7442047,-1233.9753084,-1658.3315583,-1.1181731,-5.1867857,-611.3319447,-821.8185759,-4.4140144,-2.7913602
0.3565689,0.3565689,0.3417694,-3.6499789,-1230.5583775,-1653.9786422,-1.0704332,-5.1722534,-609.5771016,-819.5083183,-4.3028635,-2.7211756
0.3615689,0.3615689,0.3467694,-3.5511381,-1227.1533203,-1649.5785897,-1.0249626,-5.1301755,-607.8242222,-817.1984640,-4.1862996,-2.6475254
0.3665689,0.3665689,0.3517694,-3.4494366,-1223.7599908,-1645.1439436,-0.9816829,-5.0663092,-606.0744299,-814.8910492,-4.0663807,-2.5717268
0.3715689,0.3715689,0.3567694,-3.3462729,-1220.3781683,-1640.6846083,-0.9405090,-4.9854275,-604.3285802,-812.5875729,-3.9447489,-2.4948283
0.3765689,0.3765689,0.3617694,-3.2427544,-1217.0075802,-1636.2084010,-0.9013519,-4.8914713,-602.5873132,-810.2891204,-3.8227057,-2.4176592
0.3815689,0.3815689,0.3667694,-3.1397517,-1213.6479203,-1631.7214855,-0.8641204,-4.7876818,-600.8510974,-807.9964589,-3.7012748,-2.3408708
0.3865689,0.3865689,0.3717694,-3.0379426,-1210.2988626,-1627.2287136,-0.8287237,-4.6767162,-599.1202642,-805.7101120,-3.5812536,-2.2649699
0.3915689,0.3915689,0.3767694,-2.9378483,-1206.9600714,-1622.7338961,-0.7950717,-4.5607451,-597.3950364,-803.4304173,-3.4632555,-2.1903459
0.3965689,0.3965689,0.3817694,-2.8398633,-1203.6312098,-1618.2400157,-0.7630765,-4.4415353,-595.6755507,-801.1575718,-3.3477451,-2.1172936
0.4015689,0.4015689,0.3867694,-2.7442796,-1200.3119452,-1613.7493974,-0.7326527,-4.3205189,-593.9618766,-798.8916665,-3.2350662,-2.0460311
0.4065689,0.4065689,0.3917694,-2.6513066,-1197.0019536,-1609.2638431,-0.7037181,-4.1988509,-592.2540307,-796.6327134,-3.1254652,-1.9767146
0.4115689,0.4115689,0.3967694,-2.5610872,-1193.7009231,-1604.7847387,-0.6761936,-4.0774579,-590.5519896,-794.3806668,-3.0191105,-1.9094508
0.4165689,0.4165689,0.4017694,-2.4737109,-1190.4085555,-1600.3131401,-0.6500038,-3.9570774,-588.8556989,-792.1354395,-2.9161075,-1.8443065
0.4215689,0.4215689,0.4067694,-2.3892247,-1187.1245679,-1595.8498407,-0.6250767,-3.8382911,-587.1650811,-789.8969152,-2.8165117,-1.7813170
0.4265689,0.4265689,0.4117694,-2.3076421,-1183.8486933,-1591.3954268,-0.6013440,-3.7215527,-585.4800423,-787.6649581,-2.7203388,-1.7204922
0.4315689,0.4315689,0.4167694,-2.2289498,-1180.5806811,-1586.9503203,-0.5787410,-3.6072104,-583.8004765,-785.4394205,-2.6275732,-1.6618223
0.4365689,0.4365689,0.4217694,-2.1531139,-1177.3202969,-1582.5148141,-0.5572062,-3.4955257,-582.1262703,-783.2201483,-2.5381747,-1.6052819
0.4415689,0.4415689,0.4267694,-2.0800845,-1174.0673224,-1578.0890997,-0.5366817,-3.3866894,-580.4573054,-781.0069850,-2.4520847,-1.5508339
0.4465689,0.4465689,0.4317694,-2.0097994,-1170.8215549,-1573.6732898,-0.5171126,-3.2808341,-578.7934616,-778.7997751,-2.3692299,-1.4984320
0.4515689,0.4515689,0.4367694,-1.9421877,-1167.5828067,-1569.2674357,-0.4984473,-3.1780451,-577.1346183,-776.5983664,-2.2895266,-1.4480233
0.4565689,0.4565689,0.4417694,-1.8771719,-1164.3509044,-1564.8715417,-0.4806371,-3.0783695,-575.4806564,-774.4026112,-2.2128834,-1.3995499
0.4615689,0.4615689,0.4467694,-1.8146700,-1161.1256885,-1560.4855769,-0.4636359,-2.9818232,-573.8314589,-772.2123681,-2.1392036,-1.3529508
0.4665689,0.4665689,0.4517694,-1.7545972,-1157.9070121,-1556.1094835,-0.4474007,-2.8883975,-572.1869124,-770.0275020,-2.0683875,-1.3081628
0.4715689,0.4715689,0.4567694,-1.6968675,-1154.6947410,-1551.7431846,-0.4318904,-2.7980634,-570.5469071,-767.8478854,-2.0003334,-1.2651216
0.4765689,0.4765689,0.4617694,-1.6413941,-1151.4887520,-1547.3865900,-0.4170669,-2.7107765,-568.9113378,-765.6733977,-1.9349392,-1.2237627
0.4815689,0.4815689,0.4667694,-1.5880909,-1148.2889329,-1543.0396000,-0.4028940,-2.6264801,-567.2801038,-763.5039260,-1.8721033,-1.1840218
0.4865689,0.4865689,0.4717694,-1.5368726,-1145.0951816,-1538.7021099,-0.3893376,-2.5451081,-565.6531090,-761.3393647,-1.8117252,-1.1458354
0.4915689,0.4915689,0.4767694,-1.4876558,-1141.9074053,-1534.3740120,-0.3763656,-2.4665873,-564.0302624,-759.1796154,-1.7537065,-1.1091412
0.4965689,0.4965689,0.4817694,-1.4403586,-1138.7255200,-1530.0551982,-0.3639480,-2.3908394,-562.4114776,-757.0245864,-1.6979507,-1.0738782
0.5015689,0.5015689,0.4867694,-1.3949017,-1135.5494498,-1525.7455617,-0.3520563,-2.3177827,-560.7966734,-754.8741932,-1.6443643,-1.0399872
0.5065689,0.5065689,0.4917694,-1.3512079,-1132.3791263,-1521.4449977,-0.3406637,-2.2473329,-559.1857730,-752.7283571,-1.5928564,-1.0074107
0.5115689,0.5115689,0.4967694,-1.3092028,-1129.2144884,-1517.1534052,-0.3297450,-2.1794049,-557.5787043,-750.5870059,-1.5433392,-0.9760933
0.5165689,0.5165689,0.5017694,-1.2688145,-1126.0554811,-1512.8706870,-0.3192765,-2.1139131,-555.9753996,-748.4500729,-1.4957279,-0.9459813
0.5215689,0.5215689,0.5067694,-1.2299739,-1122.9020558,-1508.5967503,-0.3092356,-2.0507722,-554.3757956,-746.3174970,-1.4499410,-0.9170231
0.5265689,0.5265689,0.5117694,-1.1926143,-1119.7541694,-1504.3315073,-0.2996013,-1.9898978,-552.7798330,-744.1892221,-1.4059001,-0.8891692
0.5315689,0.5315689,0.5167694,-1.1566722,-1116.6117837,-1500.0748752,-0.2903537,-1.9312068,-551.1874566,-742.0651968,-1.3635301,-0.8623720
0.5365689,0.5365689,0.5217694,-1.1220862,-1113.4748657,-1495.8267761,-0.2814739,-1.8746180,-549.5986147,-739.9453743,-1.3227588,-0.8365860
0.5415689,0.5415689,0.5267694,-1.0887979,-1110.3433866,-1491.5871375,-0.2729442,-1.8200517,-548.0132595,-737.8297121,-1.2835173,-0.8117675
0.5465689,0.5465689,0.5317694,-1.0567512,-1107.2173217,-1487.3558916,-0.2647478,-1.7674308,-546.4313463,-735.7181714,-1.2457394,-0.7878747
0.5515689,0.5515689,0.5367694,-1.0258927,-1104.0966500,-1483.1329759,-0.2568688,-1.7166801,-544.8528337,-733.6107171,-1.2093622,-0.7648677
0.5565689,0.5565689,0.5417694,-0.9961711,-1100.9813542,-1478.9183326,-0.2492924,-1.6677269,-543.2776836,-731.5073178,-1.1743252,-0.7427084
0.5615689,0.5615689,0.5467694,-0.9675377,-1097.8714200,-1474.7119084,-0.2420043,-1.6205008,-541.7058603,-729.4079448,-1.1405710,-0.7213603
0.5665689,0.5665689,0.5517694,-0.9399457,-1094.7668363,-1470.5136548,-0.2349912,-1.5749339,-540.1373313,-727.3125728,-1.1080445,-0.7007888
0.5715689,0.5715689,0.5567694,-0.9133507,-1091.6675945,-1466.3235274,-0.2282404,-1.5309609,-538.5720662,-725.2211790,-1.0766934,-0.6809606
0.5765689,0.5765689,0.5617694,-0.8877103,-1088.5736886,-1462.1414860,-0.2217400,-1.4885187,-537.0100375,-723.1337433,-1.0464675,-0.6618440
0.5815689,0.5815689,0.5667694,-0.8629840,-1085.4851151,-1457.9674944,-0.2154785,-1.4475467,-535.4512194,-721.0502478,-1.0173191,-0.6434090
0.5865689,0.5865689,0.5717694,-0.8391331,-1082.4018723,-1453.8015200,-0.2094453,-1.4079867,-533.8955888,-718.9706771,-0.9892028,-0.6256267
0.5915689,0.5915689,0.5767694,-0.8161209,-1079.3239609,-1449.6435340,-0.2036303,-1.3697827,-532.3431243,-716.8950176,-0.9620751,-0.6084696
0.5965689,0.5965689,0.5817694,-0.7939123,-1076.2513829,-1445.4935106,-0.1980236,-1.3328811,-530.7938063,-714.8232578,-0.9358947,-0.5919117
0.6015689,0.6015689,0.5867694,-0.7724737,-1073.1841424,-1441.3514274,-0.1926163,-1.2972303,-529.2476172,-712.7553877,-0.9106221,-0.5759279
0.6065689,0.6065689,0.5917694,-0.7517733,-1070.1222448,-1437.2172650,-0.1873996,-1.2627810,-527.7045409,-710.6913994,-0.8862196,-0.5604944
0.6115689,0.6115689,0.5967694,-0.7317807,-1067.0656970,-1433.0910068,-0.1823653,-1.2294859,-526.1645630,-708.6312861,-0.8626515,-0.5455886
0.6165689,0.6165689,0.6017694,-0.7124667,-1064.0145071,-1428.9726387,-0.1775056,-1.1972997,-524.6276704,-706.5750426,-0.8398835,-0.5311888
0.6215689,0.6215689,0.6067694,-0.6938038,-1060.9686845,-1424.8621494,-0.1728130,-1.1661789,-523.0938514,-704.5226651,-0.8178829,-0.5172745
0.6265689,0.6265689,0.6117694,-0.6757655,-1057.9282395,-1420.7595297,-0.1682805,-1.1360819,-521.5630957,-702.4741508,-0.7966187,-0.5038258
0.6315689,0.6315689,0.6167694,-0.6583267,-1054.8931835,-1416.6647726,-0.1639015,-1.1069690,-520.0353940,-700.4294982,-0.7760611,-0.4908241
0.6365689,0.6365689,0.6217694,-0.6414633,-1051.8635287,-1412.5778732,-0.1596695,-1.0788019,-518.5107383,-698.3887069,-0.7561819,-0.4782513
0.6415689,0.6415689,0.6267694,-0.6251524,-1048.8392883,-1408.4988286,-0.1555784,-1.0515443,-516.9891217,-696.3517771,-0.7369540,-0.4660905
0.6465689,0.6465689,0.6317694,-0.6093722,-1045.8204759,-1404.4276376,-0.1516226,-1.0251610,-515.4705379,-694.3187104,-0.7183516,-0.4543254
0.6515689,0.6515689,0.6367694,-0.5941016,-1042.8071062,-1400.3643007,-0.1477965,-0.9996188,-513.9549820,-692.2895089,-0.7003501,-0.4429402
0.6565689,0.6565689,0.6417694,-0.5793209,-1039.7991941,-1396.3088201,-0.1440949,-0.9748856,-512.4424496,-690.2641755,-0.6829260,-0.4319202
0.6615689,0.6615689,0.6467694,-0.5650109,-1036.7967553,-1392.2611991,-0.1405128,-0.9509307,-510.9329372,-688.2427139,-0.6660568,-0.4212512
0.6665689,0.6665689,0.6517694,-0.5511534,-1033.7998058,-1388.2214427,-0.1370455,-0.9277247,-509.4264422,-686.2251283,-0.6497211,-0.4109196
0.6715689,0.6715689,0.6567694,-0.5377311,-1030.8083622,-1384.1895570,-0.1336885,-0.9052396,-507.9229624,-684.2114237,-0.6338984,-0.4009125
0.6765689,0.6765689,0.6617694,-0.5247274,-1027.8224413,-1380.1655494,-0.1304374,-0.8834484,-506.4224965,-682.2016055,-0.6185691,-0.3912174
0.6815689,0.6815689,0.6667694,-0.5121264,-1024.8420604,-1376.1494282,-0.1272882,-0.8623254,-504.9250437,-680.1956796,-0.6037146,-0.3818225
0.6865689,0.6865689,0.6717694,-0.4999130,-1021.8672370,-1372.1412028,-0.1242369,-0.8418460,-503.4306037,-678.1936524,-0.5893168,-0.3727166
0.6915689,0.6915689,0.6767694,-0.4880725,-1018.8979889,-1368.1408834,-0.1212797,-0.8219863,-501.9391769,-676.1955307,-0.5753588,-0.3638888
0.6965689,0.6965689,0.6817694,-0.4765912,-1015.9343340,-1364.1484814,-0.1184132,-0.8027239,-500.4507639,-674.2013217,-0.5618242,-0.3553288
0.7015689,0.7015689,0.6867694,-0.4654557,-1012.9762905,-1360.1640084,-0.1156339,-0.7840370,-498.9653660,-672.2110329,-0.5486973,-0.3470266
0.7065689,0.7065689,0.6917694,-0.4546534,-1010.0238767,-1356.1874773,-0.1129385,-0.7659048,-497.4829848,-670.2246722,-0.5359631,-0.3389728
0.7115689,0.7115689,0.6967694,-0.4441721,-1007.0771110,-1352.2189013,-0.1103239,-0.7483073,-496.0036223,-668.2422478,-0.5236073,-0.3311583
0.7165689,0.7165689,0.7017694,-0.4340001,-1004.1360120,-1348.2582943,-0.1077871,-0.7312255,-494.5272808,-666.2637680,-0.5116162,-0.3235745
0.7215689,0.7215689,0.7067694,-0.4241264,-1001.2005983,-1344.3056707,-0.1053253,-0.7146411,-493.0539631,-664.2892413,-0.4999767,-0.3162130
0.7265689,0.7265689,0.7117694,-0.4145402,-998.2708883,-1340.3610455,-0.1029358,-0.6985365,-491.5836720,-662.3186767,-0.4886761,-0.3090658
0.7315689,0.7315689,0.7167694,-0.4052313,-995.3469009,-1336.4244339,-0.1006160,-0.6828947,-490.1164109,-660.3520832,-0.4777024,-0.3021255
0.7365689,0.7365689,0.7217694,-0.3961899,-992.4286545,-1332.4958518,-0.0983632,-0.6676998,-488.6521831,-658.3894698,-0.4670441,-0.2953845
0.7415689,0.7415689,0.7267694,-0.3874066,-989.5161678,-1328.5753153,-0.0961753,-0.6529360,-487.1909925,-656.4308459,-0.4566900,-0.2888360
0.7465689,0.7465689,0.7317694,-0.3788724,-986.6094594,-1324.6628407,-0.0940498,-0.6385887,-485.7328430,-654.4762208,-0.4466295,-0.2824732
0.7515689,0.7515689,0.7367694,-0.3705786,-983.7085477,-1320.7584447,-0.0919846,-0.6246434,-484.2777386,-652.5256040,-0.4368525,-0.2762897
0.7565689,0.7565689,0.7417694,-0.3625170,-980.8134511,-1316.8621442,-0.0899775,-0.6110865,-482.8256838,-650.5790052,-0.4273492,-0.2702793
0.7615689,0.7615689,0.7467694,-0.3546797,-977.9241879,-1312.9739563,-0.0880266,-0.5979048,-481.3766828,-648.6364339,-0.4181102,-0.2644360
0.7665689,0.7665689,0.7517694,-0.3470589,-975.0407764,-1309.0938983,-0.0861300,-0.5850857,-479.9307403,-646.6978998,-0.4091265,-0.2587543
0.7715689,0.7715689,0.7567694,-0.3396473,-972.1632347,-1305.2219876,-0.0842857,-0.5726169,-478.4878609,-644.7634126,-0.4003895,-0.2532285
0.7765689,0.7765689,0.7617694,-0.3324380,-969.2915806,-1301.3582417,-0.0824920,-0.5604869,-477.0480496,-642.8329821,-0.3918909,-0.2478535
0.7815689,0.7815689,0.7667694,-0.3254241,-966.4258320,-1297.5026781,-0.0807472,-0.5486843,-475.6113111,-640.9066180,-0.3836226,-0.2426242
0.7865689,0.7865689,0.7717694,-0.3185993,-963.5660065,-1293.6553144,-0.0790496,-0.5371985,-474.1776504,-638.9843300,-0.3755772,-0.2375358
0.7915689,0.7915689,0.7767694,-0.3119571,-960.7121217,-1289.8161684,-0.0773977,-0.5260190,-472.7470726,-637.0661279,-0.3677472,-0.2325837
0.7965689,0.7965689,0.7817694,-0.3054917,-957.8641947,-1285.9852576,-0.0757900,-0.5151358,-471.3195828,-635.1520212,-0.3601255,-0.2277633
0.8015689,0.8015689,0.7867694,-0.2991973,-955.0222428,-1282.1625997,-0.0742250,-0.5045395,-469.8951862,-633.2420197,-0.3527054,-0.2230704
0.8065689,0.8065689,0.7917694,-0.2930683,-952.1862829,-1278.3482123,-0.0727013,-0.4942207,-468.4738878,-631.3361329,-0.3454803,-0.2185009
0.8115689,0.8115689,0.7967694,-0.2870994,-949.3563317,-1274.5421128,-0.0712175,-0.4841705,-467.0556929,-629.4343704,-0.3384440,-0.2140507
0.8165689,0.8165689,0.8017694,-0.2812855,-946.5324056,-1270.7443188,-0.0697725,-0.4743805,-465.6406068,-627.5367416,-0.3315904,-0.2097161
0.8215689,0.8215689,0.8067694,-0.2756217,-943.7145211,-1266.9548476,-0.0683649,-0.4648424,-464.2286347,-625.6432560,-0.3249136,-0.2054934
0.8265689,0.8265689,0.8117694,-0.2701032,-940.9026942,-1263.1737164,-0.0669935,-0.4555483,-462.8197817,-623.7539228,-0.3184082,-0.2013790
0.8315689,0.8315689,0.8167694,-0.2647255,-938.0969407,-1259.4009423,-0.0656573,-0.4464905,-461.4140532,-621.8687513,-0.3120687,-0.1973695
0.8365689,0.8365689,0.8217694,-0.2594840,-935.2972764,-1255.6365423,-0.0643550,-0.4376617,-460.0114543,-619.9877506,-0.3058899,-0.1934617
0.8415689,0.8415689,0.8267694,-0.2543747,-932.5037165,-1251.8805331,-0.0630857,-0.4290548,-458.6119903,-618.1109298,-0.2998668,-0.1896524
0.8465689,0.8465689,0.8317694,-0.2493934,-929.7162762,-1248.1329315,-0.0618483,-0.4206631,-457.2156662,-616.2382978,-0.2939947,-0.1859385
0.8515689,0.8515689,0.8367694,-0.2445362,-926.9349705,-1244.3937539,-0.0606418,-0.4124798,-455.8224873,-614.3698634,-0.2882688,-0.1823172
0.8565689,0.8565689,0.8417694,-0.2397994,-924.1598141,-1240.6630164,-0.0594653,-0.4044988,-454.4324586,-612.5056353,-0.2826848,-0.1787855
0.8615689,0.8615689,0.8467694,-0.2351791,-921.3908212,-1236.9407353,-0.0583179,-0.3967139,-453.0455851,-610.6456221,-0.2772383,-0.1753409
0.8665689,0.8665689,0.8517694,-0.2306720,-918.6280062,-1233.2269262,-0.0571986,-0.3891191,-451.6618719,-608.7898323,-0.2719252,-0.1719805
0.8715689,0.8715689,0.8567694,-0.2262747,-915.8713828,-1229.5216049,-0.0561067,-0.3817089,-450.2813239,-606.9382741,-0.2667414,-0.1687020
0.8765689,0.8765689,0.8617694,-0.2219838,-913.1209648,-1225.8247867,-0.0550413,-0.3744777,-448.9039461,-605.0909558,-0.2616831,-0.1655029
0.8815689,0.8815689,0.8667694,-0.2177962,-910.3767654,-1222.1364867,-0.0540016,-0.3674203,-447.5297431,-603.2478854,-0.2567467,-0.1623808
0.8865689,0.8865689,0.8717694,-0.2137089,-907.6387980,-1218.4567199,-0.0529868,-0.3605314,-446.1587198,-601.4090709,-0.2519284,-0.1593335
0.8915689,0.8915689,0.8767694,-0.2097189,-904.9070752,-1214.7855008,-0.0519963,-0.3538063,-444.7908810,-599.5745200,-0.2472248,-0.1563587
0.8965689,0.8965689,0.8817694,-0.2058234,-902.1816096,-1211.1228439,-0.0510293,-0.3472402,-443.4262311,-597.7442404,-0.2426326,-0.1534543
0.9015689,0.9015689,0.8867694,-0.2020196,-899.4624137,-1207.4687632,-0.0500851,-0.3408284,-442.0647748,-595.9182395,-0.2381486,-0.1506183
0.9065689,0.9065689,0.8917694,-0.1983049,-896.7494994,-1203.8232727,-0.0491631,-0.3345665,-440.7065164,-594.0965246,-0.2337696,-0.1478488
0.9115689,0.9115689,0.8967694,-0.1946768,-894.0428785,-1200.1863857,-0.0482626,-0.3284502,-439.3514605,-592.2791030,-0.2294926,-0.1451438
0.9165689,0.9165689,0.9017694,-0.1911327,-891.3425626,-1196.5581157,-0.0473831,-0.3224755,-437.9996113,-590.4659817,-0.2253147,-0.1425015
0.9215689,0.9215689,0.9067694,-0.1876703,-888.6485628,-1192.9384755,-0.0465238,-0.3166382,-436.6509730,-588.6571676,-0.2212331,-0.1399200
0.9265689,0.9265689,0.9117694,-0.1842873,-885.9608901,-1189.3274779,-0.0456843,-0.3109345,-435.3055497,-586.8526672,-0.2172450,-0.1373978
0.9315689,0.9315689,0.9167694,-0.1809814,-883.2795553,-1185.7251352,-0.0448639,-0.3053608,-433.9633456,-585.0524873,-0.2133479,-0.1349330
0.9365689,0.9365689,0.9217694,-0.1777505,-880.6045686,-1182.1314596,-0.0440623,-0.2999133,-432.6243644,-583.2566342,-0.2095393,-0.1325242
0.9415689,0.9415689,0.9267694,-0.1745926,-877.9359404,-1178.5464627,-0.0432787,-0.2945885,-431.2886101,-581.4651140,-0.2058165,-0.1301698
0.9465689,0.9465689,0.9317694,-0.1715055,-875.2736803,-1174.9701561,-0.0425128,-0.2893831,-429.9560864,-579.6779330,-0.2021774,-0.1278682
0.9515689,0.9515689,0.9367694,-0.1684874,-872.6177981,-1171.4025510,-0.0417640,-0.2842939,-428.6267970,-577.8950969,-0.1986195,-0.1256180
0.9565689,0.9565689,0.9417694,-0.1655364,-869.9683030,-1167.8436581,-0.0410318,-0.2793176,-427.3007454,-576.1166115,-0.1951407,-0.1234178
0.9615689,0.9615689,0.9467694,-0.1626506,-867.3252041,-1164.2934880,-0.0403159,-0.2744512,-425.9779351,-574.3424823,-0.1917389,-0.1212663
0.9665689,0.9665689,0.9517694,-0.1598283,-864.6885102,-1160.7520509,-0.0396158,-0.2696916,-424.6583695,-572.5727148,-0.1884118,-0.1191621
0.9715689,0.9715689,0.9567694,-0.1570677,-862.0582297,-1157.2193567,-0.0389310,-0.2650362,-423.3420517,-570.8073142,-0.1851576,-0.1171039
0.9765689,0.9765689,0.9617694,-0.1543673,-859.4343709,-1153.6954151,-0.0382611,-0.2604820,-422.0289850,-569.0462855,-0.1819742,-0.1150906
0.9815689,0.9815689,0.9667694,-0.1517254,-856.8169418,-1150.1802352,-0.0376058,-0.2560264,-420.7191724,-567.2896337,-0.1788598,-0.1131209
0.9865689,0.9865689,0.9717694,-0.1491405,-854.2059501,-1146.6738259,-0.0369646,-0.2516667,-419.4126168,-565.5373634,-0.1758126,-0.1111936
0.9915689,0.9915689,0.9767694,-0.1466110,-851.6014031,-1143.1761960,-0.0363373,-0.2474006,-418.1093210,-563.7894792,-0.1728307,-0.1093077
0.9965689,0.9965689,0.9817694,-0.1441355,-849.0033080,-1139.6873536,-0.0357233,-0.2432254,-416.8092879,-562.0459855,-0.1699126,-0.1074621
1.0015689,1.0015689,0.9867694,-0.1417127,-846.4116717,-1136.2073068,-0.0351224,-0.2391388,-415.5125200,-560.3068866,-0.1670564,-0.1056557
1.0065689,1.0065689,0.9917694,-0.1393410,-843.8265009,-1132.7360631,-0.0345342,-0.2351386,-414.2190198,-558.5721864,-0.1642606,-0.1038875
1.0115689,1.0115689,0.9967694,-0.1370193,-841.2478018,-1129.2736300,-0.0339584,-0.2312224,-412.9287897,-556.8418888,-0.1615237,-0.1021565
1.0165689,1.0165689,1.0017694,-0.1347462,-838.6755806,-1125.8200143,-0.0333947,-0.2273883,-411.6418321,-555.1159976,-0.1588441,-0.1004618
1.0215689,1.0215689,1.0067694,-0.1325205,-836.1098431,-1122.3752227,-0.0328427,-0.2236339,-410.3581491,-553.3945163,-0.1562203,-0.0988024
1.0265689,1.0265689,1.0117694,-0.1303410,-833.5505948,-1118.9392617,-0.0323023,-0.2199574,-409.0777428,-551.6774482,-0.1536510,-0.0971774
1.0315689,1.0315689,1.0167694,-0.1282065,-830.9978411,-1115.5121371,-0.0317729,-0.2163568,-407.8006152,-549.9647966,-0.1511348,-0.0955860
1.0365689,1.0365689,1.0217694,-0.1261158,-828.4515870,-1112.0938547,-0.0312545,-0.2128301,-406.5267682,-548.2565646,-0.1486702,-0.0940273
1.0415689,1.0415689,1.0267694,-0.1240679,-825.9118373,-1108.6844198,-0.0307467,-0.2093755,-405.2562034,-546.5527549,-0.1462561,-0.0925005
1.0465689,1.0465689,1.0317694,-0.1220618,-823.3785965,-1105.2838376,-0.0302493,-0.2059912,-403.9889226,-544.8533703,-0.1438912,-0.0910047
1.0515689,1.0515689,1.0367694,-0.1200963,-820.8518689,-1101.8921126,-0.0297619,-0.2026755,-402.7249273,-543.1584133,-0.1415742,-0.0895393
1.0565689,1.0565689,1.0417694,-0.1181704,-818.3316585,-1098.5092494,-0.0292844,-0.1994266,-401.4642190,-541.4678864,-0.1393039,-0.0881035
1.0615689,1.0615689,1.0467694,-0.1162833,-815.8179691,-1095.1352520,-0.0288165,-0.1962430,-400.2067988,-539.7817916,-0.1370793,-0.0866965
1.0665689,1.0665689,1.0517694,-0.1144339,-813.3108043,-1091.7701242,-0.0283580,-0.1931229,-398.9526682,-538.1001312,-0.1348991,-0.0853177
1.0715689,1.0715689,1.0567694,-0.1126213,-810.8101672,-1088.4138694,-0.0279086,-0.1900650,-397.7018281,-536.4229069,-0.1327624,-0.0839663
1.0765689,1.0765689,1.0617694,-0.1108446,-808.3160610,-1085.0664908,-0.0274681,-0.1870676,-396.4542796,-534.7501204,-0.1306680,-0.0826417
1.0815689,1.0815689,1.0667694,-0.1091030,-805.8284883,-1081.7279912,-0.0270363,-0.1841293,-395.2100236,-533.0817734,-0.1286149,-0.0813432
1.0865689,1.0865689,1.0717694,-0.1073956,-803.3474518,-1078.3983731,-0.0266131,-0.1812487,-393.9690608,-531.4178673,-0.1266022,-0.0800702
1.0915689,1.0915689,1.0767694,-0.1057216,-800.8729537,-1075.0776387,-0.0261980,-0.1784244,-392.7313919,-529.7584032,-0.1246288,-0.0788221
1.0965689,1.0965689,1.0817694,-0.1040803,-798.4049961,-1071.7657898,-0.0257911,-0.1756551,-391.4970175,-528.1033823,-0.1226939,-0.0775984
1.1015689,1.1015689,1.0867694,-0.1024707,-795.9435808,-1068.4628281,-0.0253921,-0.1729394,-390.2659381,-526.4528055,-0.1207964,-0.0763984
1.1065689,1.1065689,1.0917694,-0.1008922,-793.4887095,-1065.1687549,-0.0250008,-0.1702761,-389.0381541,-524.8066735,-0.1189357,-0.0752215
1.1115689,1.1115689,1.0967694,-0.0993441,-791.0403833,-1061.8835710,-0.0246170,-0.1676641,-387.8136656,-523.1649871,-0.1171106,-0.0740673
1.1165689,1.1165689,1.1017694,-0.0978255,-788.5986036,-1058.6072773,-0.0242406,-0.1651019,-386.5924729,-521.5277466,-0.1153206,-0.0729351
1.1215689,1.1215689,1.1067694,-0.0963360,-786.1633710,-1055.3398740,-0.0238714,-0.1625886,-385.3745760,-519.8949523,-0.1135646,-0.0718245
1.1265689,1.1265689,1.1117694,-0.0948747,-783.7346864,-1052.0813612,-0.0235091,-0.1601230,-384.1599748,-518.2666044,-0.1118420,-0.0707351
1.1315689,1.1315689,1.1167694,-0.0934410,-781.3125501,-1048.8317387,-0.0231537,-0.1577040,-382.9486692,-516.6427030,-0.1101519,-0.0696662
1.1365689,1.1365689,1.1217694,-0.0920343,-778.8969624,-1045.5910059,-0.0228051,-0.1553305,-381.7406590,-515.0232478,-0.1084937,-0.0686174
1.1415689,1.1415689,1.1267694,-0.0906540,-776.4879232,-1042.3591622,-0.0224629,-0.1530014,-380.5359437,-513.4082386,-0.1068665,-0.0675883
1.1465689,1.1465689,1.1317694,-0.0892995,-774.0854323,-1039.1362062,-0.0221272,-0.1507158,-379.3345229,-511.7976749,-0.1052697,-0.0665784
1.1515689,1.1515689,1.1367694,-0.0879701,-771.6894892,-1035.9221368,-0.0217977,-0.1484727,-378.1363961,-510.1915561,-0.1037026,-0.0655873
1.1565689,1.1565689,1.1417694,-0.0866654,-769.3000932,-1032.7169521,-0.0214743,-0.1462711,-376.9415625,-508.5898816,-0.1021645,-0.0646145
1.1615689,1.1615689,1.1467694,-0.0853847,-766.9172435,-1029.5206502,-0.0211568,-0.1441101,-375.7500215,-506.9926504,-0.1006548,-0.0636597
1.1665689,1.1665689,1.1517694,-0.0841275,-764.5409390,-1026.3332290,-0.0208452,-0.1419887,-374.5617722,-505.3998614,-0.0991728,-0.0627224
1.1715689,1.1715689,1.1567694,-0.0828934,-762.1711783,-1023.1546858,-0.0205393,-0.1399061,-373.3768136,-503.8115136,-0.0977179,-0.0618022
1.1765689,1.1765689,1.1617694,-0.0816817,-759.8079599,-1019.9850178,-0.0202390,-0.1378615,-372.1951447,-502.2276057,-0.0962895,-0.0608988
1.1815689,1.1815689,1.1667694,-0.0804920,-757.4512821,-1016.8242221,-0.0199442,-0.1358540,-371.0167643,-500.6481361,-0.0948871,-0.0600118
1.1865689,1.1865689,1.1717694,-0.0793238,-755.1011429,-1013.6722952,-0.0196546,-0.1338827,-369.8416712,-499.0731033,-0.0935100,-0.0591409
1.1915689,1.1915689,1.1767694,-0.0781766,-752.7575403,-1010.5292336,-0.0193703,-0.1319469,-368.6698640,-497.5025057,-0.0921577,-0.0582856
1.1965689,1.1965689,1.1817694,-0.0770501,-750.4204718,-1007.3950333,-0.0190911,-0.1300458,-367.5013414,-495.9363412,-0.0908296,-0.0574457
1.2015689,1.2015689,1.1867694,-0.0759436,-748.0899349,-1004.2696902,-0.0188169,-0.1281787,-366.3361017,-494.3746080,-0.0895253,-0.0566207
1.2065689,1.2065689,1.1917694,-0.0748568,-745.7659269,-1001.1532000,-0.0185475,-0.1263448,-365.1741435,-492.8173039,-0.0882442,-0.0558105
1.2115689,1.2115689,1.1967694,-0.0737894,-743.4484448,-998.0455579,-0.0182830,-0.1245433,-364.0154649,-491.2644267,-0.0869858,-0.0550146
1.2165689,1.2165689,1.2017694,-0.0727407,-741.1374855,-994.9467590,-0.0180231,-0.1227737,-362.8600643,-489.7159740,-0.0857496,-0.0542328
1.2215689,1.2215689,1.2067694,-0.0717105,-738.8330457,-991.8567982,-0.0177678,-0.1210352,-361.7079396,-488.1719432,-0.0845351,-0.0534647
1.2265689,1.2265689,1.2117694,-0.0706984,-736.5351219,-988.7756700,-0.0175169,-0.1193272,-360.5590890,-486.6323318,-0.0833420,-0.0527101
1.2315689,1.2315689,1.2167694,-0.0697039,-734.2437104,-985.7033688,-0.0172705,-0.1176490,-359.4135103,-485.0971369,-0.0821697,-0.0519687
1.2365689,1.2365689,1.2217694,-0.0687267,-731.9588072,-982.6398886,-0.0170283,-0.1159999,-358.2712014,-483.5663558,-0.0810177,-0.0512401
1.2415689,1.2415689,1.2267694,-0.0677665,-729.6804084,-979.5852232,-0.0167904,-0.1143795,-357.1321602,-482.0399852,-0.0798858,-0.0505242
1.2465689,1.2465689,1.2317694,-0.0668228,-727.4085097,-976.5393663,-0.0165565,-0.1127870,-355.9963842,-480.5180222,-0.0787734,-0.0498206
1.2515689,1.2515689,1.2367694,-0.0658954,-725.1431066,-973.5023111,-0.0163267,-0.1112218,-354.8638710,-479.0004634,-0.0776801,-0.0491292
1.2565689,1.2565689,1.2417694,-0.0649839,-722.8841945,-970.4740508,-0.0161008,-0.1096835,-353.7346183,-477.4873055,-0.0766055,-0.0484496
1.2615689,1.2615689,1.2467694,-0.0640879,-720.6317687,-967.4545784,-0.0158787,-0.1081715,-352.6086233,-475.9785450,-0.0755493,-0.0477816
1.2665689,1.2665689,1.2517694,-0.0632072,-718.3858242,-964.4438863,-0.0156605,-0.1066852,-351.4858834,-474.4741782,-0.0745111,-0.0471250
1.2715689,1.2715689,1.2567694,-0.0623414,-716.1463558,-961.4419670,-0.0154459,-0.1052240,-350.3663960,-472.9742015,-0.0734905,-0.0464795
1.2765689,1.2765689,1.2617694,-0.0614903,-713.9133583,-958.4488128,-0.0152350,-0.1037876,-349.2501581,-471.4786109,-0.0724871,-0.0458449
1.2815689,1.2815689,1.2667694,-0.0606534,-711.6868262,-955.4644156,-0.0150276,-0.1023753,-348.1371669,-469.9874026,-0.0715006,-0.0452209
1.2865689,1.2865689,1.2717694,-0.0598306,-709.4667539,-952.4887671,-0.0148238,-0.1009867,-347.0274195,-468.5005724,-0.0705307,-0.0446075
1.2915689,1.2915689,1.2767694,-0.0590216,-707.2531355,-949.5218589,-0.0146233,-0.0996213,-345.9209127,-467.0181161,-0.0695769,-0.0440043
1.2965689,1.2965689,1.2817694,-0.0582260,-705.0459652,-946.5636822,-0.0144261,-0.0982786,-344.8176434,-465.5400295,-0.0686391,-0.0434111
1.3015689,1.3015689,1.2867694,-0.0574436,-702.8452367,-943.6142282,-0.0142322,-0.0969582,-343.7176084,-464.0663082,-0.0677168,-0.0428278
1.3065689,1.3065689,1.2917694,-0.0566742,-700.6509439,-940.6734877,-0.0140416,-0.0956597,-342.6208045,-462.5969476,-0.0668097,-0.0422542
1.3115689,1.3115689,1.2967694,-0.0559174,-698.4630802,-937.7414514,-0.0138541,-0.0943825,-341.5272283,-461.1319432,-0.0659176,-0.0416900
1.3165689,1.3165689,1.3017694,-0.0551731,-696.2816392,-934.8181098,-0.0136696,-0.0931263,-340.4368763,-459.6712902,-0.0650402,-0.0411350
1.3215689,1.3215689,1.3067694,-0.0544409,-694.1066139,-931.9034531,-0.0134882,-0.0918906,-339.3497451,-458.2149837,-0.0641771,-0.0405891
1.3265689,1.3265689,1.3117694,-0.0537207,-691.9379977,-928.9974715,-0.0133097,-0.0906751,-338.2658310,-456.7630190,-0.0633281,-0.0400522
1.3315689,1.3315689,1.3167694,-0.0530122,-689.7757833,-926.1001547,-0.0131342,-0.0894794,-337.1851304,-455.3153909,-0.0624929,-0.0395240
1.3365689,1.3365689,1.3217694,-0.0523152,-687.6199637,-923.2114925,-0.0129615,-0.0883030,-336.1076397,-453.8720944,-0.0616712,-0.0390043
1.3415689,1.3415689,1.3267694,-0.0516294,-685.4705315,-920.3314742,-0.0127915,-0.0871456,-335.0333550,-452.4331241,-0.0608628,-0.0384930
1.3465689,1.3465689,1.3317694,-0.0509547,-683.3274792,-917.4600893,-0.0126243,-0.0860068,-333.9622724,-450.9984749,-0.0600674,-0.0379899
1.3515689,1.3515689,1.3367694,-0.0502908,-681.1907992,-914.5973268,-0.0124598,-0.0848863,-332.8943881,-449.5681412,-0.0592847,-0.0374949
1.3565689,1.3565689,1.3417694,-0.0496375,-679.0604838,-911.7431755,-0.0122980,-0.0837837,-331.8296980,-448.1421176,-0.0585146,-0.0370079
1.3615689,1.3615689,1.3467694,-0.0489946,-676.9365250,-908.8976242,-0.0121387,-0.0826986,-330.7681981,-446.7203985,-0.0577567,-0.0365285
1.3665689,1.3665689,1.3517694,-0.0483619,-674.8189148,-906.0606616,-0.0119819,-0.0816308,-329.7098843,-445.3029781,-0.0570109,-0.0360568
1.3715689,1.3715689,1.3567694,-0.0477392,-672.7076451,-903.2322758,-0.0118276,-0.0805799,-328.6547524,-443.8898507,-0.0562768,-0.0355926
1.3765689,1.3765689,1.3617694,-0.0471263,-670.6027076,-900.4124551,-0.0116757,-0.0795455,-327.6027981,-442.4810105,-0.0555544,-0.0351357
1.3815689,1.3815689,1.3667694,-0.0465231,-668.5040938,-897.6011876,-0.0115263,-0.0785274,-326.5540171,-441.0764515,-0.0548433,-0.0346859
1.3865689,1.3865689,1.3717694,-0.0459293,-666.4117952,-894.7984611,-0.0113792,-0.0775253,-325.5084051,-439.6761675,-0.0541433,-0.0342432
1.3915689,1.3915689,1.3767694,-0.0453449,-664.3258031,-892.0042631,-0.0112343,-0.0765388,-324.4659576,-438.2801526,-0.0534543,-0.0338074
1.3965689,1.3965689,1.3817694,-0.0447695,-662.2461086,-889.2185813,-0.0110918,-0.0755676,-323.4266700,-436.8884004,-0.0527760,-0.0333785
1.4015689,1.4015689,1.3867694,-0.0442030,-660.1727030,-886.4414030,-0.0109514,-0.0746116,-322.3905380,-435.5009048,-0.0521082,-0.0329561
1.4065689,1.4065689,1.3917694,-0.0436453,-658.1055770,-883.6727154,-0.0108132,-0.0736703,-321.3575568,-434.1176592,-0.0514508,-0.0325403
1.4115689,1.4115689,1.3967694,-0.0430962,-656.0447216,-880.9125054,-0.0106772,-0.0727435,-320.3277218,-432.7386573,-0.0508035,-0.0321309
1.4165689,1.4165689,1.4017694,-0.0425556,-653.9901274,-878.1607600,-0.0105432,-0.0718310,-319.3010282,-431.3638924,-0.0501661,-0.0317279
1.4215689,1.4215689,1.4067694,-0.0420232,-651.9417851,-875.4174659,-0.0104113,-0.0709325,-318.2774712,-429.9933581,-0.0495386,-0.0313309
1.4265689,1.4265689,1.4117694,-0.0414990,-649.8996851,-872.6826095,-0.0102814,-0.0700477,-317.2570461,-428.6270475,-0.0489206,-0.0309401
1.4315689,1.4315689,1.4167694,-0.0409827,-647.8638178,-869.9561774,-0.0101535,-0.0691763,-316.2397479,-427.2649540,-0.0483120,-0.0305552
1.4365689,1.4365689,1.4217694,-0.0404743,-645.8341734,-867.2381557,-0.0100276,-0.0683182,-315.2255716,-425.9070706,-0.0477127,-0.0301761
1.4415689,1.4415689,1.4267694,-0.0399736,-643.8107421,-864.5285306,-0.0099035,-0.0674731,-314.2145124,-424.5533905,-0.0471224,-0.0298028
1.4465689,1.4465689,1.4317694,-0.0394804,-641.7935139,-861.8272880,-0.0097813,-0.0666408,-313.2065650,-423.2039067,-0.0465411,-0.0294352
1.4515689,1.4515689,1.4367694,-0.0389947,-639.7824788,-859.1344139,-0.0096610,-0.0658209,-312.2017244,-421.8586120,-0.0459685,-0.0290730
1.4565689,1.4565689,1.4417694,-0.0385163,-637.7776266,-856.4498937,-0.0095424,-0.0650134,-311.1999855,-420.5174995,-0.0454045,-0.0287163
1.4615689,1.4615689,1.4467694,-0.0380450,-635.7789469,-853.7737132,-0.0094256,-0.0642179,-310.2013430,-419.1805618,-0.0448489,-0.0283649
1.4665689,1.4665689,1.4517694,-0.0375807,-633.7864295,-851.1058577,-0.0093106,-0.0634343,-309.2057917,-417.8477916,-0.0443016,-0.0280188
1.4715689,1.4715689,1.4567694,-0.0371233,-631.8000638,-848.4463125,-0.0091973,-0.0626623,-308.2133262,-416.5191818,-0.0437624,-0.0276778
1.4765689,1.4765689,1.4617694,-0.0366727,-629.8198392,-845.7950628,-0.0090857,-0.0619018,-307.2239413,-415.1947248,-0.0432312,-0.0273418
1.4815689,1.4815689,1.4667694,-0.0362288,-627.8457452,-843.1520936,-0.0089757,-0.0611525,-306.2376315,-413.8744132,-0.0427079,-0.0270109
1.4865689,1.4865689,1.4717694,-0.0357914,-625.8777708,-840.5173897,-0.0088673,-0.0604143,-305.2543913,-412.5582395,-0.0421923,-0.0266848
1.4915689,1.4915689,1.4767694,-0.0353605,-623.9159054,-837.8909360,-0.0087605,-0.0596869,-304.2742154,-411.2461960,-0.0416843,-0.0263634
1.4965689,1.4965689,1.4817694,-0.0349358,-621.9601378,-835.2727171,-0.0086553,-0.0589701,-303.2970981,-409.9382751,-0.0411837,-0.0260468
1.5015689,1.5015689,1.4867694,-0.0345174,-620.0104571,-832.6627176,-0.0085516,-0.0582638,-302.3230338,-408.6344692,-0.0406904,-0.0257349
1.5065689,1.5065689,1.4917694,-0.0341050,-618.0668521,-830.0609218,-0.0084495,-0.0575678,-301.3520170,-407.3347703,-0.0402043,-0.0254274
1.5115689,1.5115689,1.4967694,-0.0336986,-616.1293115,-827.4673140,-0.0083488,-0.0568819,-300.3840419,-406.0391708,-0.0397252,-0.0251244
1.5165689,1.5165689,1.5017694,-0.0332981,-614.1978242,-824.8818786,-0.0082496,-0.0562060,-299.4191029,-404.7476627,-0.0392531,-0.0248259
1.5215689,1.5215689,1.5067694,-0.0329034,-612.2723787,-822.3045994,-0.0081518,-0.0555398,-298.4571942,-403.4602380,-0.0387878,-0.0245316
1.5265689,1.5265689,1.5117694,-0.0325144,-610.3529635,-819.7354606,-0.0080554,-0.0548831,-297.4983100,-402.1768888,-0.0383293,-0.0242415
1.5315689,1.5315689,1.5167694,-0.0321310,-608.4395670,-817.1744458,-0.0079604,-0.0542359,-296.5424445,-400.8976069,-0.0378772,-0.0239557
1.5365689,1.5365689,1.5217694,-0.0317530,-606.5321777,-814.6215390,-0.0078668,-0.0535980,-295.5895919,-399.6223844,-0.0374317,-0.0236739
1.5415689,1.5415689,1.5267694,-0.0313805,-604.6307837,-812.0767238,-0.0077745,-0.0529692,-294.6397461,-398.3512130,-0.0369925,-0.0233961
1.5465689,1.5465689,1.5317694,-0.0310132,-602.7353734,-809.5399837,-0.0076835,-0.0523493,-293.6929013,-397.0840846,-0.0365596,-0.0231223
1.5515689,1.5515689,1.5367694,-0.0306512,-600.8459348,-807.0113021,-0.0075938,-0.0517382,-292.7490515,-395.8209908,-0.0361328,-0.0228524
1.5565689,1.5565689,1.5417694,-0.0302943,-598.9624560,-804.4906624,-0.0075053,-0.0511358,-291.8081907,-394.5619233,-0.0357120,-0.0225863
1.5615689,1.5615689,1.5467694,-0.0299424,-597.0849250,-801.9780479,-0.0074182,-0.0505418,-290.8703127,-393.3068739,-0.0352972,-0.0223239
1.5665689,1.5665689,1.5517694,-0.0295955,-595.2133297,-799.4734417,-0.0073322,-0.0499563,-289.9354116,-392.0558340,-0.0348883,-0.0220653
1.5715689,1.5715689,1.5567694,-0.0292534,-593.3476579,-796.9768269,-0.0072475,-0.0493789,-289.0034812,-390.8087953,-0.0344850,-0.0218103
1.5765689,1.5765689,1.5617694,-0.0289161,-591.4878974,-794.4881864,-0.0071639,-0.0488096,-288.0745153,-389.5657492,-0.0340875,-0.0215588
1.5815689,1.5815689,1.5667694,-0.0285836,-589.6340359,-792.0075033,-0.0070815,-0.0482483,-287.1485077,-388.3266872,-0.0336954,-0.0213109
1.5865689,1.5865689,1.5717694,-0.0282556,-587.7860611,-789.5347602,-0.0070003,-0.0476948,-286.2254523,-387.0916007,-0.0333089,-0.0210664
1.5915689,1.5915689,1.5767694,-0.0279323,-585.9439605,-787.0699399,-0.0069202,-0.0471490,-285.3053428,-385.8604811,-0.0329276,-0.0208253
1.5965689,1.5965689,1.5817694,-0.0276134,-584.1077215,-784.6130251,-0.0068412,-0.0466107,-284.3881728,-384.6333198,-0.0325517,-0.0205875
1.6015689,1.6015689,1.5867694,-0.0272989,-582.2773318,-782.1639982,-0.0067632,-0.0460799,-283.4739361,-383.4101079,-0.0321810,-0.0203530
1.6065689,1.6065689,1.5917694,-0.0269887,-580.4527786,-779.7228419,-0.0066864,-0.0455563,-282.5626263,-382.1908367,-0.0318154,-0.0201218
1.6115689,1.6115689,1.5967694,-0.0266828,-578.6340493,-777.2895384,-0.0066106,-0.0450400,-281.6542371,-380.9754975,-0.0314547,-0.0198937
1.6165689,1.6165689,1.6017694,-0.0263811,-576.8211311,-774.8640701,-0.0065359,-0.0445307,-280.7487620,-379.7640815,-0.0310991,-0.0196688
1.6215689,1.6215689,1.6067694,-0.0260835,-575.0140113,-772.4464192,-0.0064621,-0.0440284,-279.8461946,-378.5565797,-0.0307483,-0.0194469
1.6265689,1.6265689,1.6117694,-0.0257900,-573.2126770,-770.0365680,-0.0063894,-0.0435330,-278.9465285,-377.3529832,-0.0304022,-0.0192281
1.6315689,1.6315689,1.6167694,-0.0255005,-571.4171153,-767.6344985,-0.0063177,-0.0430443,-278.0497571,-376.1532832,-0.0300609,-0.0190122
1.6365689,1.6365689,1.6217694,-0.0252148,-569.6273133,-765.2401928,-0.0062469,-0.0425622,-277.1558740,-374.9574707,-0.0297242,-0.0187993
1.6415689,1.6415689,1.6267694,-0.0249331,-567.8432579,-762.8536328,-0.0061771,-0.0420866,-276.2648726,-373.7655365,-0.0293921,-0.0185892
1.6465689,1.6465689,1.6317694,-0.0246551,-566.0649361,-760.4748005,-0.0061083,-0.0416174,-275.3767463,-372.5774718,-0.0290644,-0.0183820
1.6515689,1.6515689,1.6367694,-0.0243809,-564.2923347,-758.1036777,-0.0060403,-0.0411546,-274.4914887,-371.3932674,-0.0287412,-0.0181775
1.6565689,1.6565689,1.6417694,-0.0241104,-562.5254407,-755.7402461,-0.0059733,-0.0406979,-273.6090929,-370.2129143,-0.0284223,-0.0179758
1.6615689,1.6615689,1.6467694,-0.0238435,-560.7642407,-753.3844876,-0.0059072,-0.0402474,-272.7295525,-369.0364032,-0.0281076,-0.0177768
1.6665689,1.6665689,1.6517694,-0.0235801,-559.0087217,-751.0363837,-0.0058419,-0.0398029,-271.8528607,-367.8637250,-0.0277972,-0.0175805
1.6715689,1.6715689,1.6567694,-0.0233203,-557.2588702,-748.6959160,-0.0057776,-0.0393643,-270.9790109,-366.6948706,-0.0274909,-0.0173867
1.6765689,1.6765689,1.6617694,-0.0230639,-555.5146729,-746.3630662,-0.0057140,-0.0389315,-270.1079964,-365.5298307,-0.0271886,-0.0171956
1.6815689,1.6815689,1.6667694,-0.0228109,-553.7761164,-744.0378156,-0.0056514,-0.0385045,-269.2398105,-364.3685961,-0.0268904,-0.0170070
1.6865689,1.6865689,1.6717694,-0.0225613,-552.0431873,-741.7201457,-0.0055895,-0.0380831,-268.3744463,-363.2111574,-0.0265961,-0.0168208
1.6915689,1.6915689,1.6767694,-0.0223149,-550.3158722,-739.4100380,-0.0055285,-0.0376672,-267.5118972,-362.0575054,-0.0263057,-0.0166372
1.6965689,1.6965689,1.6817694,-0.0220718,-548.5941575,-737.1074737,-0.0054682,-0.0372569,-266.6521564,-360.9076308,-0.0260191,-0.0164559
1.7015689,1.7015689,1.6867694,-0.0218319,-546.8780297,-734.8124341,-0.0054088,-0.0368519,-265.7952170,-359.7615241,-0.0257362,-0.0162770
1.7065689,1.7065689,1.6917694,-0.0215951,-545.1674751,-732.5249004,-0.0053501,-0.0364522,-264.9410722,-358.6191761,-0.0254571,-0.0161005
1.7115689,1.7115689,1.6967694,-0.0213614,-543.4624803,-730.2448539,-0.0052922,-0.0360577,-264.0897153,-357.4805773,-0.0251816,-0.0159262
1.7165689,1.7165689,1.7017694,-0.0211307,-541.7630314,-727.9722758,-0.0052351,-0.0356684,-263.2411393,-356.3457182,-0.0249097,-0.0157543
1.7215689,1.7215689,1.7067694,-0.0209030,-540.0691148,-725.7071470,-0.0051787,-0.0352841,-262.3953374,-355.2145896,-0.0246413,-0.0155845
1.7265689,1.7265689,1.7117694,-0.0206783,-538.3807169,-723.4494487,-0.0051230,-0.0349048,-261.5523027,-354.0871818,-0.0243764,-0.0154170
1.7315689,1.7315689,1.7167694,-0.0204565,-536.6978238,-721.1991618,-0.0050681,-0.0345304,-260.7120282,-352.9634854,-0.0241150,-0.0152516
1.7365689,1.7365689,1.7217694,-0.0202376,-535.0204217,-718.9562675,-0.0050138,-0.0341609,-259.8745071,-351.8434909,-0.0238569,-0.0150884
1.7415689,1.7415689,1.7267694,-0.0200215,-533.3484968,-716.7207465,-0.0049603,-0.0337960,-259.0397324,-350.7271887,-0.0236021,-0.0149273
1.7465689,1.7465689,1.7317694,-0.0198081,-531.6820353,-714.4925799,-0.0049074,-0.0334359,-258.2076972,-349.6145694,-0.0233506,-0.0147682
1.7515689,1.7515689,1.7367694,-0.0195975,-530.0210233,-712.2717484,-0.0048553,-0.0330804,-257.3783945,-348.5056234,-0.0231023,-0.0146112
1.7565689,1.7565689,1.7417694,-0.0193896,-528.3654469,-710.0582330,-0.0048037,-0.0327294,-256.5518174,-347.4003410,-0.0228572,-0.0144561
1.7615689,1.7615689,1.7467694,-0.0191843,-526.7152921,-707.8520144,-0.0047529,-0.0323829,-255.7279587,-346.2987127,-0.0226152,-0.0143031
1.7665689,1.7665689,1.7517694,-0.0189816,-525.0705450,-705.6530734,-0.0047027,-0.0320408,-254.9068116,-345.2007288,-0.0223763,-0.0141520
1.7715689,1.7715689,1.7567694,-0.0187815,-523.4311916,-703.4613908,-0.0046531,-0.0317030,-254.0883691,-344.1063798,-0.0221404,-0.0140028
1.7765689,1.7765689,1.7617694,-0.0185839,-521.7972178,-701.2769473,-0.0046042,-0.0313695,-253.2726240,-343.0156560,-0.0219075,-0.0138555
1.7815689,1.7815689,1.7667694,-0.0183889,-520.1686097,-699.0997235,-0.0045558,-0.0310403,-252.4595693,-341.9285478,-0.0216775,-0.0137101
1.7865689,1.7865689,1.7717694,-0.0181962,-518.5453533,-696.9297001,-0.0045081,-0.0307151,-251.6491981,-340.8450454,-0.0214504,-0.0135664
1.7915689,1.7915689,1.7767694,-0.0180060,-516.9274343,-694.7668578,-0.0044610,-0.0303941,-250.8415032,-339.7651393,-0.0212262,-0.0134246
1.7965689,1.7965689,1.7817694,-0.0178182,-515.3148387,-692.6111771,-0.0044145,-0.0300771,-250.0364776,-338.6888196,-0.0210048,-0.0132846
1.8015689,1.8015689,1.7867694,-0.0176328,-513.7075525,-690.4626387,-0.0043685,-0.0297640,-249.2341141,-337.6160767,-0.0207862,-0.0131463
1.8065689,1.8065689,1.7917694,-0.0174496,-512.1055614,-688.3212231,-0.0043231,-0.0294548,-248.4344058,-336.5469009,-0.0205703,-0.0130098
1.8115689,1.8115689,1.7967694,-0.0172687,-510.5088513,-686.1869109,-0.0042783,-0.0291495,-247.6373455,-335.4812825,-0.0203571,-0.0128749
1.8165689,1.8165689,1.8017694,-0.0170901,-508.9174081,-684.0596825,-0.0042341,-0.0288480,-246.8429260,-334.4192117,-0.0201465,-0.0127418
1.8215689,1.8215689,1.8067694,-0.0169137,-507.3312175,-681.9395186,-0.0041904,-0.0285503,-246.0511404,-333.3606787,-0.0199385,-0.0126102
1.8265689,1.8265689,1.8117694,-0.0167395,-505.7502654,-679.8263996,-0.0041472,-0.0282562,-245.2619814,-332.3056739,-0.0197331,-0.0124803
1.8315689,1.8315689,1.8167694,-0.0165674,-504.1745375,-677.7203059,-0.0041046,-0.0279657,-244.4754419,-331.2541874,-0.0195303,-0.0123520
1.8365689,1.8365689,1.8217694,-0.0163974,-502.6040196,-675.6212181,-0.0040625,-0.0276788,-243.6915148,-330.2062095,-0.0193299,-0.0122253
1.8415689,1.8415689,1.8267694,-0.0162296,-501.0386974,-673.5291165,-0.0040209,-0.0273954,-242.9101930,-329.1617305,-0.0191320,-0.0121002
1.8465689,1.8465689,1.8317694,-0.0160637,-499.4785567,-671.4439816,-0.0039798,-0.0271155,-242.1314693,-328.1207404,-0.0189366,-0.0119765
1.8515689,1.8515689,1.8367694,-0.0159000,-497.9235833,-669.3657939,-0.0039392,-0.0268391,-241.3553365,-327.0832295,-0.0187435,-0.0118544
1.8565689,1.8565689,1.8417694,-0.0157382,-496.3737627,-667.2945337,-0.0038992,-0.0265660,-240.5817876,-326.0491881,-0.0185528,-0.0117338
1.8615689,1.8615689,1.8467694,-0.0155784,-494.8290809,-665.2301814,-0.0038596,-0.0262962,-239.8108152,-325.0186063,-0.0183644,-0.0116146
1.8665689,1.8665689,1.8517694,-0.0154205,-493.2895234,-663.1727174,-0.0038204,-0.0260297,-239.0424124,-323.9914744,-0.0181783,-0.0114969
1.8715689,1.8715689,1.8567694,-0.0152645,-491.7550759,-661.1221222,-0.0037818,-0.0257664,-238.2765718,-322.9677824,-0.0179944,-0.0113807
1.8765689,1.8765689,1.8617694,-0.0151104,-490.2257241,-659.0783760,-0.0037436,-0.0255064,-237.5132863,-321.9475206,-0.0178128,-0.0112658
1.8815689,1.8815689,1.8667694,-0.0149582,-488.7014538,-657.0414593,-0.0037059,-0.0252494,-236.7525488,-320.9306793,-0.0176333,-0.0111523
1.8865689,1.8865689,1.8717694,-0.0148078,-487.1822505,-655.0113524,-0.0036687,-0.0249956,-235.9943520,-319.9172485,-0.0174560,-0.0110402
1.8915689,1.8915689,1.8767694,-0.0146592,-485.6681000,-652.9880356,-0.0036319,-0.0247448,-235.2386888,-318.9072184,-0.0172809,-0.0109294
1.8965689,1.8965689,1.8817694,-0.0145124,-484.1589878,-650.9714894,-0.0035955,-0.0244970,-234.4855519,-317.9005792,-0.0171078,-0.0108199
1.9015689,1.9015689,1.8867694,-0.0143674,-482.6548997,-648.9616941,-0.0035596,-0.0242521,-233.7349342,-316.8973211,-0.0169369,-0.0107118
1.9065689,1.9065689,1.8917694,-0.0142241,-481.1558213,-646.9586300,-0.0035241,-0.0240102,-232.9868286,-315.8974343,-0.0167679,-0.0106050
1.9115689,1.9115689,1.8967694,-0.0140825,-479.6617382,-644.9622774,-0.0034890,-0.0237712,-232.2412277,-314.9009089,-0.0166010,-0.0104994
1.9165689,1.9165689,1.9017694,-0.0139426,-478.1726361,-642.9726168,-0.0034543,-0.0235350,-231.4981245,-313.9077351,-0.0164360,-0.0103951
1.9215689,1.9215689,1.9067694,-0.0138043,-476.6885006,-640.9896285,-0.0034201,-0.0233017,-230.7575116,-312.9179031,-0.0162731,-0.0102920
1.9265689,1.9265689,1.9117694,-0.0136677,-475.2093174,-639.0132929,-0.0033862,-0.0230710,-230.0193820,-311.9314031,-0.0161120,-0.0101901
1.9315689,1.9315689,1.9167694,-0.0135327,-473.7350721,-637.0435902,-0.0033528,-0.0228431,-229.2837284,-310.9482252,-0.0159528,-0.0100895
1.9365689,1.9365689,1.9217694,-0.0133993,-472.2657504,-635.0805008,-0.0033197,-0.0226179,-228.5505437,-309.9683596,-0.0157956,-0.0099900
1.9415689,1.9415689,1.9267694,-0.0132674,-470.8013378,-633.1240052,-0.0032870,-0.0223954,-227.8198206,-308.9917965,-0.0156401,-0.0098917
1.9465689,1.9465689,1.9317694,-0.0131371,-469.3418201,-631.1740837,-0.0032548,-0.0221754,-227.0915519,-308.0185261,-0.0154865,-0.0097945
1.9515689,1.9515689,1.9367694,-0.0130083,-467.8871829,-629.2307167,-0.0032229,-0.0219581,-226.3657304,-307.0485385,-0.0153347,-0.0096985
1.9565689,1.9565689,1.9417694,-0.0128811,-466.4374118,-627.2938845,-0.0031913,-0.0217432,-225.6423491,-306.0818239,-0.0151847,-0.0096037
1.9615689,1.9615689,1.9467694,-0.0127553,-464.9924925,-625.3635675,-0.0031602,-0.0215309,-224.9214005,-305.1183726,-0.0150364,-0.0095099
1.9665689,1.9665689,1.9517694,-0.0126310,-463.5524106,-623.4397462,-0.0031294,-0.0213211,-224.2028777,-304.1581748,-0.0148899,-0.0094172
1.9715689,1.9715689,1.9567694,-0.0125081,-462.1171518,-621.5224009,-0.0030989,-0.0211136,-223.4867734,-303.2012205,-0.0147450,-0.0093256
1.9765689,1.9765689,1.9617694,-0.0123866,-460.6867017,-619.6115120,-0.0030688,-0.0209086,-222.7730804,-302.2475002,-0.0146019,-0.0092350
1.9815689,1.9815689,1.9667694,-0.0122666,-459.2610461,-617.7070601,-0.0030391,-0.0207060,-222.0617915,-301.2970038,-0.0144603,-0.0091455
1.9865689,1.9865689,1.9717694,-0.0121479,-457.8401705,-615.8090255,-0.0030097,-0.0205057,-221.3528995,-300.3497217,-0.0143205,-0.0090571
1.9915689,1.9915689,1.9767694,-0.0120306,-456.4240607,-613.9173886,-0.0029807,-0.0203077,-220.6463974,-299.4056441,-0.0141822,-0.0089696
1.9965689,1.9965689,1.9817694,-0.0119147,-455.0127024,-612.0321300,-0.0029519,-0.0201120,-219.9422778,-298.4647613,-0.0140455,-0.0088832
