# r[nm],d[nm],daligned[nm],Ucarbring(d)[kj/mol],UMincarbring(d)[kj/mol]
-0.7298559,-0.7298559,-0.0000001,315698.4934382,315698.4934382
-0.7198559,-0.7198559,0.0099999,271459.4391929,271459.4391929
-0.7098559,-0.7098559,0.0199999,268413.7607127,268413.7607127
-0.6998559,-0.6998559,0.0299999,308406.6552614,308406.6552614
-0.6898559,-0.6898559,0.0399999,257065.8032515,257065.8032515
-0.6798559,-0.6798559,0.0499999,236218.8616277,236218.8616277
-0.6698559,-0.6698559,0.0599999,222886.3995584,222886.3995584
-0.6598559,-0.6598559,0.0699999,208350.2054523,208350.2054523
-0.6498559,-0.6498559,0.0799999,204142.8894365,204142.8894365
-0.6398559,-0.6398559,0.0899999,175931.0968285,175931.0968285
-0.6298559,-0.6298559,0.0999999,137171.3618962,137171.3618962
-0.6198559,-0.6198559,0.1099999,104657.2016155,104657.2016155
-0.6098559,-0.6098559,0.1199999,77818.5857681,77818.5857681
-0.5998559,-0.5998559,0.1299999,56580.8358343,56580.8358343
-0.5898559,-0.5898559,0.1399999,40303.9195522,40303.9195522
-0.5798559,-0.5798559,0.1499999,28191.5380374,28191.5380374
-0.5698559,-0.5698559,0.1599999,18989.9569776,18989.9569776
-0.5598559,-0.5598559,0.1699999,12604.8819837,12604.8819837
-0.5498559,-0.5498559,0.1799999,8304.7084790,8304.7084790
-0.5398559,-0.5398559,0.1899999,5438.4759757,5438.4759757
-0.5298559,-0.5298559,0.1999999,3524.2928080,3524.2928080
-0.5198559,-0.5198559,0.2099999,2218.2204660,2218.2204660
-0.5098559,-0.5098559,0.2199999,1375.9317933,1350.0905468
-0.4998559,-0.4998559,0.2299999,827.6986542,801.8574078
-0.4898559,-0.4898559,0.2399999,480.9874830,455.1464231
-0.4798559,-0.4798559,0.2499999,262.0333712,236.1995857
-0.4698559,-0.4698559,0.2599999,124.4963227,98.6995335
-0.4598559,-0.4598559,0.2699999,39.0592731,13.3354872
-0.4498559,-0.4498559,0.2799999,-12.9975365,-38.5754485
-0.4398559,-0.4398559,0.2899999,-43.7418959,-69.0184821
-0.4298559,-0.4298559,0.2999999,-61.0498629,-85.7235852
-0.4198559,-0.4198559,0.3099999,-70.1847818,-93.6967694
-0.4098559,-0.4098559,0.3199999,-74.5318688,-96.1884107
-0.3998559,-0.3998559,0.3299999,-76.0192369,-95.3106150
-0.3898559,-0.3898559,0.3399999,-75.5215236,-92.4338264
-0.3798559,-0.3798559,0.3499999,-73.5296677,-88.5633024
-0.3698559,-0.3698559,0.3599999,-70.5369592,-84.7621958
-0.3598559,-0.3598559,0.3699999,-67.1715696,-80.7984833
-0.3498559,-0.3498559,0.3799999,-64.3477779,-79.1236077
-0.3398559,-0.3398559,0.3899999,-62.3396178,-76.3060634
-0.3298559,-0.3298559,0.3999999,-60.5548497,-72.9555398
-0.3198559,-0.3198559,0.4099999,-58.6246323,-71.9129755
-0.3098559,-0.3098559,0.4199999,-56.3746592,-70.4339733
-0.2998559,-0.2998559,0.4299999,-53.7925352,-68.0804951
-0.2898559,-0.2898559,0.4399999,-50.9831042,-65.2743596
-0.2798559,-0.2798559,0.4499999,-48.0762857,-62.2739405
-0.2698559,-0.2698559,0.4599999,-45.1825312,-59.2401888
-0.2598559,-0.2598559,0.4699999,-42.3806972,-56.2690006
-0.2498559,-0.2498559,0.4799999,-39.7183889,-53.4147548
-0.2398559,-0.2398559,0.4899999,-37.2175355,-50.7068783
-0.2298559,-0.2298559,0.4999999,-34.8820781,-48.1969731
-0.2198559,-0.2198559,0.5099999,-32.7058214,-45.8735131
-0.2098559,-0.2098559,0.5199999,-30.6788210,-43.7599894
-0.1998559,-0.1998559,0.5299999,-28.7912197,-41.7974273
-0.1898559,-0.1898559,0.5399999,-27.0345180,-39.9584228
-0.1798559,-0.1798559,0.5499999,-25.4012198,-38.2298788
-0.1698559,-0.1698559,0.5599999,-23.8839231,-36.5993022
-0.1598559,-0.1598559,0.5699999,-22.4746576,-35.0552940
-0.1498559,-0.1498559,0.5799999,-21.1650213,-33.5879059
-0.1398559,-0.1398559,0.5899999,-19.9470710,-32.2625771
-0.1298559,-0.1298559,0.5999999,-18.8140735,-31.0264082
-0.1198559,-0.1198559,0.6099999,-17.7603504,-29.8554092
-0.1098559,-0.1098559,0.6199999,-16.7807103,-28.7410899
-0.0998559,-0.0998559,0.6299999,-15.8705072,-27.6760909
-0.0898559,-0.0898559,0.6399999,-15.0254541,-27.2641045
-0.0798559,-0.0798559,0.6499999,-14.2401235,-26.8812288
-0.0698559,-0.0698559,0.6599999,-13.5077767,-26.4024883
-0.0598559,-0.0598559,0.6699999,-12.8229493,-25.8448144
-0.0498559,-0.0498559,0.6799999,-12.1836704,-25.2495232
-0.0398559,-0.0398559,0.6899999,-11.5907123,-24.6867062
-0.0298559,-0.0298559,0.6999999,-11.0451151,-24.0785485
-0.0198559,-0.0198559,0.7099999,-10.5466305,-23.4362036
-0.0098559,-0.0098559,0.7199999,-10.0942060,-22.7689335
0.0001441,0.0001441,0.7299999,-9.6872419,-22.0844025
0.0101441,0.0101441,0.7399999,-9.3252973,-21.3893042
0.0201441,0.0201441,0.7499999,-9.0059428,-20.6914545
0.0301441,0.0301441,0.7599999,-8.7230879,-20.0100791
0.0401441,0.0401441,0.7699999,-8.4674953,-19.3779377
0.0501441,0.0501441,0.7799999,-8.2291227,-18.7362964
0.0601441,0.0601441,0.7899999,-7.9999940,-18.0856964
0.0701441,0.0701441,0.7999999,-7.7765484,-17.6382010
0.0801441,0.0801441,0.8099999,-7.5609505,-17.1925048
0.0901441,0.0901441,0.8199999,-7.3613687,-16.7507101
0.1001441,0.1001441,0.8299999,-7.1909426,-16.3875754
0.1101441,0.1101441,0.8399999,-7.0641244,-16.8572600
0.1201441,0.1201441,0.8499999,-6.9893169,-17.6721570
0.1301441,0.1301441,0.8599999,-6.9637362,-18.0707402
0.1401441,0.1401441,0.8699999,-6.9752141,-18.1523295
0.1501441,0.1501441,0.8799999,-7.0031784,-17.9932787
0.1601441,0.1601441,0.8899999,-7.0295713,-17.6530594
0.1701441,0.1701441,0.8999999,-7.0476485,-17.1802382
0.1801441,0.1801441,0.9099999,-7.0567551,-16.8683946
0.1901441,0.1901441,0.9199999,-7.0641778,-16.4898662
0.2001441,0.2001441,0.9299999,-7.0716698,-16.2893133
0.2101441,0.2101441,0.9399999,-7.0779044,-15.9322420
0.2201441,0.2201441,0.9499999,-7.0970924,-15.5712946
0.2301441,0.2301441,0.9599999,-7.1462738,-15.4459093
0.2401441,0.2401441,0.9699999,-7.2253259,-15.1203055
0.2501441,0.2501441,0.9799999,-7.3065697,-14.6344606
0.2601441,0.2601441,0.9899999,-7.3597796,-14.4103695
0.2701441,0.2701441,0.9999999,-7.3798580,-14.0228264
0.2801441,0.2801441,1.0099999,-7.3745333,-13.4297185
0.2901441,0.2901441,1.0199999,-7.3442690,-12.8285172
0.3001441,0.3001441,1.0299999,-7.2808132,-12.2100891
0.3101441,0.3101441,1.0399999,-7.1768801,-11.6850932
0.3201441,0.3201441,1.0499999,-7.0324877,-11.2684462
0.3301441,0.3301441,1.0599999,-6.8552914,-10.8126148
0.3401441,0.3401441,1.0699999,-6.6550575,-10.3272710
0.3501441,0.3501441,1.0799999,-6.4361305,-9.8447787
0.3601441,0.3601441,1.0899999,-6.1961761,-9.3572070
0.3701441,0.3701441,1.0999999,-5.9321389,-8.8396648
0.3801441,0.3801441,1.1099999,-5.6456068,-8.3130164
0.3901441,0.3901441,1.1199999,-5.3434133,-7.7977176
0.4001441,0.4001441,1.1299999,-5.0353023,-7.2968360
0.4101441,0.4101441,1.1399999,-4.7308278,-6.8234154
0.4201441,0.4201441,1.1499999,-4.4373028,-6.3907001
0.4301441,0.4301441,1.1599999,-4.1593089,-5.9912667
0.4401441,0.4401441,1.1699999,-3.8991332,-5.6070798
0.4501441,0.4501441,1.1799999,-3.6574566,-5.2434368
0.4601441,0.4601441,1.1899999,-3.4339584,-4.9077982
0.4701441,0.4701441,1.1999999,-3.2277540,-4.5928183
0.4801441,0.4801441,1.2099999,-3.0376812,-4.2991733
0.4901441,0.4901441,1.2199999,-2.8624753,-4.0265801
0.5001441,0.5001441,1.2299999,-2.7008710,-3.7741955
0.5101441,0.5101441,1.2399999,-2.5516583,-3.5408716
0.5201441,0.5201441,1.2499999,-2.4137098,-3.3253182
0.5301441,0.5301441,1.2599999,-2.2859921,-3.1262046
0.5401441,0.5401441,1.2699999,-2.1675667,-2.9422213
0.5501441,0.5501441,1.2799999,-2.0575869,-2.7721160
0.5601441,0.5601441,1.2899999,-1.9552910,-2.6147135
0.5701441,0.5701441,1.2999999,-1.8599954,-2.4689244
0.5801441,0.5801441,1.3099999,-1.7710868,-2.3337470
0.5901441,0.5901441,1.3199999,-1.6880149,-2.2082661
0.6001441,0.6001441,1.3299999,-1.6102856,-2.0916486
0.6101441,0.6101441,1.3399999,-1.5374551,-1.9831378
0.6201441,0.6201441,1.3499999,-1.4691236,-1.8820478
0.6301441,0.6301441,1.3599999,-1.4049311,-1.7877575
0.6401441,0.6401441,1.3699999,-1.3445526,-1.6997043
0.6501441,0.6501441,1.3799999,-1.2876940,-1.6173789
0.6601441,0.6601441,1.3899999,-1.2340894,-1.5403197
0.6701441,0.6701441,1.3999999,-1.1834970,-1.4681084
0.6801441,0.6801441,1.4099999,-1.1356976,-1.4003656
0.6901441,0.6901441,1.4199999,-1.0904913,-1.3367465
0.7001441,0.7001441,1.4299999,-1.0476960,-1.2769378
0.7101441,0.7101441,1.4399999,-1.0071453,-1.2206543
0.7201441,0.7201441,1.4499999,-0.9686870,-1.1676362
0.7301441,0.7301441,1.4599999,-0.9321818,-1.1176465
0.7401441,0.7401441,1.4699999,-0.8975016,-1.0704687
0.7501441,0.7501441,1.4799999,-0.8645289,-1.0259046
0.7601441,0.7601441,1.4899999,-0.8331556,-0.9837729
0.7701441,0.7701441,1.4999999,-0.8032818,-0.9439074
0.7801441,0.7801441,1.5099999,-0.7748156,-0.9062309
0.7901441,0.7901441,1.5199999,-0.7476719,-0.8705690
0.8001441,0.8001441,1.5299999,-0.7217722,-0.8367397
0.8101441,0.8101441,1.5399999,-0.6970434,-0.8046297
0.8201441,0.8201441,1.5499999,-0.6734180,-0.7742023
0.8301441,0.8301441,1.5599999,-0.6508333,-0.7452739
0.8401441,0.8401441,1.5699999,-0.6292308,-0.7177521
0.8501441,0.8501441,1.5799999,-0.6085562,-0.6915513
0.8601441,0.8601441,1.5899999,-0.5887590,-0.6665922
0.8701441,0.8701441,1.5999999,-0.5697919,-0.6428420
0.8801441,0.8801441,1.6099999,-0.5516109,-0.6202012
0.8901441,0.8901441,1.6199999,-0.5341748,-0.5985933
0.9001441,0.9001441,1.6299999,-0.5174451,-0.5779595
0.9101441,0.9101441,1.6399999,-0.5013856,-0.5582447
0.9201441,0.9201441,1.6499999,-0.4859626,-0.5393980
0.9301441,0.9301441,1.6599999,-0.4711445,-0.5213716
0.9401441,0.9401441,1.6699999,-0.4569013,-0.5041302
0.9501441,0.9501441,1.6799999,-0.4432052,-0.4876488
0.9601441,0.9601441,1.6899999,-0.4300298,-0.4718603
0.9701441,0.9701441,1.6999999,-0.4173505,-0.4567286
0.9801441,0.9801441,1.7099999,-0.4051438,-0.4422194
0.9901441,0.9901441,1.7199999,-0.3933879,-0.4283010
1.0001441,1.0001441,1.7299999,-0.3820619,-0.4149595
1.0101441,1.0101441,1.7399999,-0.3711465,-0.4022444
1.0201441,1.0201441,1.7499999,-0.3606230,-0.3900259
1.0301441,1.0301441,1.7599999,-0.3504740,-0.3782800
1.0401441,1.0401441,1.7699999,-0.3406831,-0.3669840
1.0501441,1.0501441,1.7799999,-0.3312345,-0.3561658
1.0601441,1.0601441,1.7899999,-0.3221136,-0.3457835
1.0701441,1.0701441,1.7999999,-0.3133062,-0.3357841
1.0801441,1.0801441,1.8099999,-0.3047992,-0.3261503
1.0901441,1.0901441,1.8199999,-0.2965799,-0.3168655
1.1001441,1.1001441,1.8299999,-0.2886363,-0.3079542
1.1101441,1.1101441,1.8399999,-0.2809571,-0.2993756
1.1201441,1.1201441,1.8499999,-0.2735314,-0.2910973
1.1301441,1.1301441,1.8599999,-0.2663491,-0.2831065
1.1401441,1.1401441,1.8699999,-0.2594004,-0.2753908
1.1501441,1.1501441,1.8799999,-0.2526760,-0.2679387
1.1601441,1.1601441,1.8899999,-0.2461670,-0.2607743
1.1701441,1.1701441,1.8999999,-0.2398650,-0.2538533
1.1801441,1.1801441,1.9099999,-0.2337620,-0.2471615
1.1901441,1.1901441,1.9199999,-0.2278504,-0.2406897
1.2001441,1.2001441,1.9299999,-0.2221228,-0.2344290
1.2101441,1.2101441,1.9399999,-0.2165723,-0.2283709
1.2201441,1.2201441,1.9499999,-0.2111922,-0.2225075
1.2301441,1.2301441,1.9599999,-0.2059762,-0.2168509
1.2401441,1.2401441,1.9699999,-0.2009183,-0.2113761
1.2501441,1.2501441,1.9799999,-0.1960126,-0.2060752
1.2601441,1.2601441,1.9899999,-0.1912536,-0.2009387
1.2701441,1.2701441,1.9999999,-0.1866360,-0.1959606
1.2801441,1.2801441,2.0099999,-0.1821547,-0.1911348
1.2901441,1.2901441,2.0199999,-0.1778049,-0.1864621
1.3001441,1.3001441,2.0299999,-0.1735819,-0.1819399
1.3101441,1.3101441,2.0399999,-0.1694813,-0.1775525
1.3201441,1.3201441,2.0499999,-0.1654987,-0.1732952
1.3301441,1.3301441,2.0599999,-0.1616302,-0.1691632
1.3401441,1.3401441,2.0699999,-0.1578718,-0.1651520
1.3501441,1.3501441,2.0799999,-0.1542197,-0.1612574
1.3601441,1.3601441,2.0899999,-0.1506703,-0.1574752
1.3701441,1.3701441,2.0999999,-0.1472202,-0.1538017
1.3801441,1.3801441,2.1099999,-0.1438660,-0.1502329
1.3901441,1.3901441,2.1199999,-0.1406045,-0.1467714
1.4001441,1.4001441,2.1299999,-0.1374327,-0.1434129
1.4101441,1.4101441,2.1399999,-0.1343477,-0.1401480
1.4201441,1.4201441,2.1499999,-0.1313465,-0.1369736
1.4301441,1.4301441,2.1599999,-0.1284266,-0.1338867
1.4401441,1.4401441,2.1699999,-0.1255851,-0.1308844
1.4501441,1.4501441,2.1799999,-0.1228197,-0.1279640
1.4601441,1.4601441,2.1899999,-0.1201280,-0.1251227
1.4701441,1.4701441,2.1999999,-0.1175074,-0.1223579
1.4801441,1.4801441,2.2099999,-0.1149560,-0.1196673
1.4901441,1.4901441,2.2199999,-0.1124714,-0.1170520
1.5001441,1.5001441,2.2299999,-0.1100515,-0.1145083
1.5101441,1.5101441,2.2399999,-0.1076945,-0.1120313
1.5201441,1.5201441,2.2499999,-0.1053983,-0.1096191
1.5301441,1.5301441,2.2599999,-0.1031611,-0.1072696
1.5401441,1.5401441,2.2699999,-0.1009811,-0.1049809
1.5501441,1.5501441,2.2799999,-0.0988565,-0.1027511
1.5601441,1.5601441,2.2899999,-0.0967857,-0.1005784
1.5701441,1.5701441,2.2999999,-0.0947671,-0.0984610
1.5801441,1.5801441,2.3099999,-0.0927991,-0.0963974
1.5901441,1.5901441,2.3199999,-0.0908802,-0.0943858
