# r[nm],d[nm],daligned[nm],UC(d)[kJ/mol],UK(d)[kJ/mol],UCl(d)[kJ/mol],UC2A(d)[kJ/mol],UC4A(d)[kJ/mol],UCPlus(d)[kJ/mol],UCMinus(d)[kJ/mol],UCMoreLJ(d)[kJ/mol],UCLessLJ(d)[kJ/mol]
-0.2191212,-0.2191212,-0.0730226,102369.1884528,65920.3162761,409825.4252060,6350.2823434,288705.8099856,102437.1218345,102301.2550712,120676.7715484,76322.6917537
-0.2141212,-0.2141212,-0.0680226,112159.5483658,72220.1955909,448930.8224380,6967.9469033,316248.0086363,112227.0132584,112092.0834732,132218.0277062,83622.0230573
-0.2091212,-0.2091212,-0.0630226,121869.8505477,78467.9279846,487720.0430302,7580.6312024,343566.9975199,121936.5979895,121803.1031058,143664.9087040,90861.6662690
-0.2041212,-0.2041212,-0.0580226,131290.5396684,84528.4785811,525357.2334446,8175.0339955,370073.9623267,131356.2781214,131224.8012154,154770.3825876,97885.3846625
-0.1991212,-0.1991212,-0.0530226,140197.6696274,90257.5228567,560949.4993468,8736.9177496,395139.8987307,140262.0676968,140133.2715581,165270.4530040,104526.2122841
-0.1941212,-0.1941212,-0.0480226,148360.3820126,95506.2576467,593576.8238500,9251.5800260,418116.6825435,148423.0714916,148297.6925336,174892.9750989,110612.0296151
-0.1891212,-0.1891212,-0.0430226,155550.0622061,100127.2917734,622328.6932991,9704.4312683,438362.8637462,155610.6414669,155489.4829453,183368.4490899,115972.3900273
-0.1841212,-0.1841212,-0.0380226,161551.0081578,103981.5098339,646346.7759984,10081.6684274,455273.7231448,161609.0459030,161492.9704126,190442.5970306,120446.4740269
-0.1791212,-0.1791212,-0.0330226,160857.8400736,103603.7463407,643134.9584499,10063.8647449,453055.0475532,160934.6752548,160781.0048923,189625.4635961,119929.6734658
-0.1741212,-0.1741212,-0.0280226,150038.2063030,96635.6645667,599942.9782720,9378.7377237,422631.2417768,150113.6433864,149962.7692195,176870.8594764,111862.9535314
-0.1691212,-0.1691212,-0.0230226,138853.6250174,89432.4037747,555290.4900333,8670.9971652,391178.4283948,138927.3398596,138779.9101752,163686.0410651,103524.1421883
-0.1641212,-0.1641212,-0.0180226,127550.1266185,82152.4057009,510159.4209329,7956.2482741,359388.2506078,127621.8115952,127478.4416419,150361.0385463,95096.6706310
-0.1591212,-0.1591212,-0.0130226,116334.0754827,74928.5577470,465373.5697539,7247.5590535,327840.9694097,116403.4410081,116264.7099573,137139.1222544,86734.3965281
-0.1541212,-0.1541212,-0.0080226,105373.7939804,67869.2416737,421605.0515861,6555.5674663,297010.0039016,105440.5697787,105307.0181821,124218.7171311,78562.8148317
-0.1491212,-0.1491212,-0.0030226,94803.3711723,61060.7894279,379389.4568734,5888.7277595,267272.6097235,94867.3073075,94739.4350372,111757.8925641,70681.8974006
-0.1441212,-0.1441212,0.0019774,84727.2475770,54570.4385325,339144.1093271,5253.6058589,238922.7401328,84788.1152488,84666.3799051,99879.7670891,63169.5112338
-0.1391212,-0.1391212,0.0069774,75224.5716129,48449.1399302,301185.4183536,4655.1596302,212183.2691115,75282.1637283,75166.9794975,88677.6439332,56084.6664733
-0.1341212,-0.1341212,0.0119774,66352.7951322,42733.8751796,265743.2023770,4096.9699927,187216.0806625,66406.9266601,66298.6636042,78219.2495689,49470.1971014
-0.1291212,-0.1291212,0.0169774,58150.3915108,37449.4079692,232971.5179848,3581.4154916,164129.6967222,58200.8996321,58099.8833895,68549.9379047,43354.7874484
-0.1241212,-0.1241212,0.0219774,50638.8654251,32609.5789712,202956.6686536,3109.8011990,142984.9182951,50685.6094881,50592.1213620,59695.0594874,37754.4706079
-0.1191212,-0.1191212,0.0269774,42066.6276002,27185.4660919,168816.4333091,2561.2943237,119004.5372387,42166.4394832,41966.8157171,49589.7729135,31363.3262114
-0.1141212,-0.1141212,0.0319774,34789.6695462,22500.0888355,139766.9958033,2102.9557871,98542.2839788,34888.6273194,34690.7117731,41011.4123940,25937.8946451
-0.1091212,-0.1091212,0.0369774,28795.5100288,18640.8366240,115841.3693063,1741.4495779,81689.1192081,28893.8499811,28697.1700766,33945.2645653,21468.8703607
-0.1041212,-0.1041212,0.0419774,23897.9760106,15487.8455279,96297.1494931,1433.6009445,67922.1586492,23995.9720612,23799.9799600,28171.8614271,17817.4496072
-0.0991212,-0.0991212,0.0469774,19927.9992947,12932.2854053,80459.9204019,1184.2670841,56766.4145619,20025.9614719,19830.0371176,23491.8988287,14857.5813722
-0.0941212,-0.0941212,0.0519774,16735.4208439,10877.5215320,67730.4394370,983.8871240,47799.8567374,16833.6932961,16637.1483917,19728.3634702,12477.3126147
-0.0891212,-0.0891212,0.0569774,14154.6299387,9148.0965903,56955.8592234,824.1268806,40158.1797245,14197.7238705,14090.1034782,16686.0270095,10553.1700898
-0.0841212,-0.0841212,0.0619774,11036.4979875,7137.5796962,44477.2204401,659.9836873,31365.5498071,11076.2423245,10996.7536504,13010.2520735,8228.4058970
-0.0791212,-0.0791212,0.0669774,8634.8137842,5588.2369628,34860.4600571,511.8621546,24588.6776560,8671.2679079,8598.3596604,10179.0535428,6437.7987240
-0.0741212,-0.0741212,0.0719774,6778.7730709,4390.0871569,27424.0004137,398.0576772,19347.4944674,6811.9998817,6745.5462600,7991.0807306,5054.0032150
-0.0691212,-0.0691212,0.0769774,5339.5146903,3460.1658482,21653.5393146,310.3936373,15279.7555897,5369.5800852,5309.4492954,6294.4271045,3980.9452432
-0.0641212,-0.0641212,0.0819774,4219.6077235,2735.7523973,17160.1355846,242.6967071,12111.5165873,4246.5801026,4192.6353444,4974.2373166,3145.9839085
-0.0591212,-0.0591212,0.0869774,3345.1982700,2169.3106091,13648.8968512,190.2951390,9635.0774238,3369.1480673,3321.2484727,3943.4495234,2494.0564664
-0.0541212,-0.0541212,0.0919774,2660.1463680,1740.3527537,10895.6009434,149.6443561,7692.5150122,2681.1456038,2639.1471323,3135.8837595,1983.3070315
-0.0491212,-0.0491212,0.0969774,2121.6477640,1390.0547755,8729.2368024,118.0475000,6163.3854062,2139.7696183,2103.5259097,2501.0807098,1597.4634303
-0.0441212,-0.0441212,0.1019774,1712.6027740,1112.9950703,7018.9547271,93.4466857,4955.5318773,1727.9211819,1697.2843661,2000.4442688,1280.8331437
-0.0391212,-0.0391212,0.1069774,1376.6028632,893.0126407,5664.2987313,74.2668475,3998.2048707,1389.1921328,1364.0135936,1619.9956356,1030.3240011
-0.0341212,-0.0341212,0.1119774,1109.9409909,717.6655289,4587.8821145,59.2977233,3236.9029261,1119.8754466,1100.0065352,1305.6442733,831.5107430
-0.0291212,-0.0291212,0.1169774,897.6674001,577.3422045,3729.8830167,47.5944650,2629.4955684,905.0210537,890.3137465,1055.4079277,673.2473820
-0.0241212,-0.0241212,0.1219774,728.1912986,464.5922378,3043.8973363,38.3771486,2143.3023030,733.0375499,723.3450474,855.6229231,546.8922506
-0.0191212,-0.0191212,0.1269774,592.4957056,373.6207702,2493.8056303,30.9851430,1768.5269390,594.9070751,590.0843344,695.6596927,445.7226206
-0.0141212,-0.0141212,0.1319774,483.5426032,299.9055709,2051.3989869,24.9507156,1454.0210222,483.5904992,482.8640423,567.2215482,364.4911914
-0.0091212,-0.0091212,0.1369774,395.8198095,239.9060494,1701.3890452,20.0259387,1199.8593353,393.5753686,379.8779338,463.8114822,299.0815770
-0.0041212,-0.0041212,0.1419774,324.7793089,190.8414199,1358.6381072,16.0571222,993.7488667,320.5312201,297.5371633,380.1795650,245.8963161
0.0008788,0.0008788,0.1469774,264.3990518,150.5209914,1090.7900303,12.8910457,812.1018940,261.0458657,233.7517612,309.1387599,200.7195801
0.0058788,0.0058788,0.1519774,213.5311016,117.2136439,880.4382905,10.3758127,661.5066991,212.4229239,184.1719287,248.9927674,163.0164199
0.0108788,0.0108788,0.1569774,173.0174717,89.3820822,714.4273967,8.3796194,542.1115703,172.5258361,145.5248937,201.1918918,132.8853700
0.0158788,0.0158788,0.1619774,140.8973883,59.3879752,582.7981385,6.7936592,446.9072203,139.6572672,115.3342241,163.3188733,108.9539809
0.0208788,0.0208788,0.1669774,115.3363547,29.2557732,477.9689897,5.5274567,370.5513387,112.4655067,91.7163439,133.1874505,89.8910375
0.0258788,0.0258788,0.1719774,94.9015552,3.8909599,394.1380073,4.5063040,308.9559423,89.8715956,73.2323750,109.1040811,74.6384066
0.0308788,0.0308788,0.1769774,78.4877902,-17.6355950,326.8428828,3.6709220,258.9775577,71.0124087,58.7784199,89.7650479,62.3754762
0.0358788,0.0358788,0.1819774,65.2408565,-36.1050561,272.6352341,2.9769027,218.1878147,55.1960382,47.5034505,74.1634625,52.4667315
0.0408788,0.0408788,0.1869774,54.4978936,-52.0901329,228.8379913,2.3931433,184.7025372,41.8666970,38.7477034,61.5182750,44.4186662
0.0458788,0.0458788,0.1919774,45.7423922,-66.0126337,193.3636213,1.8990355,157.0536576,30.5770029,31.9958152,51.2209149,37.8466457
0.0508788,0.0508788,0.1969774,38.5703113,-78.1862804,164.5771840,1.4809791,134.0926758,20.9659683,26.8380478,42.7952015,32.4494820
0.0558788,0.0558788,0.2019774,32.6642942,-88.8477206,141.1926292,1.1293243,114.9174908,12.7413545,22.9280237,35.8670749,27.9898733
0.0608788,0.0608788,0.2069774,27.7737852,-98.1789323,122.1938880,0.8361080,98.8166471,5.6634573,19.9134149,30.1414617,24.2796924
0.0658788,0.0658788,0.2119774,23.6997653,-106.3233508,106.7745618,0.5934438,85.2266299,-0.5228426,17.3007649,25.3843723,21.1694171
0.0708788,0.0708788,0.2169774,20.2834653,-113.3974187,94.2916361,0.3926105,73.6990089,-6.6312842,14.3523680,21.4091739,18.5406189
0.0758788,0.0758788,0.2219774,17.3983560,-119.4987307,84.2297471,0.2240171,63.8750816,-14.0276301,10.7173713,18.0665078,16.3000837
0.0808788,0.0808788,0.2269774,14.9442353,-124.7117186,76.1712351,0.0779941,55.4662798,-21.5055488,6.9899123,15.2371557,14.3745244
0.0858788,0.0858788,0.2319774,12.8421446,-129.1151135,69.7291212,-0.0540226,48.2390136,-27.9285044,3.7200733,12.8266713,12.7057565
0.0908788,0.0908788,0.2369774,11.0295039,-136.4456024,64.0120721,-0.1785182,42.0029188,-33.2635641,1.0597642,10.7605676,11.2468176
0.0958788,0.0958788,0.2419774,9.4557486,-154.7200085,56.5101869,-0.2995408,36.6017322,-37.7100335,-1.0126977,8.9795782,9.9594291
0.1008788,0.1008788,0.2469774,8.0791097,-170.1715814,47.3423330,-0.4189495,31.9062711,-41.4878217,-2.5646160,7.4354041,8.8126976
0.1058788,0.1058788,0.2519774,6.8648627,-182.7626614,38.3768138,-0.5370171,27.8091631,-44.8011985,-3.6687235,6.0876673,7.7824961
0.1108788,0.1108788,0.2569774,5.7847509,-192.9863227,30.4146635,-0.6531894,24.2209766,-47.8104354,-4.3937094,4.9024070,6.8508621
0.1158788,0.1158788,0.2619774,4.8168518,-201.2557614,23.6678011,-0.7668400,21.0672691,-50.6032497,-4.8092294,3.8517792,6.0050163
0.1208788,0.1208788,0.2669774,3.9451600,-207.9194346,18.0815412,-0.8777944,18.2860155,-53.2284858,-5.0070219,2.9141543,5.2360061
0.1258788,0.1258788,0.2719774,3.1585533,-213.2607094,13.5323586,-0.9864695,15.8250963,-56.5349526,-5.1292986,2.0738208,4.5372439
0.1308788,0.1308788,0.2769774,2.4492892,-217.4917837,9.8933162,-1.0937208,13.6399432,-63.4911520,-5.3417617,1.3199447,3.9032308
0.1358788,0.1358788,0.2819774,1.8114424,-220.7605071,7.0493440,-1.2005399,11.6917352,-71.2206544,-5.7061049,0.6449844,3.3286172
0.1408788,0.1408788,0.2869774,1.2396352,-223.1733814,4.8989494,-1.3076156,9.9465039,-77.8142954,-6.1277355,0.0430554,2.8076415
0.1458788,0.1458788,0.2919774,0.7281952,-224.8192459,3.3527851,-1.4149353,8.3752237,-83.2826309,-6.4805901,-0.4913565,2.3339749
0.1508788,0.1508788,0.2969774,0.2707636,-225.7819588,2.3311465,-1.5217456,6.9544927,-87.7842956,-6.6937662,-0.9642010,1.9009590
0.1558788,0.1558788,0.3019774,-0.1396510,-226.1433042,1.7556384,-1.6268869,5.6669563,-91.4567206,-6.7344255,-1.3821921,1.5020580
0.1608788,0.1608788,0.3069774,-0.5102781,-225.9818827,1.5124201,-1.7292752,4.5006691,-94.4087807,-6.5815452,-1.7526893,1.1312415
0.1658788,0.1658788,0.3119774,-0.8481254,-225.3720799,1.3624582,-1.8281530,3.4473350,-96.7285530,-6.2246805,-2.0832844,0.7831592
0.1708788,0.1708788,0.3169774,-1.1596805,-224.3849683,0.9613454,-1.9227577,2.5001464,-98.4915861,-5.6694894,-2.3813717,0.4532032
0.1758788,0.1758788,0.3219774,-1.4507499,-223.0906075,0.2591892,-2.0116977,1.6520695,-99.7661395,-4.9370912,-2.6538722,0.1376318
0.1808788,0.1808788,0.3269774,-1.7262518,-221.5588658,-0.4157691,-2.0928229,0.8950088,-100.6154961,-4.0585567,-2.9070170,-0.1662253
0.1858788,0.1858788,0.3319774,-1.9898858,-219.8565873,-0.8058671,-2.1637686,0.2198322,-101.0988795,-3.0689701,-3.1460052,-0.4599022
0.1908788,0.1908788,0.3369774,-2.2438981,-218.0430494,-0.8411207,-2.2225683,-0.3830922,-101.2723457,-2.0033201,-3.3745636,-0.7440347
0.1958788,0.1958788,0.3419774,-2.4892198,-216.1665619,-0.5369391,-2.2678756,-0.9233335,-101.1898914,-0.8939025,-3.5947341,-1.0186775
0.2008788,0.2008788,0.3469774,-2.7258675,-214.2600413,0.0708008,-2.2988617,-1.4101136,-100.9037966,0.2319730,-3.8071218,-1.2833622
0.2058788,0.2058788,0.3519774,-2.9532036,-212.3346456,0.9437801,-2.3150710,-1.8522098,-100.4632307,1.3537396,-4.0113593,-1.5369792
0.2108788,0.2108788,0.3569774,-3.1699534,-210.3779389,2.0424701,-2.3163679,-2.2577467,-99.9117074,2.4572503,-4.2063773,-1.7779174
0.2158788,0.2158788,0.3619774,-3.3743470,-208.3631693,3.3255835,-2.3029653,-2.6337736,-99.2849428,3.5318821,-4.3905011,-2.0045734
0.2208788,0.2208788,0.3669774,-3.5646024,-206.2661166,4.7511843,-2.2755246,-2.9858319,-98.6092973,4.5665798,-4.5617547,-2.2157584
0.2258788,0.2258788,0.3719774,-3.7393781,-204.0769381,6.2787213,-2.2352520,-3.3177124,-97.8995910,5.5475679,-4.7183988,-2.4106197
0.2308788,0.2308788,0.3769774,-3.8977522,-201.8006968,7.8709498,-2.1838751,-3.6313871,-97.1577898,6.4607436,-4.8592297,-2.5882961
0.2358788,0.2358788,0.3819774,-4.0388645,-199.4514269,9.4951970,-2.1234725,-3.9271040,-96.3764016,7.2989986,-4.9833706,-2.7477645
0.2408788,0.2408788,0.3869774,-4.1617047,-197.0463807,11.1235419,-2.0562384,-4.2037859,-95.5457972,8.0686465,-5.0898992,-2.8879701
0.2458788,0.2458788,0.3919774,-4.2652226,-194.6028303,12.7315059,-1.9842702,-4.4597522,-94.6602026,8.7881454,-5.1777565,-3.0080268
0.2508788,0.2508788,0.3969774,-4.3485510,-192.1367605,14.2951832,-1.9094284,-4.6934307,-93.7195869,9.4801117,-5.2459429,-3.1073339
0.2558788,0.2558788,0.4019774,-4.4111420,-189.6624063,15.7882054,-1.8332718,-4.9036755,-92.7286257,10.1634815,-5.2937371,-3.1856095
0.2608788,0.2608788,0.4069774,-4.4527909,-187.1921185,17.1832730,-1.7570477,-5.0896874,-91.6947686,10.8500618,-5.3207843,-3.2428876
0.2658788,0.2658788,0.4119774,-4.4736090,-184.7363770,18.4628809,-1.6817162,-5.2508430,-90.6265498,11.5449030,-5.3270780,-3.2795201
0.2708788,0.2708788,0.4169774,-4.4740019,-182.3038808,19.6328435,-1.6079892,-5.3866527,-89.5324847,12.2482660,-5.3129090,-3.2962054
0.2758788,0.2758788,0.4219774,-4.4546899,-179.9016760,20.7231261,-1.5363749,-5.4968236,-88.4205061,12.9576447,-5.2788467,-3.2940320
0.2808788,0.2808788,0.4269774,-4.4167608,-177.5353077,21.7732311,-1.4672179,-5.5813263,-87.2977516,13.6692688,-5.2257751,-3.2744933
0.2858788,0.2858788,0.4319774,-4.3617058,-175.2089880,22.8162538,-1.4007364,-5.6404143,-86.1705218,14.3790501,-5.1549557,-3.2394388
0.2908788,0.2908788,0.4369774,-4.2913908,-172.9257744,23.8720849,-1.3370512,-5.6746083,-85.0442999,15.0831076,-5.0680535,-3.1909634
0.2958788,0.2958788,0.4419774,-4.2079569,-170.6877492,24.9485217,-1.2762106,-5.6846791,-83.9237835,15.7780184,-4.9670867,-3.1312672
0.3008788,0.3008788,0.4469774,-4.1136794,-168.4961917,26.0452221,-1.2182090,-5.6716601,-82.8129234,16.4609066,-4.8543085,-3.0625215
0.3058788,0.3058788,0.4519774,-4.0108249,-166.3517346,27.1574023,-1.1630023,-5.6368857,-81.7149707,17.1294444,-4.7320577,-2.9867647
0.3108788,0.3108788,0.4569774,-3.9015356,-164.2545021,28.2783899,-1.1105188,-5.5820225,-80.6325359,17.7818082,-4.6026191,-2.9058347
0.3158788,0.3158788,0.4619774,-3.7877515,-162.2042265,29.4011355,-1.0606686,-5.5090557,-79.5676566,18.4166175,-4.4681164,-2.8213362
0.3208788,0.3208788,0.4669774,-3.6711697,-160.2003442,30.5190081,-1.0133492,-5.4202195,-78.5218705,19.0328693,-4.3304449,-2.7346334
0.3258788,0.3258788,0.4719774,-3.5532324,-158.2420742,31.6261555,-0.9684513,-5.3178883,-77.4962877,19.6298757,-4.1912414,-2.6468606
0.3308788,0.3308788,0.4769774,-3.4351358,-156.3284787,32.7176223,-0.9258621,-5.2044568,-76.4916602,20.2072080,-4.0518795,-2.5589429
0.3358788,0.3358788,0.4819774,-3.3178500,-154.4585121,33.7893386,-0.8854678,-5.0822339,-75.5084447,20.7646481,-3.9134836,-2.4716206
0.3408788,0.3408788,0.4869774,-3.2021455,-152.6310573,34.8380478,-0.8471560,-4.9533628,-74.5468578,21.3021471,-3.7769534,-2.3854759
0.3458788,0.3458788,0.4919774,-3.0886206,-150.8449547,35.8612105,-0.8108166,-4.8197714,-73.6069239,21.8197910,-3.6429914,-2.3009574
0.3508788,0.3508788,0.4969774,-2.9777288,-149.0990228,36.8569026,-0.7763429,-4.6831490,-72.6885155,22.3177720,-3.5121320,-2.2184030
0.3558788,0.3558788,0.5019774,-2.8698029,-147.3920747,37.8237199,-0.7436325,-4.5449431,-71.7913860,22.7963652,-3.3847693,-2.1380595
0.3608788,0.3608788,0.5069774,-2.7650770,-145.7229297,38.7606911,-0.7125871,-4.4063700,-70.9151982,23.2559091,-3.2611811,-2.0600999
0.3658788,0.3658788,0.5119774,-2.6637054,-144.0904218,39.6672023,-0.6831135,-4.2684339,-70.0595460,23.6967906,-3.1415509,-1.9846373
0.3708788,0.3708788,0.5169774,-2.5657779,-142.4934063,40.5429321,-0.6551229,-4.1319498,-69.2239728,24.1194319,-3.0259863,-1.9117378
0.3758788,0.3758788,0.5219774,-2.4713337,-140.9307637,41.3877969,-0.6285314,-3.9975677,-68.4079861,24.5242802,-2.9145343,-1.8414293
0.3808788,0.3808788,0.5269774,-2.3803716,-139.4014031,42.2019047,-0.6032596,-3.8657962,-67.6110689,24.9118000,-2.8071944,-1.7737104
0.3858788,0.3858788,0.5319774,-2.2928595,-137.9042641,42.9855173,-0.5792329,-3.7370239,-66.8326894,25.2824659,-2.7039291,-1.7085569
0.3908788,0.3908788,0.5369774,-2.2087413,-136.4383179,43.7390181,-0.5563807,-3.6115395,-66.0723080,25.6367579,-2.6046723,-1.6459268
0.3958788,0.3958788,0.5419774,-2.1279430,-135.0025681,44.4628862,-0.5346368,-3.4895485,-65.3293832,25.9751565,-2.5093368,-1.5857651
0.4008788,0.4008788,0.5469774,-2.0503773,-133.5960506,45.1576747,-0.5139388,-3.3711882,-64.6033761,26.2981399,-2.4178194,-1.5280069
0.4058788,0.4058788,0.5519774,-1.9759478,-132.2178340,45.8239932,-0.4942282,-3.2565404,-63.8937536,26.6061811,-2.3300061,-1.4725805
0.4108788,0.4108788,0.5569774,-1.9045515,-130.8670187,46.4624928,-0.4754499,-3.1456416,-63.1999914,26.8997461,-2.2457750,-1.4194096
0.4158788,0.4158788,0.5619774,-1.8360814,-129.5427368,47.0738548,-0.4575523,-3.0384925,-62.5215760,27.1792919,-2.1649997,-1.3684148
0.4208788,0.4208788,0.5669774,-1.7704286,-128.2441511,47.6587806,-0.4404869,-2.9350650,-61.8580060,27.4452657,-2.0875513,-1.3195154
0.4258788,0.4258788,0.5719774,-1.7074837,-126.9704546,48.2179839,-0.4242080,-2.8353086,-61.2087930,27.6981037,-2.0133003,-1.2726302
0.4308788,0.4308788,0.5769774,-1.6471378,-125.7208697,48.7521845,-0.4086731,-2.7391552,-60.5734630,27.9382308,-1.9421179,-1.2276783
0.4358788,0.4358788,0.5819774,-1.5892836,-124.4946469,49.2621027,-0.3938417,-2.6465235,-59.9515560,28.1660597,-1.8738772,-1.1845803
0.4408788,0.4408788,0.5869774,-1.5338160,-123.2910647,49.7484555,-0.3796763,-2.5573224,-59.3426270,28.3819912,-1.8084538,-1.1432579
0.4458788,0.4458788,0.5919774,-1.4806324,-122.1094282,50.2119531,-0.3661413,-2.4714537,-58.7462456,28.5864134,-1.7457266,-1.1036353
0.4508788,0.4508788,0.5969774,-1.4296334,-120.9490680,50.6532963,-0.3532035,-2.3888144,-58.1619961,28.7797023,-1.6855780,-1.0656385
0.4558788,0.4558788,0.6019774,-1.3807230,-119.8093400,51.0731743,-0.3408315,-2.3092983,-57.5894777,28.9622214,-1.6278944,-1.0291962
0.4608788,0.4608788,0.6069774,-1.3338085,-118.6896238,51.4722630,-0.3289959,-2.2327981,-57.0283036,29.1343221,-1.5725662,-0.9942396
0.4658788,0.4658788,0.6119774,-1.2888007,-117.5893224,51.8512243,-0.3176690,-2.1592058,-56.4781016,29.2963438,-1.5194881,-0.9607025
0.4708788,0.4708788,0.6169774,-1.2456141,-116.5078608,52.2107042,-0.3068248,-2.0884142,-55.9385129,29.4486140,-1.4685591,-0.9285213
0.4758788,0.4758788,0.6219774,-1.2041668,-115.4446858,52.5513330,-0.2964387,-2.0203172,-55.4091925,29.5914487,-1.4196823,-0.8976351
0.4808788,0.4808788,0.6269774,-1.1643803,-114.3992647,52.8737243,-0.2864876,-1.9548110,-54.8898082,29.7251530,-1.3727651,-0.8679856
0.4858788,0.4858788,0.6319774,-1.1261797,-113.3710844,53.1784751,-0.2769499,-1.8917937,-54.3800408,29.8500205,-1.3277189,-0.8395171
0.4908788,0.4908788,0.6369774,-1.0894935,-112.3596514,53.4661651,-0.2678048,-1.8311662,-53.8795834,29.9663349,-1.2844592,-0.8121763
0.4958788,0.4958788,0.6419774,-1.0542532,-111.3644900,53.7373572,-0.2590333,-1.7728325,-53.3881407,30.0743691,-1.2429054,-0.7859126
0.5008788,0.5008788,0.6469774,-1.0203939,-110.3851426,53.9925972,-0.2506170,-1.7166994,-52.9054294,30.1743864,-1.2029806,-0.7606775
0.5058788,0.5058788,0.6519774,-0.9878534,-109.4211684,54.2324139,-0.2425386,-1.6626768,-52.4311769,30.2666406,-1.1646115,-0.7364247
0.5108788,0.5108788,0.6569774,-0.9565728,-108.4721427,54.4573197,-0.2347821,-1.6106782,-51.9651217,30.3513762,-1.1277284,-0.7131104
0.5158788,0.5158788,0.6619774,-0.9264956,-107.5376568,54.6678101,-0.2273320,-1.5606199,-51.5070123,30.4288291,-1.0922649,-0.6906927
0.5208788,0.5208788,0.6669774,-0.8975684,-106.6173167,54.8643648,-0.2201739,-1.5124216,-51.0566074,30.4992265,-1.0581576,-0.6691317
0.5258788,0.5258788,0.6719774,-0.8697401,-105.7107431,55.0474473,-0.2132941,-1.4660063,-50.6136750,30.5627879,-1.0253465,-0.6483894
0.5308788,0.5308788,0.6769774,-0.8429622,-104.8175705,55.2175055,-0.2066796,-1.4212998,-50.1779927,30.6197246,-0.9937742,-0.6284297
0.5358788,0.5358788,0.6819774,-0.8171886,-103.9374468,55.3749721,-0.2003182,-1.3782314,-49.7493466,30.6702408,-0.9633862,-0.6092183
0.5408788,0.5408788,0.6869774,-0.7923752,-103.0700326,55.5202648,-0.1941983,-1.3367330,-49.3275314,30.7145338,-0.9341307,-0.5907224
0.5458788,0.5458788,0.6919774,-0.7684803,-102.2150011,55.6537867,-0.1883089,-1.2967396,-48.9123499,30.7527939,-0.9059584,-0.5729109
0.5508788,0.5508788,0.6969774,-0.7454640,-101.3720371,55.7759268,-0.1826396,-1.2581889,-48.5036129,30.7852052,-0.8788222,-0.5557542
0.5558788,0.5558788,0.7019774,-0.7232885,-100.5408369,55.8870598,-0.1771806,-1.2210213,-48.1011384,30.8119457,-0.8526775,-0.5392240
0.5608788,0.5608788,0.7069774,-0.7019178,-99.7211078,55.9875474,-0.1719226,-1.1851800,-47.7047518,30.8331877,-0.8274818,-0.5232935
0.5658788,0.5658788,0.7119774,-0.6813174,-98.9125675,56.0777377,-0.1668567,-1.1506103,-47.3142853,30.8490979,-0.8031946,-0.5079371
0.5708788,0.5708788,0.7169774,-0.6614549,-98.1149439,56.1579663,-0.1619744,-1.1172603,-46.9295778,30.8598380,-0.7797773,-0.4931306
0.5758788,0.5758788,0.7219774,-0.6422990,-97.3279748,56.2285561,-0.1572679,-1.0850802,-46.5504744,30.8655647,-0.7571933,-0.4788507
0.5808788,0.5808788,0.7269774,-0.6238201,-96.5514070,56.2898181,-0.1527296,-1.0540224,-46.1768263,30.8664302,-0.7354075,-0.4650755
0.5858788,0.5858788,0.7319774,-0.6059900,-95.7849965,56.3420513,-0.1483522,-1.0240416,-45.8084904,30.8625821,-0.7143869,-0.4517837
0.5908788,0.5908788,0.7369774,-0.5887819,-95.0285079,56.3855437,-0.1441290,-0.9950942,-45.4453292,30.8541641,-0.6940995,-0.4389556
0.5958788,0.5958788,0.7419774,-0.5721701,-94.2817140,56.4205717,-0.1400534,-0.9671389,-45.0872105,30.8413157,-0.6745153,-0.4265718
0.6008788,0.6008788,0.7469774,-0.5561302,-93.5443958,56.4474016,-0.1361193,-0.9401360,-44.7340071,30.8241730,-0.6556054,-0.4146144
0.6058788,0.6058788,0.7519774,-0.5406389,-92.8163417,56.4662887,-0.1323208,-0.9140475,-44.3855968,30.8028682,-0.6373423,-0.4030659
0.6108788,0.6108788,0.7569774,-0.5256741,-92.0973474,56.4774788,-0.1286523,-0.8888374,-44.0418618,30.7775306,-0.6197000,-0.3919098
0.6158788,0.6158788,0.7619774,-0.5112146,-91.3872160,56.4812077,-0.1251085,-0.8644709,-43.7026888,30.7482859,-0.6026535,-0.3811303
0.6208788,0.6208788,0.7669774,-0.4972402,-90.6857568,56.4777019,-0.1216844,-0.8409151,-43.3679687,30.7152571,-0.5861788,-0.3707124
0.6258788,0.6258788,0.7719774,-0.4837316,-89.9927862,56.4671788,-0.1183751,-0.8181382,-43.0375966,30.6785641,-0.5702534,-0.3606417
0.6308788,0.6308788,0.7769774,-0.4706704,-89.3081264,56.4498472,-0.1151760,-0.7961102,-42.7114712,30.6383244,-0.5548556,-0.3509046
0.6358788,0.6358788,0.7819774,-0.4580391,-88.6316056,56.4259077,-0.1120827,-0.7748020,-42.3894951,30.5946525,-0.5399645,-0.3414879
0.6408788,0.6408788,0.7869774,-0.4458210,-87.9630580,56.3955526,-0.1090910,-0.7541861,-42.0715742,30.5476606,-0.5255606,-0.3323791
0.6458788,0.6458788,0.7919774,-0.4339999,-87.3023229,56.3589665,-0.1061971,-0.7342359,-41.7576179,30.4974584,-0.5116248,-0.3235664
0.6508788,0.6508788,0.7969774,-0.4225607,-86.6492452,56.3163270,-0.1033969,-0.7149263,-41.4475387,30.4441534,-0.4981392,-0.3150383
0.6558788,0.6558788,0.8019774,-0.4114887,-86.0036747,56.2678043,-0.1006870,-0.6962330,-41.1412523,30.3878508,-0.4850865,-0.3067839
0.6608788,0.6608788,0.8069774,-0.4007699,-85.3654659,56.2135621,-0.0980639,-0.6781328,-40.8386772,30.3286534,-0.4724503,-0.2987929
0.6658788,0.6658788,0.8119774,-0.3903910,-84.7344781,56.1537579,-0.0955242,-0.6606035,-40.5397348,30.2666623,-0.4602148,-0.2910552
0.6708788,0.6708788,0.8169774,-0.3803392,-84.1105751,56.0885429,-0.0930647,-0.6436240,-40.2443490,30.2019761,-0.4483649,-0.2835613
0.6758788,0.6758788,0.8219774,-0.3706023,-83.4936247,56.0180630,-0.0906826,-0.6271740,-39.9524464,30.1346917,-0.4368862,-0.2763022
0.6808788,0.6808788,0.8269774,-0.3611685,-82.8834990,55.9424584,-0.0883747,-0.6112338,-39.6639560,30.0649038,-0.4257649,-0.2692691
0.6858788,0.6858788,0.8319774,-0.3520268,-82.2800739,55.8618647,-0.0861385,-0.5957850,-39.3788090,29.9927052,-0.4149879,-0.2624536
0.6908788,0.6908788,0.8369774,-0.3431663,-81.6832291,55.7764125,-0.0839712,-0.5808096,-39.0969391,29.9181868,-0.4045424,-0.2558478
0.6958788,0.6958788,0.8419774,-0.3345768,-81.0928478,55.6862285,-0.0818703,-0.5662906,-38.8182817,29.8414376,-0.3944165,-0.2494441
0.7008788,0.7008788,0.8469774,-0.3262484,-80.5088167,55.5914351,-0.0798335,-0.5522114,-38.5427746,29.7625446,-0.3845985,-0.2432351
0.7058788,0.7058788,0.8519774,-0.3181719,-79.9310257,55.4921510,-0.0778583,-0.5385564,-38.2703575,29.6815930,-0.3750773,-0.2372137
0.7108788,0.7108788,0.8569774,-0.3103381,-79.3593681,55.3884918,-0.0759425,-0.5253105,-38.0009717,29.5986662,-0.3658423,-0.2313733
0.7158788,0.7158788,0.8619774,-0.3027384,-78.7937399,55.2805699,-0.0740841,-0.5124593,-37.7345604,29.5138457,-0.3568832,-0.2257075
0.7208788,0.7208788,0.8669774,-0.2953645,-78.2340402,55.1684950,-0.0722809,-0.4999887,-37.4710687,29.4272110,-0.3481904,-0.2202100
0.7258788,0.7258788,0.8719774,-0.2882084,-77.6801710,55.0523742,-0.0705311,-0.4878856,-37.2104430,29.3388399,-0.3397543,-0.2148749
0.7308788,0.7308788,0.8769774,-0.2812626,-77.1320366,54.9323126,-0.0688327,-0.4761370,-36.9526315,29.2488086,-0.3315661,-0.2096965
0.7358788,0.7358788,0.8819774,-0.2745197,-76.5895441,54.8084131,-0.0671839,-0.4647309,-36.6975838,29.1571910,-0.3236172,-0.2046693
0.7408788,0.7408788,0.8869774,-0.2679727,-76.0526033,54.6807772,-0.0655831,-0.4536553,-36.4452509,29.0640596,-0.3158991,-0.1997883
0.7458788,0.7458788,0.8919774,-0.2616148,-75.5211258,54.5495047,-0.0640286,-0.4428989,-36.1955852,28.9694850,-0.3084040,-0.1950482
0.7508788,0.7508788,0.8969774,-0.2554395,-74.9950260,54.4146941,-0.0625187,-0.4324510,-35.9485403,28.8735358,-0.3011243,-0.1904443
0.7558788,0.7558788,0.9019774,-0.2494408,-74.4742201,54.2764430,-0.0610520,-0.4223010,-35.7040713,28.7762791,-0.2940526,-0.1859719
0.7608788,0.7608788,0.9069774,-0.2436125,-73.9586267,54.1348479,-0.0596270,-0.4124388,-35.4621343,28.6777801,-0.2871818,-0.1816267
0.7658788,0.7658788,0.9119774,-0.2379489,-73.4481662,53.9900045,-0.0582422,-0.4028550,-35.2226867,28.5781023,-0.2805053,-0.1774042
0.7708788,0.7708788,0.9169774,-0.2324446,-72.9427611,53.8420080,-0.0568964,-0.3935401,-34.9856868,28.4773073,-0.2740165,-0.1733005
0.7758788,0.7758788,0.9219774,-0.2270942,-72.4423356,53.6909530,-0.0555883,-0.3844853,-34.7510942,28.3754552,-0.2677092,-0.1693116
0.7808788,0.7808788,0.9269774,-0.2218927,-71.9468159,53.5369335,-0.0543165,-0.3756820,-34.5188695,28.2726042,-0.2615773,-0.1654336
0.7858788,0.7858788,0.9319774,-0.2168351,-71.4561297,53.3800432,-0.0530799,-0.3671220,-34.2889741,28.1688111,-0.2556151,-0.1616629
0.7908788,0.7908788,0.9369774,-0.2119167,-70.9702066,53.2203756,-0.0518773,-0.3587972,-34.0613705,28.0641306,-0.2498171,-0.1579960
0.7958788,0.7958788,0.9419774,-0.2071330,-70.4889776,53.0580235,-0.0507077,-0.3507002,-33.8360222,27.9586161,-0.2441778,-0.1544295
0.8008788,0.8008788,0.9469774,-0.2024797,-70.0123754,52.8930798,-0.0495699,-0.3428235,-33.6128933,27.8523192,-0.2386922,-0.1509602
0.8058788,0.8058788,0.9519774,-0.1979525,-69.5403342,52.7256367,-0.0484630,-0.3351600,-33.3919491,27.7452900,-0.2333553,-0.1475849
0.8108788,0.8108788,0.9569774,-0.1935473,-69.0727896,52.5557863,-0.0473858,-0.3277030,-33.1731555,27.6375770,-0.2281623,-0.1443007
0.8158788,0.8158788,0.9619774,-0.1892604,-68.6096785,52.3836203,-0.0463376,-0.3204458,-32.9564792,27.5292272,-0.2231086,-0.1411046
0.8208788,0.8208788,0.9669774,-0.1850879,-68.1509393,52.2092299,-0.0453174,-0.3133822,-32.7418878,27.4202858,-0.2181899,-0.1379938
0.8258788,0.8258788,0.9719774,-0.1810263,-67.6965116,52.0327057,-0.0443242,-0.3065060,-32.5293494,27.3107969,-0.2134018,-0.1349656
0.8308788,0.8308788,0.9769774,-0.1770720,-67.2463364,51.8541380,-0.0433572,-0.2998115,-32.3188331,27.2008029,-0.2087403,-0.1320175
0.8358788,0.8358788,0.9819774,-0.1732217,-66.8003557,51.6736163,-0.0424157,-0.2932929,-32.1103086,27.0903448,-0.2042014,-0.1291469
0.8408788,0.8408788,0.9869774,-0.1694722,-66.3585130,51.4912294,-0.0414988,-0.2869448,-31.9037461,26.9794622,-0.1997813,-0.1263515
0.8458788,0.8458788,0.9919774,-0.1658204,-65.9207525,51.3070652,-0.0406058,-0.2807619,-31.6991166,26.8681934,-0.1954764,-0.1236288
0.8508788,0.8508788,0.9969774,-0.1622632,-65.4870200,51.1212108,-0.0397359,-0.2747391,-31.4963917,26.7565753,-0.1912830,-0.1209768
0.8558788,0.8558788,1.0019774,-0.1587978,-65.0572620,50.9337525,-0.0388884,-0.2688717,-31.2955437,26.6446434,-0.1871978,-0.1183931
0.8608788,0.8608788,1.0069774,-0.1554214,-64.6314262,50.7447752,-0.0380626,-0.2631548,-31.0965454,26.5324321,-0.1832175,-0.1158758
0.8658788,0.8658788,1.0119774,-0.1521313,-64.2094613,50.5543628,-0.0372580,-0.2575839,-30.8993700,26.4199744,-0.1793389,-0.1134229
0.8708788,0.8708788,1.0169774,-0.1489248,-63.7913169,50.3625979,-0.0364737,-0.2521546,-30.7039917,26.3073022,-0.1755590,-0.1110323
0.8758788,0.8758788,1.0219774,-0.1457995,-63.3769436,50.1695618,-0.0357094,-0.2468627,-30.5103847,26.1944462,-0.1718747,-0.1087022
0.8808788,0.8808788,1.0269774,-0.1427530,-62.9662931,49.9753343,-0.0349642,-0.2417040,-30.3185242,26.0814359,-0.1682833,-0.1064308
0.8858788,0.8858788,1.0319774,-0.1397828,-62.5593176,49.7799939,-0.0342377,-0.2366747,-30.1283856,25.9682997,-0.1647820,-0.1042164
0.8908788,0.8908788,1.0369774,-0.1368868,-62.1559706,49.5836174,-0.0335294,-0.2317709,-29.9399449,25.8550649,-0.1613681,-0.1020573
0.8958788,0.8958788,1.0419774,-0.1340628,-61.7562062,49.3862798,-0.0328386,-0.2269889,-29.7531786,25.7417578,-0.1580390,-0.0999518
0.9008788,0.9008788,1.0469774,-0.1313087,-61.3599794,49.1880548,-0.0321649,-0.2223251,-29.5680637,25.6284036,-0.1547922,-0.0978984
0.9058788,0.9058788,1.0519774,-0.1286223,-60.9672458,48.9890141,-0.0315078,-0.2177762,-29.3845776,25.5150267,-0.1516255,-0.0958956
0.9108788,0.9108788,1.0569774,-0.1260019,-60.5779622,48.7892277,-0.0308667,-0.2133388,-29.2026982,25.4016502,-0.1485363,-0.0939419
0.9158788,0.9158788,1.0619774,-0.1234453,-60.1920858,48.5887637,-0.0302413,-0.2090097,-29.0224037,25.2882967,-0.1455226,-0.0920359
0.9208788,0.9208788,1.0669774,-0.1209510,-59.8095747,48.3876886,-0.0296311,-0.2047857,-28.8436728,25.1749875,-0.1425821,-0.0901762
0.9258788,0.9258788,1.0719774,-0.1185169,-59.4303876,48.1860667,-0.0290356,-0.2006639,-28.6664848,25.0617432,-0.1397127,-0.0883615
0.9308788,0.9308788,1.0769774,-0.1161415,-59.0544841,47.9839606,-0.0284545,-0.1966413,-28.4908190,24.9485836,-0.1369125,-0.0865905
0.9358788,0.9358788,1.0819774,-0.1138231,-58.6818243,47.7814311,-0.0278872,-0.1927152,-28.3166555,24.8355276,-0.1341794,-0.0848619
0.9408788,0.9408788,1.0869774,-0.1115600,-58.3123691,47.5785369,-0.0273335,-0.1888829,-28.1439745,24.7225935,-0.1315116,-0.0831747
0.9458788,0.9458788,1.0919774,-0.1093507,-57.9460800,47.3753349,-0.0267930,-0.1851417,-27.9727568,24.6097985,-0.1289072,-0.0815276
0.9508788,0.9508788,1.0969774,-0.1071937,-57.5829192,47.1718800,-0.0262652,-0.1814890,-27.8029833,24.4971593,-0.1263645,-0.0799194
0.9558788,0.9558788,1.1019774,-0.1050876,-57.2228493,46.9682254,-0.0257499,-0.1779224,-27.6346355,24.3846919,-0.1238817,-0.0783492
0.9608788,0.9608788,1.1069774,-0.1030310,-56.8658337,46.7644224,-0.0252466,-0.1744396,-27.4676952,24.2724115,-0.1214572,-0.0768158
0.9658788,0.9658788,1.1119774,-0.1010224,-56.5118365,46.5605202,-0.0247551,-0.1710381,-27.3021443,24.1603328,-0.1190894,-0.0753183
0.9708788,0.9708788,1.1169774,-0.0990605,-56.1608221,46.3565665,-0.0242750,-0.1677159,-27.1379654,24.0484695,-0.1167767,-0.0738556
0.9758788,0.9758788,1.1219774,-0.0971442,-55.8127557,46.1526071,-0.0238060,-0.1644706,-26.9751413,23.9368352,-0.1145176,-0.0724269
0.9808788,0.9808788,1.1269774,-0.0952721,-55.4676030,45.9486858,-0.0233479,-0.1613003,-26.8136549,23.8254426,-0.1123107,-0.0710311
0.9858788,0.9858788,1.1319774,-0.0934430,-55.1253301,45.7448451,-0.0229003,-0.1582029,-26.6534896,23.7143037,-0.1101545,-0.0696674
0.9908788,0.9908788,1.1369774,-0.0916558,-54.7859038,45.5411253,-0.0224629,-0.1551764,-26.4946292,23.6034303,-0.1080477,-0.0683350
0.9958788,0.9958788,1.1419774,-0.0899094,-54.4492914,45.3375656,-0.0220354,-0.1522189,-26.3370575,23.4928334,-0.1059889,-0.0670329
1.0008788,1.0008788,1.1469774,-0.0882026,-54.1154607,45.1342030,-0.0216177,-0.1493286,-26.1807590,23.3825236,-0.1039769,-0.0657604
1.0058788,1.0058788,1.1519774,-0.0865345,-53.7843799,44.9310733,-0.0212094,-0.1465037,-26.0257181,23.2725110,-0.1020104,-0.0645167
1.0108788,1.0108788,1.1569774,-0.0849039,-53.4560178,44.7282106,-0.0208103,-0.1437424,-25.8719196,23.1628051,-0.1000882,-0.0633011
1.0158788,1.0158788,1.1619774,-0.0833100,-53.1303436,44.5256476,-0.0204201,-0.1410431,-25.7193488,23.0534151,-0.0982092,-0.0621127
1.0208788,1.0208788,1.1669774,-0.0817516,-52.8073270,44.3234155,-0.0200387,-0.1384042,-25.5679909,22.9443498,-0.0963722,-0.0609508
1.0258788,1.0258788,1.1719774,-0.0802280,-52.4869383,44.1215440,-0.0196657,-0.1358241,-25.4178315,22.8356173,-0.0945761,-0.0598149
1.0308788,1.0308788,1.1769774,-0.0787382,-52.1691481,43.9200615,-0.0193010,-0.1333011,-25.2688566,22.7272257,-0.0928198,-0.0587041
1.0358788,1.0358788,1.1819774,-0.0772813,-51.8539273,43.7189951,-0.0189443,-0.1308340,-25.1210524,22.6191822,-0.0911023,-0.0576179
1.0408788,1.0408788,1.1869774,-0.0758564,-51.5412476,43.5183705,-0.0185955,-0.1284211,-24.9744050,22.5114941,-0.0894227,-0.0565556
1.0458788,1.0458788,1.1919774,-0.0744628,-51.2310808,43.3182124,-0.0182543,-0.1260612,-24.8289013,22.4041681,-0.0877798,-0.0555166
1.0508788,1.0508788,1.1969774,-0.0730997,-50.9233993,43.1185439,-0.0179206,-0.1237528,-24.6845280,22.2972105,-0.0861729,-0.0545003
1.0558788,1.0558788,1.2019774,-0.0717662,-50.6181759,42.9193874,-0.0175941,-0.1214946,-24.5412723,22.1906274,-0.0846009,-0.0535061
1.0608788,1.0608788,1.2069774,-0.0704616,-50.3153836,42.7207638,-0.0172747,-0.1192854,-24.3991214,22.0844246,-0.0830630,-0.0525334
1.0658788,1.0658788,1.2119774,-0.0691851,-50.0149961,42.5226932,-0.0169621,-0.1171239,-24.2580628,21.9786073,-0.0815583,-0.0515818
1.0708788,1.0708788,1.2169774,-0.0679362,-49.7169872,42.3251945,-0.0166563,-0.1150089,-24.1180843,21.8731809,-0.0800859,-0.0506506
1.0758788,1.0758788,1.2219774,-0.0667140,-49.4213313,42.1282856,-0.0163571,-0.1129393,-23.9791738,21.7681499,-0.0786452,-0.0497394
1.0808788,1.0808788,1.2269774,-0.0655179,-49.1280031,41.9319835,-0.0160642,-0.1109139,-23.8413195,21.6635191,-0.0772352,-0.0488476
1.0858788,1.0858788,1.2319774,-0.0643473,-48.8369777,41.7363043,-0.0157775,-0.1089315,-23.7045097,21.5592927,-0.0758552,-0.0479748
1.0908788,1.0908788,1.2369774,-0.0632014,-48.5482304,41.5412632,-0.0154969,-0.1069913,-23.5687330,21.4554747,-0.0745044,-0.0471206
1.0958788,1.0958788,1.2419774,-0.0620798,-48.2617370,41.3468745,-0.0152223,-0.1050920,-23.4339781,21.3520688,-0.0731822,-0.0462843
1.1008788,1.1008788,1.2469774,-0.0609818,-47.9774737,41.1531517,-0.0149534,-0.1032326,-23.3002340,21.2490787,-0.0718878,-0.0454657
1.1058788,1.1058788,1.2519774,-0.0599068,-47.6954168,40.9601076,-0.0146901,-0.1014123,-23.1674897,21.1465076,-0.0706206,-0.0446642
1.1108788,1.1108788,1.2569774,-0.0588543,-47.4155433,40.7677540,-0.0144323,-0.0996300,-23.0357345,21.0443586,-0.0693798,-0.0438795
1.1158788,1.1158788,1.2619774,-0.0578237,-47.1378301,40.5761023,-0.0141799,-0.0978849,-22.9049580,20.9426346,-0.0681649,-0.0431111
1.1208788,1.1208788,1.2669774,-0.0568145,-46.8622548,40.3851630,-0.0139327,-0.0961759,-22.7751497,20.8413383,-0.0669752,-0.0423587
1.1258788,1.1258788,1.2719774,-0.0558261,-46.5887951,40.1949461,-0.0136906,-0.0945023,-22.6462995,20.7404721,-0.0658101,-0.0416218
1.1308788,1.1308788,1.2769774,-0.0548581,-46.3174292,40.0054607,-0.0134535,-0.0928632,-22.5183974,20.6400384,-0.0646689,-0.0409001
1.1358788,1.1358788,1.2819774,-0.0539100,-46.0481353,39.8167155,-0.0132213,-0.0912578,-22.3914334,20.5400393,-0.0635513,-0.0401932
1.1408788,1.1408788,1.2869774,-0.0529812,-45.7808922,39.6287187,-0.0129938,-0.0896852,-22.2653979,20.4404767,-0.0624564,-0.0395008
1.1458788,1.1458788,1.2919774,-0.0520715,-45.5156788,39.4414777,-0.0127710,-0.0881446,-22.1402814,20.3413524,-0.0613839,-0.0388225
1.1508788,1.1508788,1.2969774,-0.0511801,-45.2524745,39.2549995,-0.0125526,-0.0866354,-22.0160744,20.2426680,-0.0603332,-0.0381580
1.1558788,1.1558788,1.3019774,-0.0503069,-44.9912588,39.0692907,-0.0123387,-0.0851567,-21.8927676,20.1444250,-0.0593038,-0.0375069
1.1608788,1.1608788,1.3069774,-0.0494512,-44.7320115,38.8843571,-0.0121291,-0.0837079,-21.7703521,20.0466247,-0.0582951,-0.0368690
1.1658788,1.1658788,1.3119774,-0.0486128,-44.4747128,38.7002044,-0.0119237,-0.0822882,-21.6488188,19.9492683,-0.0573067,-0.0362439
1.1708788,1.1708788,1.3169774,-0.0477912,-44.2193430,38.5168376,-0.0117224,-0.0808970,-21.5281589,19.8523568,-0.0563382,-0.0356313
1.1758788,1.1758788,1.3219774,-0.0469860,-43.9658829,38.3342613,-0.0115251,-0.0795336,-21.4083637,19.7558913,-0.0553889,-0.0350309
1.1808788,1.1808788,1.3269774,-0.0461968,-43.7143134,38.1524799,-0.0113318,-0.0781974,-21.2894247,19.6598723,-0.0544586,-0.0344426
1.1858788,1.1858788,1.3319774,-0.0454233,-43.4646155,37.9714971,-0.0111423,-0.0768876,-21.1713334,19.5643007,-0.0535468,-0.0338659
1.1908788,1.1908788,1.3369774,-0.0446650,-43.2167709,37.7913165,-0.0109565,-0.0756038,-21.0540816,19.4691769,-0.0526529,-0.0333005
1.1958788,1.1958788,1.3419774,-0.0439217,-42.9707611,37.6119413,-0.0107744,-0.0743453,-20.9376611,19.3745015,-0.0517767,-0.0327464
1.2008788,1.2008788,1.3469774,-0.0431931,-42.7265682,37.4333742,-0.0105958,-0.0731115,-20.8220639,19.2802747,-0.0509177,-0.0322031
1.2058788,1.2058788,1.3519774,-0.0424787,-42.4841743,37.2556177,-0.0104208,-0.0719019,-20.7072820,19.1864968,-0.0500756,-0.0316705
1.2108788,1.2108788,1.3569774,-0.0417782,-42.2435618,37.0786739,-0.0102491,-0.0707159,-20.5933076,19.0931680,-0.0492498,-0.0311482
1.2158788,1.2158788,1.3619774,-0.0410914,-42.0047134,36.9025449,-0.0100808,-0.0695530,-20.4801330,19.0002883,-0.0484402,-0.0306362
1.2208788,1.2208788,1.3669774,-0.0404179,-41.7676120,36.7272321,-0.0099158,-0.0684126,-20.3677507,18.9078576,-0.0476462,-0.0301340
1.2258788,1.2258788,1.3719774,-0.0397574,-41.5322406,36.5527369,-0.0097539,-0.0672943,-20.2561532,18.8158758,-0.0468676,-0.0296416
1.2308788,1.2308788,1.3769774,-0.0391096,-41.2985827,36.3790605,-0.0095952,-0.0661975,-20.1453331,18.7243427,-0.0461040,-0.0291586
1.2358788,1.2358788,1.3819774,-0.0384743,-41.0666218,36.2062035,-0.0094395,-0.0651219,-20.0352832,18.6332580,-0.0453550,-0.0286850
1.2408788,1.2408788,1.3869774,-0.0378511,-40.8363416,36.0341667,-0.0092868,-0.0640668,-19.9259963,18.5426214,-0.0446204,-0.0282204
1.2458788,1.2458788,1.3919774,-0.0372399,-40.6077262,35.8629504,-0.0091370,-0.0630319,-19.8174654,18.4524324,-0.0438998,-0.0277646
1.2508788,1.2508788,1.3969774,-0.0366402,-40.3807598,35.6925548,-0.0089900,-0.0620166,-19.7096835,18.3626905,-0.0431930,-0.0273176
1.2558788,1.2558788,1.4019774,-0.0360520,-40.1554267,35.5229799,-0.0088458,-0.0610207,-19.6026438,18.2733951,-0.0424995,-0.0268790
1.2608788,1.2608788,1.4069774,-0.0354749,-39.9317115,35.3542254,-0.0087044,-0.0600436,-19.4963395,18.1845456,-0.0418192,-0.0264487
1.2658788,1.2658788,1.4119774,-0.0349086,-39.7095991,35.1862911,-0.0085656,-0.0590849,-19.3907639,18.0961412,-0.0411517,-0.0260265
1.2708788,1.2708788,1.4169774,-0.0343530,-39.4890744,35.0191762,-0.0084294,-0.0581442,-19.2859105,18.0081813,-0.0404967,-0.0256123
1.2758788,1.2758788,1.4219774,-0.0338078,-39.2701227,34.8528801,-0.0082958,-0.0572211,-19.1817729,17.9206650,-0.0398540,-0.0252058
1.2808788,1.2808788,1.4269774,-0.0332728,-39.0527293,34.6874019,-0.0081646,-0.0563153,-19.0783445,17.8335914,-0.0392233,-0.0248069
1.2858788,1.2858788,1.4319774,-0.0327477,-38.8368798,34.5227406,-0.0080359,-0.0554264,-18.9756192,17.7469597,-0.0386043,-0.0244155
1.2908788,1.2908788,1.4369774,-0.0322324,-38.6225600,34.3588949,-0.0079096,-0.0545540,-18.8735906,17.6607687,-0.0379969,-0.0240313
1.2958788,1.2958788,1.4419774,-0.0317267,-38.4097557,34.1958636,-0.0077856,-0.0536977,-18.7722527,17.5750176,-0.0374007,-0.0236542
1.3008788,1.3008788,1.4469774,-0.0312303,-38.1984531,34.0336452,-0.0076640,-0.0528573,-18.6715993,17.4897052,-0.0368155,-0.0232841
1.3058788,1.3058788,1.4519774,-0.0307430,-37.9886384,33.8722382,-0.0075445,-0.0520323,-18.5716245,17.4048305,-0.0362410,-0.0229208
1.3108788,1.3108788,1.4569774,-0.0302646,-37.7802982,33.7116409,-0.0074272,-0.0512224,-18.4723225,17.3203923,-0.0356771,-0.0225642
1.3158788,1.3158788,1.4619774,-0.0297950,-37.5734189,33.5518515,-0.0073121,-0.0504274,-18.3736872,17.2363894,-0.0351235,-0.0222140
1.3208788,1.3208788,1.4669774,-0.0293340,-37.3679875,33.3928681,-0.0071991,-0.0496469,-18.2757131,17.1528206,-0.0345800,-0.0218703
1.3258788,1.3258788,1.4719774,-0.0288813,-37.1639909,33.2346887,-0.0070881,-0.0488806,-18.1783945,17.0696845,-0.0340464,-0.0215328
1.3308788,1.3308788,1.4769774,-0.0284369,-36.9614162,33.0773112,-0.0069791,-0.0481281,-18.0817256,16.9869801,-0.0335225,-0.0212015
1.3358788,1.3358788,1.4819774,-0.0280005,-36.7602506,32.9207336,-0.0068721,-0.0473893,-17.9857011,16.9047058,-0.0330080,-0.0208761
1.3408788,1.3408788,1.4869774,-0.0275719,-36.5604815,32.7649534,-0.0067671,-0.0466638,-17.8903154,16.8228603,-0.0325029,-0.0205566
1.3458788,1.3458788,1.4919774,-0.0271511,-36.3620967,32.6099685,-0.0066639,-0.0459514,-17.7955631,16.7414423,-0.0320067,-0.0202428
1.3508788,1.3508788,1.4969774,-0.0267378,-36.1650837,32.4557763,-0.0065626,-0.0452517,-17.7014389,16.6604503,-0.0315195,-0.0199347
1.3558788,1.3558788,1.5019774,-0.0263318,-35.9694304,32.3023744,-0.0064630,-0.0445645,-17.6079375,16.5798829,-0.0310410,-0.0196320
1.3608788,1.3608788,1.5069774,-0.0259332,-35.7751250,32.1497603,-0.0063653,-0.0438896,-17.5150538,16.4997386,-0.0305710,-0.0193348
1.3658788,1.3658788,1.5119774,-0.0255416,-35.5821555,31.9979313,-0.0062692,-0.0432266,-17.4227825,16.4200159,-0.0301094,-0.0190428
1.3708788,1.3708788,1.5169774,-0.0251569,-35.3905102,31.8468848,-0.0061749,-0.0425755,-17.3311187,16.3407133,-0.0296560,-0.0187560
1.3758788,1.3758788,1.5219774,-0.0247791,-35.2001777,31.6966180,-0.0060823,-0.0419358,-17.2400572,16.2618293,-0.0292105,-0.0184743
1.3808788,1.3808788,1.5269774,-0.0244079,-35.0111464,31.5471281,-0.0059912,-0.0413074,-17.1495931,16.1833622,-0.0287729,-0.0181976
1.3858788,1.3858788,1.5319774,-0.0240432,-34.8234052,31.3984124,-0.0059018,-0.0406901,-17.0597216,16.1053106,-0.0283430,-0.0179257
1.3908788,1.3908788,1.5369774,-0.0236849,-34.6369427,31.2504680,-0.0058140,-0.0400835,-16.9704378,16.0276728,-0.0279207,-0.0176586
1.3958788,1.3958788,1.5419774,-0.0233329,-34.4517482,31.1032919,-0.0057276,-0.0394876,-16.8817368,15.9504471,-0.0275057,-0.0173961
1.4008788,1.4008788,1.5469774,-0.0229870,-34.2678105,30.9568811,-0.0056428,-0.0389021,-16.7936140,15.8736321,-0.0270979,-0.0171382
1.4058788,1.4058788,1.5519774,-0.0226471,-34.0851190,30.8112327,-0.0055594,-0.0383267,-16.7060647,15.7972259,-0.0266973,-0.0168848
1.4108788,1.4108788,1.5569774,-0.0223131,-33.9036630,30.6663436,-0.0054775,-0.0377613,-16.6190842,15.7212270,-0.0263035,-0.0166358
1.4158788,1.4158788,1.5619774,-0.0219849,-33.7234321,30.5222108,-0.0053970,-0.0372057,-16.5326681,15.6456337,-0.0259166,-0.0163911
1.4208788,1.4208788,1.5669774,-0.0216623,-33.5444157,30.3788311,-0.0053179,-0.0366597,-16.4468116,15.5704442,-0.0255364,-0.0161506
1.4258788,1.4258788,1.5719774,-0.0213453,-33.3666037,30.2362014,-0.0052402,-0.0361230,-16.3615105,15.4956569,-0.0251627,-0.0159142
1.4308788,1.4308788,1.5769774,-0.0210337,-33.1899859,30.0943185,-0.0051638,-0.0355956,-16.2767603,15.4212701,-0.0247953,-0.0156819
1.4358788,1.4358788,1.5819774,-0.0207274,-33.0145521,29.9531793,-0.0050886,-0.0350771,-16.1925565,15.3472820,-0.0244343,-0.0154536
1.4408788,1.4408788,1.5869774,-0.0204264,-32.8402926,29.8127806,-0.0050148,-0.0345676,-16.1088949,15.2736909,-0.0240794,-0.0152292
1.4458788,1.4458788,1.5919774,-0.0201305,-32.6671973,29.6731190,-0.0049422,-0.0340667,-16.0257712,15.2004950,-0.0237306,-0.0150085
1.4508788,1.4508788,1.5969774,-0.0198396,-32.4952567,29.5341914,-0.0048709,-0.0335742,-15.9431812,15.1276926,-0.0233877,-0.0147917
1.4558788,1.4558788,1.6019774,-0.0195536,-32.3244612,29.3959945,-0.0048007,-0.0330902,-15.8611206,15.0552820,-0.0230506,-0.0145784
1.4608788,1.4608788,1.6069774,-0.0192725,-32.1548011,29.2585250,-0.0047318,-0.0326142,-15.7795854,14.9832613,-0.0227191,-0.0143688
1.4658788,1.4658788,1.6119774,-0.0189960,-31.9862672,29.1217795,-0.0046640,-0.0321463,-15.6985713,14.9116288,-0.0223933,-0.0141627
1.4708788,1.4708788,1.6169774,-0.0187243,-31.8188502,28.9857548,-0.0045973,-0.0316863,-15.6180745,14.8403827,-0.0220729,-0.0139601
1.4758788,1.4758788,1.6219774,-0.0184570,-31.6525407,28.8504476,-0.0045317,-0.0312340,-15.5380908,14.7695212,-0.0217579,-0.0137609
1.4808788,1.4808788,1.6269774,-0.0181943,-31.4873298,28.7158544,-0.0044673,-0.0307892,-15.4586164,14.6990425,-0.0214481,-0.0135650
1.4858788,1.4858788,1.6319774,-0.0179359,-31.3232085,28.5819720,-0.0044039,-0.0303518,-15.3796471,14.6289448,-0.0211435,-0.0133723
1.4908788,1.4908788,1.6369774,-0.0176818,-31.1601678,28.4487969,-0.0043416,-0.0299217,-15.3011793,14.5592264,-0.0208440,-0.0131829
1.4958788,1.4958788,1.6419774,-0.0174319,-30.9981990,28.3163259,-0.0042803,-0.0294987,-15.2232090,14.4898853,-0.0205494,-0.0129966
1.5008788,1.5008788,1.6469774,-0.0171861,-30.8372933,28.1845554,-0.0042200,-0.0290827,-15.1457324,14.4209199,-0.0202597,-0.0128133
1.5058788,1.5058788,1.6519774,-0.0169444,-30.6774422,28.0534823,-0.0041607,-0.0286736,-15.0687457,14.3523282,-0.0199747,-0.0126331
1.5108788,1.5108788,1.6569774,-0.0167067,-30.5186371,27.9231029,-0.0041023,-0.0282712,-14.9922453,14.2841085,-0.0196945,-0.0124559
1.5158788,1.5158788,1.6619774,-0.0164728,-30.3608695,27.7934141,-0.0040450,-0.0278754,-14.9162273,14.2162590,-0.0194188,-0.0122815
1.5208788,1.5208788,1.6669774,-0.0162428,-30.2041312,27.6644123,-0.0039885,-0.0274860,-14.8406882,14.1487778,-0.0191477,-0.0121100
1.5258788,1.5258788,1.6719774,-0.0160166,-30.0484138,27.5360943,-0.0039330,-0.0271031,-14.7656244,14.0816631,-0.0188809,-0.0119413
1.5308788,1.5308788,1.6769774,-0.0157940,-29.8937092,27.4084565,-0.0038784,-0.0267263,-14.6910322,14.0149131,-0.0186186,-0.0117754
1.5358788,1.5358788,1.6819774,-0.0155750,-29.7400094,27.2814956,-0.0038247,-0.0263557,-14.6169080,13.9485260,-0.0183604,-0.0116121
1.5408788,1.5408788,1.6869774,-0.0153596,-29.5873063,27.1552082,-0.0037718,-0.0259911,-14.5432485,13.8825000,-0.0181065,-0.0114515
1.5458788,1.5458788,1.6919774,-0.0151477,-29.4355919,27.0295910,-0.0037198,-0.0256324,-14.4700500,13.8168331,-0.0178567,-0.0112935
1.5508788,1.5508788,1.6969774,-0.0149391,-29.2848585,26.9046404,-0.0036687,-0.0252794,-14.3973092,13.7515237,-0.0176108,-0.0111381
1.5558788,1.5558788,1.7019774,-0.0147340,-29.1350983,26.7803532,-0.0036183,-0.0249321,-14.3250226,13.6865699,-0.0173690,-0.0109851
1.5608788,1.5608788,1.7069774,-0.0145321,-28.9863036,26.6567260,-0.0035688,-0.0245904,-14.2531868,13.6219699,-0.0171310,-0.0108346
1.5658788,1.5658788,1.7119774,-0.0143334,-28.8384668,26.5337553,-0.0035201,-0.0242542,-14.1817985,13.5577218,-0.0168968,-0.0106865
1.5708788,1.5708788,1.7169774,-0.0141380,-28.6915804,26.4114378,-0.0034721,-0.0239234,-14.1108544,13.4938239,-0.0166664,-0.0105407
1.5758788,1.5758788,1.7219774,-0.0139456,-28.5456369,26.2897702,-0.0034249,-0.0235978,-14.0403511,13.4302743,-0.0164396,-0.0103973
1.5808788,1.5808788,1.7269774,-0.0137563,-28.4006290,26.1687490,-0.0033784,-0.0232773,-13.9702854,13.3670713,-0.0162164,-0.0102562
1.5858788,1.5858788,1.7319774,-0.0135700,-28.2565494,26.0483709,-0.0033327,-0.0229620,-13.9006542,13.3042130,-0.0159968,-0.0101173
1.5908788,1.5908788,1.7369774,-0.0133866,-28.1133908,25.9286326,-0.0032877,-0.0226516,-13.8314541,13.2416976,-0.0157806,-0.0099805
1.5958788,1.5958788,1.7419774,-0.0132061,-27.9711460,25.8095307,-0.0032434,-0.0223462,-13.7626820,13.1795233,-0.0155679,-0.0098460
1.6008788,1.6008788,1.7469774,-0.0130285,-27.8298080,25.6910619,-0.0031998,-0.0220455,-13.6943349,13.1176883,-0.0153585,-0.0097135
1.6058788,1.6058788,1.7519774,-0.0128536,-27.6893698,25.5732228,-0.0031569,-0.0217496,-13.6264095,13.0561909,-0.0151524,-0.0095832
1.6108788,1.6108788,1.7569774,-0.0126815,-27.5498244,25.4560101,-0.0031147,-0.0214583,-13.5589027,12.9950292,-0.0149495,-0.0094549
1.6158788,1.6158788,1.7619774,-0.0125121,-27.4111650,25.3394206,-0.0030731,-0.0211715,-13.4918116,12.9342014,-0.0147497,-0.0093285
1.6208788,1.6208788,1.7669774,-0.0123453,-27.2733847,25.2234509,-0.0030322,-0.0208892,-13.4251331,12.8737058,-0.0145531,-0.0092042
1.6258788,1.6258788,1.7719774,-0.0121811,-27.1364767,25.1080977,-0.0029919,-0.0206113,-13.3588643,12.8135406,-0.0143596,-0.0090818
1.6308788,1.6308788,1.7769774,-0.0120195,-27.0004345,24.9933577,-0.0029522,-0.0203378,-13.2930020,12.7537040,-0.0141690,-0.0089613
1.6358788,1.6358788,1.7819774,-0.0118603,-26.8652513,24.8792277,-0.0029131,-0.0200684,-13.2275434,12.6941942,-0.0139814,-0.0088426
1.6408788,1.6408788,1.7869774,-0.0117036,-26.7309207,24.7657044,-0.0028747,-0.0198032,-13.1624856,12.6350095,-0.0137967,-0.0087258
1.6458788,1.6458788,1.7919774,-0.0115493,-26.5974360,24.6527845,-0.0028368,-0.0195421,-13.0978257,12.5761481,-0.0136148,-0.0086108
1.6508788,1.6508788,1.7969774,-0.0113974,-26.4647910,24.5404648,-0.0027995,-0.0192850,-13.0335608,12.5176083,-0.0134357,-0.0084975
1.6558788,1.6558788,1.8019774,-0.0112479,-26.3329792,24.4287422,-0.0027628,-0.0190319,-12.9696880,12.4593883,-0.0132594,-0.0083860
1.6608788,1.6608788,1.8069774,-0.0111006,-26.2019944,24.3176132,-0.0027267,-0.0187826,-12.9062046,12.4014863,-0.0130858,-0.0082762
1.6658788,1.6658788,1.8119774,-0.0109555,-26.0718302,24.2070748,-0.0026911,-0.0185371,-12.8431077,12.3439006,-0.0129148,-0.0081680
1.6708788,1.6708788,1.8169774,-0.0108127,-25.9424804,24.0971238,-0.0026560,-0.0182954,-12.7803946,12.2866296,-0.0127464,-0.0080615
1.6758788,1.6758788,1.8219774,-0.0106720,-25.8139391,23.9877569,-0.0026215,-0.0180573,-12.7180625,12.2296714,-0.0125806,-0.0079567
1.6808788,1.6808788,1.8269774,-0.0105335,-25.6862000,23.8789710,-0.0025875,-0.0178228,-12.6561088,12.1730243,-0.0124173,-0.0078534
1.6858788,1.6858788,1.8319774,-0.0103970,-25.5592572,23.7707629,-0.0025540,-0.0175919,-12.5945306,12.1166866,-0.0122564,-0.0077516
1.6908788,1.6908788,1.8369774,-0.0102627,-25.4331046,23.6631296,-0.0025210,-0.0173645,-12.5333254,12.0606567,-0.0120980,-0.0076515
1.6958788,1.6958788,1.8419774,-0.0101303,-25.3077364,23.5560677,-0.0024885,-0.0171405,-12.4724905,12.0049327,-0.0119420,-0.0075528
1.7008788,1.7008788,1.8469774,-0.0099999,-25.1831468,23.4495743,-0.0024565,-0.0169199,-12.4120232,11.9495131,-0.0117883,-0.0074556
1.7058788,1.7058788,1.8519774,-0.0098715,-25.0593299,23.3436462,-0.0024250,-0.0167025,-12.3519210,11.8943960,-0.0116369,-0.0073598
1.7108788,1.7108788,1.8569774,-0.0097450,-24.9362799,23.2382803,-0.0023940,-0.0164885,-12.2921813,11.8395799,-0.0114878,-0.0072655
1.7158788,1.7158788,1.8619774,-0.0096204,-24.8139913,23.1334735,-0.0023634,-0.0162776,-12.2328014,11.7850630,-0.0113409,-0.0071726
1.7208788,1.7208788,1.8669774,-0.0094977,-24.6924583,23.0292228,-0.0023332,-0.0160698,-12.1737789,11.7308436,-0.0111962,-0.0070811
1.7258788,1.7258788,1.8719774,-0.0093767,-24.5716753,22.9255250,-0.0023035,-0.0158652,-12.1151112,11.6769202,-0.0110536,-0.0069909
1.7308788,1.7308788,1.8769774,-0.0092576,-24.4516369,22.8223773,-0.0022743,-0.0156635,-12.0567959,11.6232910,-0.0109132,-0.0069021
1.7358788,1.7358788,1.8819774,-0.0091402,-24.3323374,22.7197764,-0.0022455,-0.0154649,-11.9988304,11.5699543,-0.0107748,-0.0068146
1.7408788,1.7408788,1.8869774,-0.0090246,-24.2137716,22.6177194,-0.0022171,-0.0152692,-11.9412124,11.5169086,-0.0106385,-0.0067284
1.7458788,1.7458788,1.8919774,-0.0089106,-24.0959339,22.5162034,-0.0021891,-0.0150764,-11.8839393,11.4641522,-0.0105042,-0.0066434
1.7508788,1.7508788,1.8969774,-0.0087983,-23.9788190,22.4152252,-0.0021616,-0.0148864,-11.8270087,11.4116834,-0.0103718,-0.0065597
1.7558788,1.7558788,1.9019774,-0.0086877,-23.8624217,22.3147820,-0.0021344,-0.0146992,-11.7704183,11.3595007,-0.0102414,-0.0064772
1.7608788,1.7608788,1.9069774,-0.0085787,-23.7467367,22.2148707,-0.0021076,-0.0145147,-11.7141656,11.3076024,-0.0101129,-0.0063960
1.7658788,1.7658788,1.9119774,-0.0084713,-23.6317587,22.1154884,-0.0020813,-0.0143329,-11.6582484,11.2559868,-0.0099863,-0.0063159
1.7708788,1.7708788,1.9169774,-0.0083655,-23.5174827,22.0166322,-0.0020553,-0.0141538,-11.6026642,11.2046525,-0.0098615,-0.0062370
1.7758788,1.7758788,1.9219774,-0.0082611,-23.4039035,21.9182992,-0.0020297,-0.0139773,-11.5474108,11.1535977,-0.0097386,-0.0061592
1.7808788,1.7808788,1.9269774,-0.0081583,-23.2910161,21.8204863,-0.0020044,-0.0138033,-11.4924859,11.1028209,-0.0096174,-0.0060826
1.7858788,1.7858788,1.9319774,-0.0080570,-23.1788153,21.7231909,-0.0019796,-0.0136318,-11.4378871,11.0523205,-0.0094980,-0.0060070
1.7908788,1.7908788,1.9369774,-0.0079572,-23.0672963,21.6264098,-0.0019550,-0.0134629,-11.3836122,11.0020950,-0.0093802,-0.0059326
1.7958788,1.7958788,1.9419774,-0.0078588,-22.9564541,21.5301404,-0.0019309,-0.0132963,-11.3296590,10.9521427,-0.0092642,-0.0058592
1.8008788,1.8008788,1.9469774,-0.0077618,-22.8462838,21.4343797,-0.0019071,-0.0131322,-11.2760252,10.9024621,-0.0091499,-0.0057869
1.8058788,1.8058788,1.9519774,-0.0076662,-22.7367806,21.3391250,-0.0018836,-0.0129704,-11.2227086,10.8530516,-0.0090372,-0.0057156
1.8108788,1.8108788,1.9569774,-0.0075720,-22.6279396,21.2443733,-0.0018605,-0.0128110,-11.1697071,10.8039097,-0.0089261,-0.0056454
1.8158788,1.8158788,1.9619774,-0.0074791,-22.5197561,21.1501218,-0.0018377,-0.0126538,-11.1170184,10.7550349,-0.0088166,-0.0055761
1.8208788,1.8208788,1.9669774,-0.0073875,-22.4122254,21.0563678,-0.0018152,-0.0124988,-11.0646404,10.7064255,-0.0087087,-0.0055079
1.8258788,1.8258788,1.9719774,-0.0072972,-22.3053427,20.9631085,-0.0017930,-0.0123461,-11.0125709,10.6580802,-0.0086023,-0.0054406
1.8308788,1.8308788,1.9769774,-0.0072083,-22.1991035,20.8703411,-0.0017712,-0.0121955,-10.9608080,10.6099973,-0.0084974,-0.0053742
1.8358788,1.8358788,1.9819774,-0.0071206,-22.0935030,20.7780629,-0.0017496,-0.0120471,-10.9093493,10.5621753,-0.0083940,-0.0053088
1.8408788,1.8408788,1.9869774,-0.0070341,-21.9885368,20.6862710,-0.0017284,-0.0119008,-10.8581929,10.5146128,-0.0082920,-0.0052444
1.8458788,1.8458788,1.9919774,-0.0069488,-21.8842004,20.5949629,-0.0017075,-0.0117565,-10.8073366,10.4673082,-0.0081915,-0.0051808
1.8508788,1.8508788,1.9969774,-0.0068648,-21.7804892,20.5041357,-0.0016868,-0.0116142,-10.7567785,10.4202601,-0.0080925,-0.0051181
1.8558788,1.8558788,2.0019774,-0.0067819,-21.6773987,20.4137867,-0.0016665,-0.0114740,-10.7065164,10.3734670,-0.0079948,-0.0050563
1.8608788,1.8608788,2.0069774,-0.0067002,-21.5749247,20.3239134,-0.0016464,-0.0113357,-10.6565484,10.3269273,-0.0078984,-0.0049954
1.8658788,1.8658788,2.0119774,-0.0066196,-21.4730626,20.2345129,-0.0016266,-0.0111994,-10.6068724,10.2806397,-0.0078035,-0.0049353
1.8708788,1.8708788,2.0169774,-0.0065402,-21.3718081,20.1455827,-0.0016071,-0.0110650,-10.5574865,10.2346026,-0.0077098,-0.0048761
1.8758788,1.8758788,2.0219774,-0.0064618,-21.2711571,20.0571201,-0.0015879,-0.0109324,-10.5083886,10.1888146,-0.0076175,-0.0048177
1.8808788,1.8808788,2.0269774,-0.0063846,-21.1711051,19.9691225,-0.0015689,-0.0108017,-10.4595769,10.1432743,-0.0075264,-0.0047601
1.8858788,1.8858788,2.0319774,-0.0063084,-21.0716479,19.8815872,-0.0015502,-0.0106728,-10.4110493,10.0979802,-0.0074366,-0.0047033
1.8908788,1.8908788,2.0369774,-0.0062333,-20.9727814,19.7945116,-0.0015317,-0.0105457,-10.3628039,10.0529309,-0.0073481,-0.0046473
1.8958788,1.8958788,2.0419774,-0.0061592,-20.8745013,19.7078932,-0.0015136,-0.0104204,-10.3148389,10.0081249,-0.0072607,-0.0045921
1.9008788,1.9008788,2.0469774,-0.0060862,-20.7768037,19.6217294,-0.0014956,-0.0102967,-10.2671522,9.9635609,-0.0071746,-0.0045376
1.9058788,1.9058788,2.0519774,-0.0060141,-20.6796843,19.5360176,-0.0014779,-0.0101748,-10.2197421,9.9192374,-0.0070897,-0.0044839
1.9108788,1.9108788,2.0569774,-0.0059431,-20.5831391,19.4507553,-0.0014605,-0.0100546,-10.1726067,9.8751531,-0.0070059,-0.0044309
1.9158788,1.9158788,2.0619774,-0.0058730,-20.4871640,19.3659399,-0.0014433,-0.0099360,-10.1257441,9.8313065,-0.0069233,-0.0043787
1.9208788,1.9208788,2.0669774,-0.0058039,-20.3917552,19.2815688,-0.0014263,-0.0098190,-10.0791524,9.7876962,-0.0068418,-0.0043271
1.9258788,1.9258788,2.0719774,-0.0057357,-20.2969086,19.1976397,-0.0014095,-0.0097036,-10.0328298,9.7443210,-0.0067615,-0.0042763
1.9308788,1.9308788,2.0769774,-0.0056684,-20.2026203,19.1141500,-0.0013930,-0.0095899,-9.9867746,9.7011793,-0.0066822,-0.0042262
1.9358788,1.9358788,2.0819774,-0.0056021,-20.1088864,19.0310972,-0.0013767,-0.0094776,-9.9409848,9.6582698,-0.0066040,-0.0041767
1.9408788,1.9408788,2.0869774,-0.0055367,-20.0157030,18.9484788,-0.0013607,-0.0093669,-9.8954588,9.6155913,-0.0065268,-0.0041279
1.9458788,1.9458788,2.0919774,-0.0054721,-19.9230663,18.8662925,-0.0013448,-0.0092577,-9.8501947,9.5731422,-0.0064508,-0.0040798
1.9508788,1.9508788,2.0969774,-0.0054085,-19.8309726,18.7845356,-0.0013292,-0.0091499,-9.8051909,9.5309213,-0.0063757,-0.0040323
1.9558788,1.9558788,2.1019774,-0.0053456,-19.7394179,18.7032059,-0.0013137,-0.0090436,-9.7604454,9.4889273,-0.0063016,-0.0039855
1.9608788,1.9608788,2.1069774,-0.0052837,-19.6483987,18.6223009,-0.0012985,-0.0089388,-9.7159567,9.4471588,-0.0062286,-0.0039393
1.9658788,1.9658788,2.1119774,-0.0052225,-19.5579112,18.5418182,-0.0012835,-0.0088353,-9.6717230,9.4056144,-0.0061565,-0.0038937
1.9708788,1.9708788,2.1169774,-0.0051622,-19.4679516,18.4617554,-0.0012687,-0.0087333,-9.6277425,9.3642930,-0.0060854,-0.0038488
1.9758788,1.9758788,2.1219774,-0.0051027,-19.3785164,18.3821102,-0.0012541,-0.0086326,-9.5840137,9.3231931,-0.0060153,-0.0038044
1.9808788,1.9808788,2.1269774,-0.0050440,-19.2896020,18.3028801,-0.0012397,-0.0085333,-9.5405347,9.2823135,-0.0059461,-0.0037606
1.9858788,1.9858788,2.1319774,-0.0049861,-19.2012047,18.2240628,-0.0012254,-0.0084353,-9.4973040,9.2416529,-0.0058778,-0.0037174
1.9908788,1.9908788,2.1369774,-0.0049289,-19.1133209,18.1456560,-0.0012114,-0.0083386,-9.4543199,9.2012099,-0.0058104,-0.0036748
1.9958788,1.9958788,2.1419774,-0.0048725,-19.0259472,18.0676574,-0.0011975,-0.0082431,-9.4115807,9.1609834,-0.0057439,-0.0036328
