# r[nm],d[nm],daligned[nm],UC(d)[kJ/mol],UK(d)[kJ/mol],UCl(d)[kJ/mol],UC2A(d)[kJ/mol],UC4A(d)[kJ/mol],UC6A(d)[kJ/mol],UC8A(d)[kJ/mol],UC10A(d)[kJ/mol]
-0.0441212,-0.0441212,0.1019774,1712.6027740,1082.7412147,inf,93.4466857,inf,inf,inf,inf
-0.0391212,-0.0391212,0.1069774,1376.6028632,868.1488332,inf,74.2668475,inf,inf,inf,inf
-0.0341212,-0.0341212,0.1119774,1109.9409909,698.0449789,inf,59.2977233,inf,inf,inf,inf
-0.0291212,-0.0291212,0.1169774,897.6674001,562.8187386,inf,47.5944650,inf,inf,inf,inf
-0.0241212,-0.0241212,0.1219774,728.1912986,455.0208915,inf,38.3771486,inf,inf,inf,inf
-0.0191212,-0.0191212,0.1269774,592.4957056,368.8583154,inf,30.9851430,1768.5269390,inf,inf,inf
-0.0141212,-0.0141212,0.1319774,483.5426032,299.8109424,inf,24.9507156,1454.0210222,inf,inf,inf
-0.0091212,-0.0091212,0.1369774,395.8198095,244.3331606,1705.7805785,20.0259387,1199.8593353,inf,inf,inf
-0.0041212,-0.0041212,0.1419774,324.7793089,199.4300576,1412.7483520,16.0571222,993.7488667,inf,inf,inf
0.0008788,0.0008788,0.1469774,264.3990518,162.0200505,1152.8615419,12.8910457,812.1018940,inf,inf,inf
0.0058788,0.0058788,0.1519774,213.5311016,130.8103905,938.6599982,10.3758127,661.5066991,inf,inf,inf
0.0108788,0.0108788,0.1569774,173.0174717,105.6773944,768.8008479,8.3796194,542.1115703,inf,inf,inf
0.0158788,0.0158788,0.1619774,140.8973883,85.7003733,633.3170990,6.7936592,446.9072203,inf,inf,inf
0.0208788,0.0208788,0.1669774,115.3363547,69.8242542,524.6206984,5.5274567,370.5513387,inf,inf,inf
0.0258788,0.0258788,0.1719774,94.9015552,57.1671566,436.9048927,4.5063040,308.9559423,inf,inf,inf
0.0308788,0.0308788,0.1769774,78.4877902,47.0345798,365.7042663,3.6709220,258.9775577,inf,inf,inf
0.0358788,0.0358788,0.1819774,65.2408565,38.8860224,307.5689904,2.9769027,218.1878147,inf,inf,inf
0.0408788,0.0408788,0.1869774,54.4978936,32.3012825,259.8221331,2.3931433,184.7025372,inf,inf,inf
0.0458788,0.0458788,0.1919774,45.7423922,26.9527883,220.3777819,1.8990355,157.0536576,inf,inf,inf
0.0508788,0.0508788,0.1969774,38.5703113,22.5838422,187.6039716,1.4809791,134.0926758,inf,inf,inf
0.0558788,0.0558788,0.2019774,32.6642942,18.9922173,160.2188333,1.1293243,114.9174908,inf,inf,inf
0.0608788,0.0608788,0.2069774,27.7737852,16.0184329,137.2115185,0.8361080,98.8166471,inf,inf,inf
0.0658788,0.0658788,0.2119774,23.6997653,13.5373059,117.7817017,0.5934438,85.2266299,inf,inf,inf
0.0708788,0.0708788,0.2169774,20.2834653,11.4510079,101.2930860,0.3926105,73.6990089,inf,inf,inf
0.0758788,0.0758788,0.2219774,17.3983560,9.6826208,87.2375108,0.2240171,63.8750816,1767.1635835,inf,inf
0.0808788,0.0808788,0.2269774,14.9442353,8.1704666,75.2071274,0.0779941,55.4662798,1572.5122497,inf,inf
0.0858788,0.0858788,0.2319774,12.8421446,6.8640271,64.8727557,-0.0540226,48.2390136,1401.2910946,inf,inf
0.0908788,0.0908788,0.2369774,11.0295039,5.7218102,55.9670056,-0.1785182,42.0029188,1250.0684288,inf,inf
0.0958788,0.0958788,0.2419774,9.4557486,4.7106763,48.2710803,-0.2995408,36.6017322,1116.0356938,inf,inf
0.1008788,0.1008788,0.2469774,8.0791097,3.8056007,41.6044110,-0.4189495,31.9062711,996.8786593,inf,inf
0.1058788,0.1058788,0.2519774,6.8648627,2.9889694,35.8164805,-0.5370171,27.8091631,890.6765532,inf,inf
0.1108788,0.1108788,0.2569774,5.7847509,2.2491358,30.7804314,-0.6531894,24.2209766,795.8229611,inf,inf
0.1158788,0.1158788,0.2619774,4.8168518,1.5785589,26.3882626,-0.7668400,21.0672691,710.9637213,inf,inf
0.1208788,0.1208788,0.2669774,3.9451600,0.9720145,22.5474953,-0.8777944,18.2860155,634.9481085,inf,inf
0.1258788,0.1258788,0.2719774,3.1585533,0.4251815,19.1790434,-0.9864695,15.8250963,566.7904148,inf,inf
0.1308788,0.1308788,0.2769774,2.4492892,-0.0663482,16.2157739,-1.0937208,13.6399432,505.6396691,inf,inf
0.1358788,0.1358788,0.2819774,1.8114424,-0.5076683,13.6011476,-1.2005399,11.6917352,450.7557276,inf,inf
0.1408788,0.1408788,0.2869774,1.2396352,-0.9047228,11.2875961,-1.3076156,9.9465039,401.4903500,inf,inf
0.1458788,0.1458788,0.2919774,0.7281952,-1.2640401,9.2347557,-1.4149353,8.3752237,357.2721752,inf,inf
0.1508788,0.1508788,0.2969774,0.2707636,-1.5922717,7.4080314,-1.5217456,6.9544927,317.5947464,inf,inf
0.1558788,0.1558788,0.3019774,-0.1396510,-1.8958385,5.7779460,-1.6268869,5.6669563,282.0069169,inf,inf
0.1608788,0.1608788,0.3069774,-0.5102781,-2.1807149,4.3202665,-1.7292752,4.5006691,250.1051172,inf,inf
0.1658788,0.1658788,0.3119774,-0.8481254,-2.4521485,3.0162297,-1.8281530,3.4473350,221.5270741,inf,inf
0.1708788,0.1708788,0.3169774,-1.1596805,-2.7142181,1.8519975,-1.9227577,2.5001464,195.9466641,inf,inf
0.1758788,0.1758788,0.3219774,-1.4507499,-2.9694108,0.8171045,-2.0116977,1.6520695,173.0696528,inf,inf
0.1808788,0.1808788,0.3269774,-1.7262518,-3.2185901,-0.0975127,-2.0928229,0.8950088,152.6301234,inf,inf
0.1858788,0.1858788,0.3319774,-1.9898858,-3.4614715,-0.9010960,-2.1637686,0.2198322,134.3874388,inf,inf
0.1908788,0.1908788,0.3369774,-2.2438981,-3.6971807,-1.6038021,-2.2225683,-0.3830922,118.1236130,1745.7207398,inf
0.1958788,0.1958788,0.3419774,-2.4892198,-3.9244197,-2.2166223,-2.2678756,-0.9233335,103.6409919,1561.7317154,inf
0.2008788,0.2008788,0.3469774,-2.7258675,-4.1413672,-2.7508606,-2.2988617,-1.4101136,90.7601590,1396.2687217,inf
0.2058788,0.2058788,0.3519774,-2.9532036,-4.3458511,-3.2176455,-2.3150710,-1.8522098,79.3179706,1247.5471995,inf
0.2108788,0.2108788,0.3569774,-3.1699534,-4.5359162,-3.6277114,-2.3163679,-2.2577467,69.1655553,1113.9454538,inf
0.2158788,0.2158788,0.3619774,-3.3743470,-4.7102107,-3.9912842,-2.3029653,-2.6337736,60.1660085,993.9905232,inf
0.2208788,0.2208788,0.3669774,-3.5646024,-4.8677613,-4.3177476,-2.2755246,-2.9858319,52.1915608,886.3453440,inf
0.2258788,0.2258788,0.3719774,-3.7393781,-5.0074922,-4.6150352,-2.2352520,-3.3177124,45.1205933,789.7970329,inf
0.2308788,0.2308788,0.3769774,-3.8977522,-5.1281012,-4.8890471,-2.1838751,-3.6313871,38.8361420,703.2461555,inf
0.2358788,0.2358788,0.3819774,-4.0388645,-5.2283522,-5.1434019,-2.1234725,-3.9271040,33.2283782,625.6968722,inf
0.2408788,0.2408788,0.3869774,-4.1617047,-5.3074080,-5.3795823,-2.0562384,-4.2037859,28.2016912,556.2478775,inf
0.2458788,0.2458788,0.3919774,-4.2652226,-5.3649546,-5.5973839,-1.9842702,-4.4597522,23.6821676,494.0840615,inf
0.2508788,0.2508788,0.3969774,-4.3485510,-5.4011375,-5.7956044,-1.9094284,-4.6934307,19.6187642,438.4688361,inf
0.2558788,0.2558788,0.4019774,-4.4111420,-5.4164223,-5.9728136,-1.8332718,-4.9036755,15.9763649,388.7370751,inf
0.2608788,0.2608788,0.4069774,-4.4527909,-5.4114808,-6.1278775,-1.7570477,-5.0896874,12.7259617,344.2886225,inf
0.2658788,0.2658788,0.4119774,-4.4736090,-5.3871771,-6.2600362,-1.6817162,-5.2508430,9.8379355,304.5823255,inf
0.2708788,0.2708788,0.4169774,-4.4740019,-5.3446488,-6.3687104,-1.6079892,-5.3866527,7.2801360,269.1305021,inf
0.2758788,0.2758788,0.4219774,-4.4546899,-5.2853990,-6.4533619,-1.5363749,-5.4968236,5.0190876,237.4934944,inf
0.2808788,0.2808788,0.4269774,-4.4167608,-5.2113100,-6.5135356,-1.4672179,-5.5813263,3.0220245,209.2733121,inf
0.2858788,0.2858788,0.4319774,-4.3617058,-5.1245563,-6.5489850,-1.4007364,-5.6404143,1.2583391,184.1051994,1774.3708853
0.2908788,0.2908788,0.4369774,-4.2913908,-5.0274550,-6.5597611,-1.3370512,-5.6746083,-0.2998798,161.6485610,1589.1834250
0.2958788,0.2958788,0.4419774,-4.2079569,-4.9223093,-6.5462295,-1.2762106,-5.6846791,-1.6778992,141.5838541,1422.9286608
0.3008788,0.3008788,0.4469774,-4.1136794,-4.8112816,-6.5090503,-1.2182090,-5.6716601,-2.8985478,123.6224841,1273.6800218
0.3058788,0.3058788,0.4519774,-4.0108249,-4.6963104,-6.4491694,-1.1630023,-5.6368857,-3.9822721,107.5243298,1139.7048019
0.3108788,0.3108788,0.4569774,-3.9015356,-4.5790706,-6.3678362,-1.1105188,-5.5820225,-4.9469428,93.1035602,1019.4327564
0.3158788,0.3158788,0.4619774,-3.7877515,-4.4609654,-6.2666324,-1.0606686,-5.5090557,-5.8075592,80.2136115,911.2417600
0.3208788,0.3208788,0.4669774,-3.6711697,-4.3431400,-6.1474712,-1.0133492,-5.4202195,-6.5761374,68.7254249,812.7302478
0.3258788,0.3258788,0.4719774,-3.5532324,-4.2265063,-6.0125487,-0.9684513,-5.3178883,-7.2619618,58.5144969,722.5798193
0.3308788,0.3308788,0.4769774,-3.4351358,-4.1117739,-5.8642485,-0.9258621,-5.2044568,-7.8721334,49.4581606,641.4770292
0.3358788,0.3358788,0.4819774,-3.3178500,-3.9994805,-5.7050239,-0.8854678,-5.0822339,-8.4121985,41.4375934,569.0852071
0.3408788,0.3408788,0.4869774,-3.2021455,-3.8900214,-5.5372842,-0.8471560,-4.9533628,-8.8866717,34.3404713,504.5602619
0.3458788,0.3458788,0.4919774,-3.0886206,-3.7836758,-5.3633013,-0.8108166,-4.8197714,-9.2993841,28.0628310,447.0525298
0.3508788,0.3508788,0.4969774,-2.9777288,-3.6806287,-5.1851456,-0.7763429,-4.6831490,-9.6536904,22.5099905,395.7902763
0.3558788,0.3558788,0.5019774,-2.8698029,-3.5809907,-5.0046496,-0.7436325,-4.5449431,-9.9526121,17.5967301,350.0849720
0.3608788,0.3608788,0.5069774,-2.7650770,-3.4848133,-4.8233959,-0.7125871,-4.4063700,-10.1989668,13.2469803,309.3245524
0.3658788,0.3658788,0.5119774,-2.6637054,-3.3921023,-4.6427212,-0.6831135,-4.2684339,-10.3954876,9.3932465,272.9652874
0.3708788,0.3708788,0.5169774,-2.5657779,-3.3028282,-4.4637323,-0.6551229,-4.1319498,-10.5449119,5.9759591,240.5241472
0.3758788,0.3758788,0.5219774,-2.4713337,-3.2169347,-4.2873275,-0.6285314,-3.9975677,-10.6500278,2.9428652,211.5719626
0.3808788,0.3808788,0.5269774,-2.3803716,-3.1343457,-4.1142215,-0.6032596,-3.8657962,-10.7136923,0.2484949,185.7273601
0.3858788,0.3858788,0.5319774,-2.2928595,-3.0549709,-3.9449698,-0.5792329,-3.7370239,-10.7388386,-2.1463360,162.6514052
0.3908788,0.3908788,0.5369774,-2.2087413,-2.9787096,-3.7799926,-0.5563807,-3.6115395,-10.7284809,-4.2750816,142.0429026
0.3958788,0.3958788,0.5419774,-2.1279430,-2.9054547,-3.6195960,-0.5346368,-3.4895485,-10.6857134,-6.1661670,123.6342893
0.4008788,0.4008788,0.5469774,-2.0503773,-2.8350950,-3.4639911,-0.5139388,-3.3711882,-10.6136933,-7.8438343,107.1880133
0.4058788,0.4058788,0.5519774,-1.9759478,-2.7675177,-3.3133112,-0.4942282,-3.2565404,-10.5156061,-9.3290251,92.4932378
0.4108788,0.4108788,0.5569774,-1.9045515,-2.7026096,-3.1676257,-0.4754499,-3.1456416,-10.3946155,-10.6401456,79.3627319
0.4158788,0.4158788,0.5619774,-1.8360814,-2.6402584,-3.0269524,-0.4575523,-3.0384925,-10.2538080,-11.7936075,67.6299056
0.4208788,0.4208788,0.5669774,-1.7704286,-2.5803538,-2.8912677,-0.4404869,-2.9350650,-10.0961391,-12.8041306,57.1460706
0.4258788,0.4258788,0.5719774,-1.7074837,-2.5227882,-2.7605153,-0.4242080,-2.8353086,-9.9243882,-13.6848809,47.7780545
0.4308788,0.4308788,0.5769774,-1.6471378,-2.4674570,-2.6346134,-0.4086731,-2.7391552,-9.7411261,-14.4475468,39.4062569
0.4358788,0.4358788,0.5819774,-1.5892836,-2.4142591,-2.5134604,-0.3938417,-2.6465235,-9.5486954,-15.1024447,31.9231541
0.4408788,0.4408788,0.5869774,-1.5338160,-2.3630971,-2.3969400,-0.3796763,-2.5573224,-9.3492020,-15.6586859,25.2321897
0.4458788,0.4458788,0.5919774,-1.4806324,-2.3138775,-2.2849247,-0.3661413,-2.4714537,-9.1445167,-16.1243874,19.2469513
0.4508788,0.4508788,0.5969774,-1.4296334,-2.2665105,-2.1772799,-0.3532035,-2.3888144,-8.9362836,-16.5068819,13.8905218
0.4558788,0.4558788,0.6019774,-1.3807230,-2.2209104,-2.0738655,-0.3408315,-2.3092983,-8.7259335,-16.8128917,9.0949028
0.4608788,0.4608788,0.6069774,-1.3338085,-2.1769951,-1.9745391,-0.3289959,-2.2327981,-8.5147004,-17.0486567,4.8004101
0.4658788,0.4658788,0.6119774,-1.2888007,-2.1346864,-1.8791566,-0.3176690,-2.1592058,-8.3036393,-17.2200215,0.9549689
0.4708788,0.4708788,0.6169774,-1.2456141,-2.0939100,-1.7875748,-0.3068248,-2.0884142,-8.0936441,-17.3324970,-2.4867273
0.4758788,0.4758788,0.6219774,-1.2041668,-2.0545948,-1.6996512,-0.2964387,-2.0203172,-7.8854659,-17.3913061,-5.5641666
0.4808788,0.4808788,0.6269774,-1.1643803,-2.0166735,-1.6152458,-0.2864876,-1.9548110,-7.6797293,-17.4014158,-8.3119885
0.4858788,0.4858788,0.6319774,-1.1261797,-1.9800818,-1.5342216,-0.2769499,-1.8917937,-7.4769487,-17.3675583,-10.7608664
0.4908788,0.4908788,0.6369774,-1.0894935,-1.9447589,-1.4564445,-0.2678048,-1.8311662,-7.2775420,-17.2942403,-12.9382222
0.4958788,0.4958788,0.6419774,-1.0542532,-1.9106467,-1.3817844,-0.2590333,-1.7728325,-7.0818437,-17.1857430,-14.8687512
0.5008788,0.5008788,0.6469774,-1.0203939,-1.8776904,-1.3101150,-0.2506170,-1.7166994,-6.8901166,-17.0461151,-16.5747905
0.5058788,0.5058788,0.6519774,-0.9878534,-1.8458377,-1.2413142,-0.2425386,-1.6626768,-6.7025614,-16.8791633,-18.0765888
0.5108788,0.5108788,0.6569774,-0.9565728,-1.8150389,-1.1752641,-0.2347821,-1.6106782,-6.5193264,-16.6884425,-19.3925258
0.5158788,0.5158788,0.6619774,-0.9264956,-1.7852471,-1.1118511,-0.2273320,-1.5606199,-6.3405148,-16.4772493,-20.5393067
0.5208788,0.5208788,0.6669774,-0.8975684,-1.7564175,-1.0509658,-0.2201739,-1.5124216,-6.1661915,-16.2486192,-21.5321355
0.5258788,0.5258788,0.6719774,-0.8697401,-1.7285077,-0.9925031,-0.2132941,-1.4660063,-5.9963894,-16.0053275,-22.3848635
0.5308788,0.5308788,0.6769774,-0.8429622,-1.7014773,-0.9363622,-0.2066796,-1.4212998,-5.8311144,-15.7498957,-23.1101112
0.5358788,0.5358788,0.6819774,-0.8171886,-1.6752882,-0.8824461,-0.2003182,-1.3782314,-5.6703497,-15.4846001,-23.7193691
0.5408788,0.5408788,0.6869774,-0.7923752,-1.6499040,-0.8306622,-0.1941983,-1.3367330,-5.5140597,-15.2114841,-24.2230873
0.5458788,0.5458788,0.6919774,-0.7684803,-1.6252901,-0.7809215,-0.1883089,-1.2967396,-5.3621933,-14.9323721,-24.6307636
0.5508788,0.5508788,0.6969774,-0.7454640,-1.6014137,-0.7331388,-0.1826396,-1.2581889,-5.2146868,-14.6488848,-24.9510351
0.5558788,0.5558788,0.7019774,-0.7232885,-1.5782438,-0.6872327,-0.1771806,-1.2210213,-5.0714662,-14.3624547,-25.1917739
0.5608788,0.5608788,0.7069774,-0.7019178,-1.5557506,-0.6431253,-0.1719226,-1.1851800,-4.9324494,-14.0743420,-25.3601813
0.5658788,0.5658788,0.7119774,-0.6813174,-1.5339061,-0.6007420,-0.1668567,-1.1506103,-4.7975478,-13.7856503,-25.4628763
0.5708788,0.5708788,0.7169774,-0.6614549,-1.5126833,-0.5600115,-0.1619744,-1.1172603,-4.6666679,-13.4973412,-25.5059727
0.5758788,0.5758788,0.7219774,-0.6422990,-1.4920570,-0.5208656,-0.1572679,-1.0850802,-4.5397127,-13.2102487,-25.4951415
0.5808788,0.5808788,0.7269774,-0.6238201,-1.4720028,-0.4832393,-0.1527296,-1.0540224,-4.4165826,-12.9250918,-25.4356586
0.5858788,0.5858788,0.7319774,-0.6059900,-1.4524977,-0.4470701,-0.1483522,-1.0240416,-4.2971763,-12.6424874,-25.3324403
0.5908788,0.5908788,0.7369774,-0.5887819,-1.4335197,-0.4122987,-0.1441290,-0.9950942,-4.1813919,-12.3629610,-25.1900686
0.5958788,0.5958788,0.7419774,-0.5721701,-1.4150481,-0.3788680,-0.1400534,-0.9671389,-4.0691270,-12.0869568,-25.0128085
0.6008788,0.6008788,0.7469774,-0.5561302,-1.3970627,-0.3467238,-0.1361193,-0.9401360,-3.9602797,-11.8148474,-24.8046220
0.6058788,0.6058788,0.7519774,-0.5406389,-1.3795448,-0.3158140,-0.1323208,-0.9140475,-3.8547491,-11.5469416,-24.5691798
0.6108788,0.6108788,0.7569774,-0.5256741,-1.3624761,-0.2860889,-0.1286523,-0.8888374,-3.7524350,-11.2834924,-24.3098713
0.6158788,0.6158788,0.7619774,-0.5112146,-1.3458396,-0.2575011,-0.1251085,-0.8644709,-3.6532391,-11.0247034,-24.0298160
0.6208788,0.6208788,0.7669774,-0.4972402,-1.3296188,-0.2300052,-0.1216844,-0.8409151,-3.5570646,-10.7707349,-23.7318754
0.6258788,0.6258788,0.7719774,-0.4837316,-1.3137980,-0.2035578,-0.1183751,-0.8181382,-3.4638167,-10.5217095,-23.4186646
0.6308788,0.6308788,0.7769774,-0.4706704,-1.2983623,-0.1781173,-0.1151760,-0.7961102,-3.3734026,-10.2777162,-23.0925663
0.6358788,0.6358788,0.7819774,-0.4580391,-1.2832975,-0.1536440,-0.1120827,-0.7748020,-3.2857318,-10.0388157,-22.7557440
0.6408788,0.6408788,0.7869774,-0.4458210,-1.2685898,-0.1301001,-0.1090910,-0.7541861,-3.2007158,-9.8050431,-22.4101563
0.6458788,0.6458788,0.7919774,-0.4339999,-1.2542264,-0.1074491,-0.1061971,-0.7342359,-3.1182689,-9.5764121,-22.0575711
0.6508788,0.6508788,0.7969774,-0.4225607,-1.2401948,-0.0856564,-0.1033969,-0.7149263,-3.0383073,-9.3529173,-21.6995789
0.6558788,0.6558788,0.8019774,-0.4114887,-1.2264831,-0.0646887,-0.1006870,-0.6962330,-2.9607498,-9.1345374,-21.3376075
0.6608788,0.6608788,0.8069774,-0.4007699,-1.2130800,-0.0445142,-0.0980639,-0.6781328,-2.8855177,-8.9212369,-20.9729339
0.6658788,0.6658788,0.8119774,-0.3903910,-1.1999746,-0.0251023,-0.0955242,-0.6606035,-2.8125345,-8.7129686,-20.6066978
0.6708788,0.6708788,0.8169774,-0.3803392,-1.1871567,-0.0064240,-0.0930647,-0.6436240,-2.7417261,-8.5096755,-20.2399129
0.6758788,0.6758788,0.8219774,-0.3706023,-1.1746162,0.0115486,-0.0906826,-0.6271740,-2.6730209,-8.3112917,-19.8734784
0.6808788,0.6808788,0.8269774,-0.3611685,-1.1623437,0.0288424,-0.0883747,-0.6112338,-2.6063494,-8.1177447,-19.5081890
0.6858788,0.6858788,0.8319774,-0.3520268,-1.1503302,0.0454829,-0.0861385,-0.5957850,-2.5416446,-7.9289558,-19.1447447
0.6908788,0.6908788,0.8369774,-0.3431663,-1.1385668,0.0614947,-0.0839712,-0.5808096,-2.4788414,-7.7448417,-18.7837601
0.6958788,0.6958788,0.8419774,-0.3345768,-1.1270453,0.0769012,-0.0818703,-0.5662906,-2.4178771,-7.5653153,-18.4257721
0.7008788,0.7008788,0.8469774,-0.3262484,-1.1157577,0.0917252,-0.0798335,-0.5522114,-2.3586912,-7.3902864,-18.0712475
0.7058788,0.7058788,0.8519774,-0.3181719,-1.1046963,0.1059880,-0.0778583,-0.5385564,-2.3012250,-7.2196627,-17.7205903
0.7108788,0.7108788,0.8569774,-0.3103381,-1.0938539,0.1197106,-0.0759425,-0.5253105,-2.2454220,-7.0533502,-17.3741478
0.7158788,0.7158788,0.8619774,-0.3027384,-1.0832234,0.1329127,-0.0740841,-0.5124593,-2.1912276,-6.8912536,-17.0322160
0.7208788,0.7208788,0.8669774,-0.2953645,-1.0727980,0.1456134,-0.0722809,-0.4999887,-2.1385890,-6.7332773,-16.6950454
0.7258788,0.7258788,0.8719774,-0.2882084,-1.0625713,0.1578310,-0.0705311,-0.4878856,-2.0874553,-6.5793253,-16.3628454
0.7308788,0.7308788,0.8769774,-0.2812626,-1.0525371,0.1695831,-0.0688327,-0.4761370,-2.0377776,-6.4293017,-16.0357886
0.7358788,0.7358788,0.8819774,-0.2745197,-1.0426894,0.1808865,-0.0671839,-0.4647309,-1.9895082,-6.2831114,-15.7140149
0.7408788,0.7408788,0.8869774,-0.2679727,-1.0330225,0.1917573,-0.0655831,-0.4536553,-1.9426016,-6.1406595,-15.3976350
0.7458788,0.7458788,0.8919774,-0.2616148,-1.0235310,0.2022112,-0.0640286,-0.4428989,-1.8970135,-6.0018525,-15.0867331
0.7508788,0.7508788,0.8969774,-0.2554395,-1.0142095,0.2122630,-0.0625187,-0.4324510,-1.8527015,-5.8665977,-14.7813707
0.7558788,0.7558788,0.9019774,-0.2494408,-1.0050529,0.2219271,-0.0610520,-0.4223010,-1.8096244,-5.7348039,-14.4815882
0.7608788,0.7608788,0.9069774,-0.2436125,-0.9960565,0.2312171,-0.0596270,-0.4124388,-1.7677427,-5.6063813,-14.1874081
0.7658788,0.7658788,0.9119774,-0.2379489,-0.9872155,0.2401464,-0.0582422,-0.4028550,-1.7270180,-5.4812415,-13.8988365
0.7708788,0.7708788,0.9169774,-0.2324446,-0.9785254,0.2487277,-0.0568964,-0.3935401,-1.6874135,-5.3592979,-13.6158652
0.7758788,0.7758788,0.9219774,-0.2270942,-0.9699819,0.2569731,-0.0555883,-0.3844853,-1.6488937,-5.2404654,-13.3384736
0.7808788,0.7808788,0.9269774,-0.2218927,-0.9615808,0.2648944,-0.0543165,-0.3756820,-1.6114241,-5.1246609,-13.0666301
0.7858788,0.7858788,0.9319774,-0.2168351,-0.9533181,0.2725030,-0.0530799,-0.3671220,-1.5749716,-5.0118027,-12.8002933
0.7908788,0.7908788,0.9369774,-0.2119167,-0.9451899,0.2798096,-0.0518773,-0.3587972,-1.5395043,-4.9018114,-12.5394136
0.7958788,0.7958788,0.9419774,-0.2071330,-0.9371926,0.2868248,-0.0507077,-0.3507002,-1.5049913,-4.7946091,-12.2839340
0.8008788,0.8008788,0.9469774,-0.2024797,-0.9293224,0.2935585,-0.0495699,-0.3428235,-1.4714029,-4.6901198,-12.0337912
0.8058788,0.8058788,0.9519774,-0.1979525,-0.9215761,0.3000206,-0.0484630,-0.3351600,-1.4387102,-4.5882695,-11.7889168
0.8108788,0.8108788,0.9569774,-0.1935473,-0.9139502,0.3062202,-0.0473858,-0.3277030,-1.4068856,-4.4889859,-11.5492376
0.8158788,0.8158788,0.9619774,-0.1892604,-0.9064416,0.3121664,-0.0463376,-0.3204458,-1.3759023,-4.3921987,-11.3146765
0.8208788,0.8208788,0.9669774,-0.1850879,-0.8990471,0.3178679,-0.0453174,-0.3133822,-1.3457344,-4.2978391,-11.0851536
0.8258788,0.8258788,0.9719774,-0.1810263,-0.8917638,0.3233328,-0.0443242,-0.3065060,-1.3163571,-4.2058406,-10.8605859
0.8308788,0.8308788,0.9769774,-0.1770720,-0.8845888,0.3285693,-0.0433572,-0.2998115,-1.2877461,-4.1161379,-10.6408886
0.8358788,0.8358788,0.9819774,-0.1732217,-0.8775193,0.3335851,-0.0424157,-0.2932929,-1.2598782,-4.0286680,-10.4259752
0.8408788,0.8408788,0.9869774,-0.1694722,-0.8705527,0.3383876,-0.0414988,-0.2869448,-1.2327310,-3.9433693,-10.2157580
0.8458788,0.8458788,0.9919774,-0.1658204,-0.8636863,0.3429839,-0.0406058,-0.2807619,-1.2062828,-3.8601820,-10.0101483
0.8508788,0.8508788,0.9969774,-0.1622632,-0.8569177,0.3473811,-0.0397359,-0.2747391,-1.1805125,-3.7790479,-9.8090571
0.8558788,0.8558788,1.0019774,-0.1587978,-0.8502445,0.3515857,-0.0388884,-0.2688717,-1.1554000,-3.6999105,-9.6123949
0.8608788,0.8608788,1.0069774,-0.1554214,-0.8436643,0.3556041,-0.0380626,-0.2631548,-1.1309256,-3.6227148,-9.4200723
0.8658788,0.8658788,1.0119774,-0.1521313,-0.8371749,0.3594426,-0.0372580,-0.2575839,-1.1070705,-3.5474075,-9.2320001
0.8708788,0.8708788,1.0169774,-0.1489248,-0.8307741,0.3631072,-0.0364737,-0.2521546,-1.0838164,-3.4739367,-9.0480895
0.8758788,0.8758788,1.0219774,-0.1457995,-0.8244598,0.3666035,-0.0357094,-0.2468627,-1.0611457,-3.4022521,-8.8682524
0.8808788,0.8808788,1.0269774,-0.1427530,-0.8182300,0.3699373,-0.0349642,-0.2417040,-1.0390412,-3.3323048,-8.6924013
0.8858788,0.8858788,1.0319774,-0.1397828,-0.8120827,0.3731137,-0.0342377,-0.2366747,-1.0174864,-3.2640471,-8.5204496
0.8908788,0.8908788,1.0369774,-0.1368868,-0.8060160,0.3761381,-0.0335294,-0.2317709,-0.9964655,-3.1974331,-8.3523117
0.8958788,0.8958788,1.0419774,-0.1340628,-0.8000281,0.3790154,-0.0328386,-0.2269889,-0.9759630,-3.1324179,-8.1879031
0.9008788,0.9008788,1.0469774,-0.1313087,-0.7941172,0.3817504,-0.0321649,-0.2223251,-0.9559639,-3.0689580,-8.0271404
0.9058788,0.9058788,1.0519774,-0.1286223,-0.7882815,0.3843478,-0.0315078,-0.2177762,-0.9364538,-3.0070112,-7.8699414
0.9108788,0.9108788,1.0569774,-0.1260019,-0.7825195,0.3868121,-0.0308667,-0.2133388,-0.9174188,-2.9465365,-7.7162253
0.9158788,0.9158788,1.0619774,-0.1234453,-0.7768294,0.3891477,-0.0302413,-0.2090097,-0.8988454,-2.8874942,-7.5659127
0.9208788,0.9208788,1.0669774,-0.1209510,-0.7712098,0.3913587,-0.0296311,-0.2047857,-0.8807204,-2.8298456,-7.4189252
0.9258788,0.9258788,1.0719774,-0.1185169,-0.7656591,0.3934492,-0.0290356,-0.2006639,-0.8630314,-2.7735531,-7.2751863
0.9308788,0.9308788,1.0769774,-0.1161415,-0.7601758,0.3954231,-0.0284545,-0.1966413,-0.8457659,-2.7185805,-7.1346206
0.9358788,0.9358788,1.0819774,-0.1138231,-0.7547586,0.3972842,-0.0278872,-0.1927152,-0.8289122,-2.6648923,-6.9971542
0.9408788,0.9408788,1.0869774,-0.1115600,-0.7494060,0.3990362,-0.0273335,-0.1888829,-0.8124588,-2.6124543,-6.8627149
0.9458788,0.9458788,1.0919774,-0.1093507,-0.7441167,0.4006825,-0.0267930,-0.1851417,-0.7963946,-2.5612332,-6.7312316
0.9508788,0.9508788,1.0969774,-0.1071937,-0.7388894,0.4022267,-0.0262652,-0.1814890,-0.7807088,-2.5111967,-6.6026350
0.9558788,0.9558788,1.1019774,-0.1050876,-0.7337228,0.4036720,-0.0257499,-0.1779224,-0.7653911,-2.4623133,-6.4768570
0.9608788,0.9608788,1.1069774,-0.1030310,-0.7286158,0.4050216,-0.0252466,-0.1744396,-0.7504313,-2.4145526,-6.3538311
0.9658788,0.9658788,1.1119774,-0.1010224,-0.7235671,0.4062787,-0.0247551,-0.1710381,-0.7358197,-2.3678851,-6.2334924
0.9708788,0.9708788,1.1169774,-0.0990605,-0.7185755,0.4074461,-0.0242750,-0.1677159,-0.7215469,-2.3222821,-6.1157772
0.9758788,0.9758788,1.1219774,-0.0971442,-0.7136401,0.4085269,-0.0238060,-0.1644706,-0.7076036,-2.2777155,-6.0006232
0.9808788,0.9808788,1.1269774,-0.0952721,-0.7087596,0.4095237,-0.0233479,-0.1613003,-0.6939809,-2.2341585,-5.8879699
0.9858788,0.9858788,1.1319774,-0.0934430,-0.7039331,0.4104393,-0.0229003,-0.1582029,-0.6806704,-2.1915847,-5.7777578
0.9908788,0.9908788,1.1369774,-0.0916558,-0.6991594,0.4112764,-0.0224629,-0.1551764,-0.6676635,-2.1499686,-5.6699289
0.9958788,0.9958788,1.1419774,-0.0899094,-0.6944377,0.4120374,-0.0220354,-0.1522189,-0.6549523,-2.1092853,-5.5644266
1.0008788,1.0008788,1.1469774,-0.0882026,-0.6897669,0.4127248,-0.0216177,-0.1493286,-0.6425289,-2.0695109,-5.4611957
1.0058788,1.0058788,1.1519774,-0.0865345,-0.6851461,0.4133411,-0.0212094,-0.1465037,-0.6303856,-2.0306220,-5.3601822
1.0108788,1.0108788,1.1569774,-0.0849039,-0.6805744,0.4138884,-0.0208103,-0.1437424,-0.6185152,-1.9925958,-5.2613334
1.0158788,1.0158788,1.1619774,-0.0833100,-0.6760509,0.4143690,-0.0204201,-0.1410431,-0.6069104,-1.9554104,-5.1645979
1.0208788,1.0208788,1.1669774,-0.0817516,-0.6715747,0.4147851,-0.0200387,-0.1384042,-0.5955644,-1.9190442,-5.0699256
1.0258788,1.0258788,1.1719774,-0.0802280,-0.6671451,0.4151387,-0.0196657,-0.1358241,-0.5844703,-1.8834765,-4.9772676
1.0308788,1.0308788,1.1769774,-0.0787382,-0.6627611,0.4154320,-0.0193010,-0.1333011,-0.5736217,-1.8486870,-4.8865762
1.0358788,1.0358788,1.1819774,-0.0772813,-0.6584219,0.4156667,-0.0189443,-0.1308340,-0.5630122,-1.8146562,-4.7978048
1.0408788,1.0408788,1.1869774,-0.0758564,-0.6541269,0.4158449,-0.0185955,-0.1284211,-0.5526357,-1.7813649,-4.7109079
1.0458788,1.0458788,1.1919774,-0.0744628,-0.6498752,0.4159684,-0.0182543,-0.1260612,-0.5424862,-1.7487946,-4.6258414
1.0508788,1.0508788,1.1969774,-0.0730997,-0.6456661,0.4160389,-0.0179206,-0.1237528,-0.5325579,-1.7169272,-4.5425620
1.0558788,1.0558788,1.2019774,-0.0717662,-0.6414989,0.4160582,-0.0175941,-0.1214946,-0.5228452,-1.6857453,-4.4610277
1.0608788,1.0608788,1.2069774,-0.0704616,-0.6373730,0.4160280,-0.0172747,-0.1192854,-0.5133427,-1.6552318,-4.3811973
1.0658788,1.0658788,1.2119774,-0.0691851,-0.6332875,0.4159498,-0.0169621,-0.1171239,-0.5040450,-1.6253702,-4.3030309
1.0708788,1.0708788,1.2169774,-0.0679362,-0.6292419,0.4158253,-0.0166563,-0.1150089,-0.4949470,-1.5961444,-4.2264894
1.0758788,1.0758788,1.2219774,-0.0667140,-0.6252354,0.4156559,-0.0163571,-0.1129393,-0.4860437,-1.5675387,-4.1515348
1.0808788,1.0808788,1.2269774,-0.0655179,-0.6212676,0.4154432,-0.0160642,-0.1109139,-0.4773302,-1.5395380,-4.0781300
1.0858788,1.0858788,1.2319774,-0.0643473,-0.6173377,0.4151885,-0.0157775,-0.1089315,-0.4688019,-1.5121274,-4.0062388
1.0908788,1.0908788,1.2369774,-0.0632014,-0.6134452,0.4148933,-0.0154969,-0.1069913,-0.4604541,-1.4852926,-3.9358260
1.0958788,1.0958788,1.2419774,-0.0620798,-0.6095894,0.4145589,-0.0152223,-0.1050920,-0.4522824,-1.4590196,-3.8668572
1.1008788,1.1008788,1.2469774,-0.0609818,-0.6057699,0.4141865,-0.0149534,-0.1032326,-0.4442824,-1.4332948,-3.7992988
1.1058788,1.1058788,1.2519774,-0.0599068,-0.6019860,0.4137776,-0.0146901,-0.1014123,-0.4364500,-1.4081051,-3.7331183
1.1108788,1.1108788,1.2569774,-0.0588543,-0.5982372,0.4133332,-0.0144323,-0.0996300,-0.4287811,-1.3834374,-3.6682838
1.1158788,1.1158788,1.2619774,-0.0578237,-0.5945229,0.4128546,-0.0141799,-0.0978849,-0.4212717,-1.3592794,-3.6047643
1.1208788,1.1208788,1.2669774,-0.0568145,-0.5908428,0.4123430,-0.0139327,-0.0961759,-0.4139179,-1.3356188,-3.5425294
1.1258788,1.1258788,1.2719774,-0.0558261,-0.5871961,0.4117994,-0.0136906,-0.0945023,-0.4067161,-1.3124438,-3.4815497
1.1308788,1.1308788,1.2769774,-0.0548581,-0.5835826,0.4112249,-0.0134535,-0.0928632,-0.3996624,-1.2897429,-3.4217965
1.1358788,1.1358788,1.2819774,-0.0539100,-0.5800016,0.4106207,-0.0132213,-0.0912578,-0.3927534,-1.2675048,-3.3632416
1.1408788,1.1408788,1.2869774,-0.0529812,-0.5764527,0.4099876,-0.0129938,-0.0896852,-0.3859857,-1.2457187,-3.3058578
1.1458788,1.1458788,1.2919774,-0.0520715,-0.5729354,0.4093267,-0.0127710,-0.0881446,-0.3793559,-1.2243740,-3.2496184
1.1508788,1.1508788,1.2969774,-0.0511801,-0.5694494,0.4086390,-0.0125526,-0.0866354,-0.3728606,-1.2034602,-3.1944974
1.1558788,1.1558788,1.3019774,-0.0503069,-0.5659940,0.4079254,-0.0123387,-0.0851567,-0.3664968,-1.1829673,-3.1404696
1.1608788,1.1608788,1.3069774,-0.0494512,-0.5625690,0.4071868,-0.0121291,-0.0837079,-0.3602613,-1.1628856,-3.0875101
1.1658788,1.1658788,1.3119774,-0.0486128,-0.5591739,0.4064241,-0.0119237,-0.0822882,-0.3541512,-1.1432055,-3.0355949
1.1708788,1.1708788,1.3169774,-0.0477912,-0.5558083,0.4056381,-0.0117224,-0.0808970,-0.3481634,-1.1239176,-2.9847006
1.1758788,1.1758788,1.3219774,-0.0469860,-0.5524717,0.4048297,-0.0115251,-0.0795336,-0.3422952,-1.1050130,-2.9348042
1.1808788,1.1808788,1.3269774,-0.0461968,-0.5491639,0.4039996,-0.0113318,-0.0781974,-0.3365438,-1.0864829,-2.8858834
1.1858788,1.1858788,1.3319774,-0.0454233,-0.5458843,0.4031487,-0.0111423,-0.0768876,-0.3309065,-1.0683187,-2.8379164
1.1908788,1.1908788,1.3369774,-0.0446650,-0.5426327,0.4022777,-0.0109565,-0.0756038,-0.3253806,-1.0505119,-2.7908819
1.1958788,1.1958788,1.3419774,-0.0439217,-0.5394086,0.4013873,-0.0107744,-0.0743453,-0.3199636,-1.0330546,-2.7447594
1.2008788,1.2008788,1.3469774,-0.0431931,-0.5362116,0.4004783,-0.0105958,-0.0731115,-0.3146530,-1.0159387,-2.6995285
1.2058788,1.2058788,1.3519774,-0.0424787,-0.5330416,0.3995513,-0.0104208,-0.0719019,-0.3094463,-0.9991566,-2.6551696
1.2108788,1.2108788,1.3569774,-0.0417782,-0.5298980,0.3986070,-0.0102491,-0.0707159,-0.3043413,-0.9827007,-2.6116634
1.2158788,1.2158788,1.3619774,-0.0410914,-0.5267805,0.3976461,-0.0100808,-0.0695530,-0.2993356,-0.9665637,-2.5689912
1.2208788,1.2208788,1.3669774,-0.0404179,-0.5236889,0.3966691,-0.0099158,-0.0684126,-0.2944270,-0.9507384,-2.5271347
1.2258788,1.2258788,1.3719774,-0.0397574,-0.5206227,0.3956768,-0.0097539,-0.0672943,-0.2896132,-0.9352179,-2.4860760
1.2308788,1.2308788,1.3769774,-0.0391096,-0.5175817,0.3946697,-0.0095952,-0.0661975,-0.2848922,-0.9199954,-2.4457979
1.2358788,1.2358788,1.3819774,-0.0384743,-0.5145656,0.3936484,-0.0094395,-0.0651219,-0.2802619,-0.9050642,-2.4062832
1.2408788,1.2408788,1.3869774,-0.0378511,-0.5115739,0.3926135,-0.0092868,-0.0640668,-0.2757202,-0.8904180,-2.3675154
1.2458788,1.2458788,1.3919774,-0.0372399,-0.5086066,0.3915654,-0.0091370,-0.0630319,-0.2712652,-0.8760505,-2.3294783
1.2508788,1.2508788,1.3969774,-0.0366402,-0.5056631,0.3905048,-0.0089900,-0.0620166,-0.2668950,-0.8619555,-2.2921562
1.2558788,1.2558788,1.4019774,-0.0360520,-0.5027434,0.3894321,-0.0088458,-0.0610207,-0.2626077,-0.8481270,-2.2555337
1.2608788,1.2608788,1.4069774,-0.0354749,-0.4998469,0.3883479,-0.0087044,-0.0600436,-0.2584015,-0.8345593,-2.2195958
1.2658788,1.2658788,1.4119774,-0.0349086,-0.4969736,0.3872526,-0.0085656,-0.0590849,-0.2542746,-0.8212466,-2.1843277
1.2708788,1.2708788,1.4169774,-0.0343530,-0.4941231,0.3861468,-0.0084294,-0.0581442,-0.2502252,-0.8081834,-2.1497152
1.2758788,1.2758788,1.4219774,-0.0338078,-0.4912951,0.3850307,-0.0082958,-0.0572211,-0.2462517,-0.7953643,-2.1157443
1.2808788,1.2808788,1.4269774,-0.0332728,-0.4884894,0.3839051,-0.0081646,-0.0563153,-0.2423525,-0.7827841,-2.0824014
1.2858788,1.2858788,1.4319774,-0.0327477,-0.4857058,0.3827701,-0.0080359,-0.0554264,-0.2385259,-0.7704376,-2.0496732
1.2908788,1.2908788,1.4369774,-0.0322324,-0.4829439,0.3816263,-0.0079096,-0.0545540,-0.2347703,-0.7583197,-2.0175466
1.2958788,1.2958788,1.4419774,-0.0317267,-0.4802035,0.3804741,-0.0077856,-0.0536977,-0.2310843,-0.7464257,-1.9860091
1.3008788,1.3008788,1.4469774,-0.0312303,-0.4774843,0.3793139,-0.0076640,-0.0528573,-0.2274663,-0.7347506,-1.9550481
1.3058788,1.3058788,1.4519774,-0.0307430,-0.4747862,0.3781460,-0.0075445,-0.0520323,-0.2239149,-0.7232900,-1.9246517
1.3108788,1.3108788,1.4569774,-0.0302646,-0.4721089,0.3769709,-0.0074272,-0.0512224,-0.2204287,-0.7120391,-1.8948080
1.3158788,1.3158788,1.4619774,-0.0297950,-0.4694522,0.3757888,-0.0073121,-0.0504274,-0.2170063,-0.7009936,-1.8655055
1.3208788,1.3208788,1.4669774,-0.0293340,-0.4668157,0.3746002,-0.0071991,-0.0496469,-0.2136463,-0.6901492,-1.8367329
1.3258788,1.3258788,1.4719774,-0.0288813,-0.4641994,0.3734054,-0.0070881,-0.0488806,-0.2103474,-0.6795017,-1.8084793
1.3308788,1.3308788,1.4769774,-0.0284369,-0.4616030,0.3722047,-0.0069791,-0.0481281,-0.2071083,-0.6690468,-1.7807339
1.3358788,1.3358788,1.4819774,-0.0280005,-0.4590262,0.3709984,-0.0068721,-0.0473893,-0.2039279,-0.6587806,-1.7534861
1.3408788,1.3408788,1.4869774,-0.0275719,-0.4564689,0.3697869,-0.0067671,-0.0466638,-0.2008047,-0.6486992,-1.7267259
1.3458788,1.3458788,1.4919774,-0.0271511,-0.4539308,0.3685705,-0.0066639,-0.0459514,-0.1977378,-0.6387987,-1.7004431
1.3508788,1.3508788,1.4969774,-0.0267378,-0.4514118,0.3673494,-0.0065626,-0.0452517,-0.1947258,-0.6290754,-1.6746280
1.3558788,1.3558788,1.5019774,-0.0263318,-0.4489115,0.3661240,-0.0064630,-0.0445645,-0.1917676,-0.6195255,-1.6492711
1.3608788,1.3608788,1.5069774,-0.0259332,-0.4464299,0.3648945,-0.0063653,-0.0438896,-0.1888623,-0.6101457,-1.6243629
1.3658788,1.3658788,1.5119774,-0.0255416,-0.4439668,0.3636612,-0.0062692,-0.0432266,-0.1860085,-0.6009323,-1.5998945
1.3708788,1.3708788,1.5169774,-0.0251569,-0.4415219,0.3624244,-0.0061749,-0.0425755,-0.1832053,-0.5918819,-1.5758568
1.3758788,1.3758788,1.5219774,-0.0247791,-0.4390950,0.3611843,-0.0060823,-0.0419358,-0.1804517,-0.5829913,-1.5522413
1.3808788,1.3808788,1.5269774,-0.0244079,-0.4366860,0.3599411,-0.0059912,-0.0413074,-0.1777467,-0.5742571,-1.5290393
1.3858788,1.3858788,1.5319774,-0.0240432,-0.4342947,0.3586952,-0.0059018,-0.0406901,-0.1750891,-0.5656762,-1.5062426
1.3908788,1.3908788,1.5369774,-0.0236849,-0.4319209,0.3574467,-0.0058140,-0.0400835,-0.1724782,-0.5572456,-1.4838430
1.3958788,1.3958788,1.5419774,-0.0233329,-0.4295644,0.3561959,-0.0057276,-0.0394876,-0.1699129,-0.5489621,-1.4618327
1.4008788,1.4008788,1.5469774,-0.0229870,-0.4272250,0.3549429,-0.0056428,-0.0389021,-0.1673924,-0.5408228,-1.4402038
1.4058788,1.4058788,1.5519774,-0.0226471,-0.4249026,0.3536881,-0.0055594,-0.0383267,-0.1649156,-0.5328248,-1.4189487
1.4108788,1.4108788,1.5569774,-0.0223131,-0.4225970,0.3524315,-0.0054775,-0.0377613,-0.1624818,-0.5249653,-1.3980601
1.4158788,1.4158788,1.5619774,-0.0219849,-0.4203081,0.3511735,-0.0053970,-0.0372057,-0.1600901,-0.5172415,-1.3775307
1.4208788,1.4208788,1.5669774,-0.0216623,-0.4180356,0.3499142,-0.0053179,-0.0366597,-0.1577397,-0.5096507,-1.3573534
1.4258788,1.4258788,1.5719774,-0.0213453,-0.4157794,0.3486538,-0.0052402,-0.0361230,-0.1554296,-0.5021903,-1.3375213
1.4308788,1.4308788,1.5769774,-0.0210337,-0.4135393,0.3473924,-0.0051638,-0.0355956,-0.1531592,-0.4948578,-1.3180275
1.4358788,1.4358788,1.5819774,-0.0207274,-0.4113153,0.3461304,-0.0050886,-0.0350771,-0.1509276,-0.4876505,-1.2988656
1.4408788,1.4408788,1.5869774,-0.0204264,-0.4091070,0.3448677,-0.0050148,-0.0345676,-0.1487341,-0.4805660,-1.2800289
1.4458788,1.4458788,1.5919774,-0.0201305,-0.4069145,0.3436047,-0.0049422,-0.0340667,-0.1465779,-0.4736019,-1.2615113
1.4508788,1.4508788,1.5969774,-0.0198396,-0.4047374,0.3423415,-0.0048709,-0.0335742,-0.1444583,-0.4667559,-1.2433063
1.4558788,1.4558788,1.6019774,-0.0195536,-0.4025757,0.3410781,-0.0048007,-0.0330902,-0.1423746,-0.4600256,-1.2254081
1.4608788,1.4608788,1.6069774,-0.0192725,-0.4004293,0.3398149,-0.0047318,-0.0326142,-0.1403260,-0.4534089,-1.2078107
1.4658788,1.4658788,1.6119774,-0.0189960,-0.3982979,0.3385518,-0.0046640,-0.0321463,-0.1383120,-0.4469034,-1.1905082
1.4708788,1.4708788,1.6169774,-0.0187243,-0.3961815,0.3372892,-0.0045973,-0.0316863,-0.1363318,-0.4405070,-1.1734950
1.4758788,1.4758788,1.6219774,-0.0184570,-0.3940798,0.3360271,-0.0045317,-0.0312340,-0.1343847,-0.4342177,-1.1567656
1.4808788,1.4808788,1.6269774,-0.0181943,-0.3919929,0.3347656,-0.0044673,-0.0307892,-0.1324701,-0.4280333,-1.1403145
1.4858788,1.4858788,1.6319774,-0.0179359,-0.3899204,0.3335049,-0.0044039,-0.0303518,-0.1305875,-0.4219519,-1.1241365
1.4908788,1.4908788,1.6369774,-0.0176818,-0.3878623,0.3322451,-0.0043416,-0.0299217,-0.1287362,-0.4159715,-1.1082262
1.4958788,1.4958788,1.6419774,-0.0174319,-0.3858185,0.3309863,-0.0042803,-0.0294987,-0.1269155,-0.4100902,-1.0925787
1.5008788,1.5008788,1.6469774,-0.0171861,-0.3837888,0.3297287,-0.0042200,-0.0290827,-0.1251249,-0.4043060,-1.0771889
1.5058788,1.5058788,1.6519774,-0.0169444,-0.3817731,0.3284724,-0.0041607,-0.0286736,-0.1233639,-0.3986171,-1.0620520
1.5108788,1.5108788,1.6569774,-0.0167067,-0.3797712,0.3272175,-0.0041023,-0.0282712,-0.1216319,-0.3930217,-1.0471633
1.5158788,1.5158788,1.6619774,-0.0164728,-0.3777831,0.3259640,-0.0040450,-0.0278754,-0.1199282,-0.3875181,-1.0325180
1.5208788,1.5208788,1.6669774,-0.0162428,-0.3758086,0.3247122,-0.0039885,-0.0274860,-0.1182525,-0.3821045,-1.0181115
1.5258788,1.5258788,1.6719774,-0.0160166,-0.3738476,0.3234621,-0.0039330,-0.0271031,-0.1166041,-0.3767792,-1.0039395
1.5308788,1.5308788,1.6769774,-0.0157940,-0.3718999,0.3222137,-0.0038784,-0.0267263,-0.1149826,-0.3715406,-0.9899976
1.5358788,1.5358788,1.6819774,-0.0155750,-0.3699655,0.3209673,-0.0038247,-0.0263557,-0.1133874,-0.3663870,-0.9762814
1.5408788,1.5408788,1.6869774,-0.0153596,-0.3680442,0.3197229,-0.0037718,-0.0259911,-0.1118180,-0.3613169,-0.9627868
1.5458788,1.5458788,1.6919774,-0.0151477,-0.3661359,0.3184805,-0.0037198,-0.0256324,-0.1102740,-0.3563287,-0.9495097
1.5508788,1.5508788,1.6969774,-0.0149391,-0.3642405,0.3172404,-0.0036687,-0.0252794,-0.1087550,-0.3514209,-0.9364460
1.5558788,1.5558788,1.7019774,-0.0147340,-0.3623579,0.3160024,-0.0036183,-0.0249321,-0.1072603,-0.3465920,-0.9235918
1.5608788,1.5608788,1.7069774,-0.0145321,-0.3604880,0.3147668,-0.0035688,-0.0245904,-0.1057897,-0.3418405,-0.9109433
1.5658788,1.5658788,1.7119774,-0.0143334,-0.3586306,0.3135337,-0.0035201,-0.0242542,-0.1043425,-0.3371650,-0.8984967
1.5708788,1.5708788,1.7169774,-0.0141380,-0.3567856,0.3123030,-0.0034721,-0.0239234,-0.1029185,-0.3325642,-0.8862484
1.5758788,1.5758788,1.7219774,-0.0139456,-0.3549530,0.3110749,-0.0034249,-0.0235978,-0.1015172,-0.3280366,-0.8741945
1.5808788,1.5808788,1.7269774,-0.0137563,-0.3531327,0.3098494,-0.0033784,-0.0232773,-0.1001381,-0.3235809,-0.8623318
1.5858788,1.5858788,1.7319774,-0.0135700,-0.3513244,0.3086267,-0.0033327,-0.0229620,-0.0987810,-0.3191958,-0.8506566
1.5908788,1.5908788,1.7369774,-0.0133866,-0.3495282,0.3074067,-0.0032877,-0.0226516,-0.0974452,-0.3148800,-0.8391656
1.5958788,1.5958788,1.7419774,-0.0132061,-0.3477438,0.3061895,-0.0032434,-0.0223462,-0.0961306,-0.3106323,-0.8278554
1.6008788,1.6008788,1.7469774,-0.0130285,-0.3459713,0.3049753,-0.0031998,-0.0220455,-0.0948366,-0.3064514,-0.8167228
1.6058788,1.6058788,1.7519774,-0.0128536,-0.3442105,0.3037640,-0.0031569,-0.0217496,-0.0935629,-0.3023361,-0.8057646
1.6108788,1.6108788,1.7569774,-0.0126815,-0.3424614,0.3025557,-0.0031147,-0.0214583,-0.0923092,-0.2982853,-0.7949776
1.6158788,1.6158788,1.7619774,-0.0125121,-0.3407237,0.3013505,-0.0030731,-0.0211715,-0.0910751,-0.2942977,-0.7843589
1.6208788,1.6208788,1.7669774,-0.0123453,-0.3389974,0.3001484,-0.0030322,-0.0208892,-0.0898603,-0.2903723,-0.7739053
1.6258788,1.6258788,1.7719774,-0.0121811,-0.3372825,0.2989496,-0.0029919,-0.0206113,-0.0886643,-0.2865079,-0.7636140
1.6308788,1.6308788,1.7769774,-0.0120195,-0.3355788,0.2977539,-0.0029522,-0.0203378,-0.0874869,-0.2827034,-0.7534820
1.6358788,1.6358788,1.7819774,-0.0118603,-0.3338862,0.2965615,-0.0029131,-0.0200684,-0.0863277,-0.2789579,-0.7435066
1.6408788,1.6408788,1.7869774,-0.0117036,-0.3322047,0.2953725,-0.0028747,-0.0198032,-0.0851864,-0.2752701,-0.7336849
1.6458788,1.6458788,1.7919774,-0.0115493,-0.3305341,0.2941868,-0.0028368,-0.0195421,-0.0840627,-0.2716392,-0.7240143
1.6508788,1.6508788,1.7969774,-0.0113974,-0.3288744,0.2930045,-0.0027995,-0.0192850,-0.0829563,-0.2680641,-0.7144921
1.6558788,1.6558788,1.8019774,-0.0112479,-0.3272254,0.2918257,-0.0027628,-0.0190319,-0.0818669,-0.2645437,-0.7051157
1.6608788,1.6608788,1.8069774,-0.0111006,-0.3255871,0.2906504,-0.0027267,-0.0187826,-0.0807941,-0.2610773,-0.6958825
1.6658788,1.6658788,1.8119774,-0.0109555,-0.3239594,0.2894786,-0.0026911,-0.0185371,-0.0797377,-0.2576637,-0.6867900
1.6708788,1.6708788,1.8169774,-0.0108127,-0.3223422,0.2883104,-0.0026560,-0.0182954,-0.0786974,-0.2543022,-0.6778358
1.6758788,1.6758788,1.8219774,-0.0106720,-0.3207354,0.2871457,-0.0026215,-0.0180573,-0.0776729,-0.2509917,-0.6690175
1.6808788,1.6808788,1.8269774,-0.0105335,-0.3191389,0.2859848,-0.0025875,-0.0178228,-0.0766640,-0.2477314,-0.6603326
1.6858788,1.6858788,1.8319774,-0.0103970,-0.3175527,0.2848274,-0.0025540,-0.0175919,-0.0756703,-0.2445204,-0.6517789
1.6908788,1.6908788,1.8369774,-0.0102627,-0.3159767,0.2836738,-0.0025210,-0.0173645,-0.0746916,-0.2413579,-0.6433542
1.6958788,1.6958788,1.8419774,-0.0101303,-0.3144107,0.2825239,-0.0024885,-0.0171405,-0.0737277,-0.2382430,-0.6350562
1.7008788,1.7008788,1.8469774,-0.0099999,-0.3128547,0.2813778,-0.0024565,-0.0169199,-0.0727782,-0.2351750,-0.6268826
1.7058788,1.7058788,1.8519774,-0.0098715,-0.3113087,0.2802355,-0.0024250,-0.0167025,-0.0718430,-0.2321529,-0.6188315
1.7108788,1.7108788,1.8569774,-0.0097450,-0.3097725,0.2790969,-0.0023940,-0.0164885,-0.0709218,-0.2291760,-0.6109006
1.7158788,1.7158788,1.8619774,-0.0096204,-0.3082460,0.2779622,-0.0023634,-0.0162776,-0.0700143,-0.2262435,-0.6030880
1.7208788,1.7208788,1.8669774,-0.0094977,-0.3067293,0.2768314,-0.0023332,-0.0160698,-0.0691204,-0.2233547,-0.5953915
1.7258788,1.7258788,1.8719774,-0.0093767,-0.3052221,0.2757044,-0.0023035,-0.0158652,-0.0682397,-0.2205089,-0.5878093
1.7308788,1.7308788,1.8769774,-0.0092576,-0.3037245,0.2745814,-0.0022743,-0.0156635,-0.0673721,-0.2177052,-0.5803394
1.7358788,1.7358788,1.8819774,-0.0091402,-0.3022363,0.2734622,-0.0022455,-0.0154649,-0.0665173,-0.2149430,-0.5729799
1.7408788,1.7408788,1.8869774,-0.0090246,-0.3007575,0.2723470,-0.0022171,-0.0152692,-0.0656752,-0.2122216,-0.5657289
1.7458788,1.7458788,1.8919774,-0.0089106,-0.2992880,0.2712358,-0.0021891,-0.0150764,-0.0648454,-0.2095403,-0.5585846
1.7508788,1.7508788,1.8969774,-0.0087983,-0.2978277,0.2701285,-0.0021616,-0.0148864,-0.0640279,-0.2068984,-0.5515452
1.7558788,1.7558788,1.9019774,-0.0086877,-0.2963766,0.2690252,-0.0021344,-0.0146992,-0.0632224,-0.2042953,-0.5446089
1.7608788,1.7608788,1.9069774,-0.0085787,-0.2949346,0.2679260,-0.0021076,-0.0145147,-0.0624286,-0.2017302,-0.5377740
1.7658788,1.7658788,1.9119774,-0.0084713,-0.2935016,0.2668307,-0.0020813,-0.0143329,-0.0616464,-0.1992026,-0.5310389
1.7708788,1.7708788,1.9169774,-0.0083655,-0.2920776,0.2657395,-0.0020553,-0.0141538,-0.0608757,-0.1967118,-0.5244018
1.7758788,1.7758788,1.9219774,-0.0082611,-0.2906624,0.2646523,-0.0020297,-0.0139773,-0.0601161,-0.1942573,-0.5178611
1.7808788,1.7808788,1.9269774,-0.0081583,-0.2892560,0.2635692,-0.0020044,-0.0138033,-0.0593676,-0.1918384,-0.5114152
1.7858788,1.7858788,1.9319774,-0.0080570,-0.2878584,0.2624902,-0.0019796,-0.0136318,-0.0586299,-0.1894545,-0.5050626
1.7908788,1.7908788,1.9369774,-0.0079572,-0.2864695,0.2614152,-0.0019550,-0.0134629,-0.0579028,-0.1871050,-0.4988017
1.7958788,1.7958788,1.9419774,-0.0078588,-0.2850891,0.2603443,-0.0019309,-0.0132963,-0.0571863,-0.1847894,-0.4926310
1.8008788,1.8008788,1.9469774,-0.0077618,-0.2837173,0.2592775,-0.0019071,-0.0131322,-0.0564801,-0.1825071,-0.4865490
1.8058788,1.8058788,1.9519774,-0.0076662,-0.2823540,0.2582148,-0.0018836,-0.0129704,-0.0557840,-0.1802576,-0.4805542
1.8108788,1.8108788,1.9569774,-0.0075720,-0.2809991,0.2571562,-0.0018605,-0.0128110,-0.0550978,-0.1780404,-0.4746452
1.8158788,1.8158788,1.9619774,-0.0074791,-0.2796525,0.2561018,-0.0018377,-0.0126538,-0.0544215,-0.1758548,-0.4688207
1.8208788,1.8208788,1.9669774,-0.0073875,-0.2783142,0.2550514,-0.0018152,-0.0124988,-0.0537549,-0.1737004,-0.4630792
1.8258788,1.8258788,1.9719774,-0.0072972,-0.2769841,0.2540052,-0.0017930,-0.0123461,-0.0530977,-0.1715767,-0.4574193
1.8308788,1.8308788,1.9769774,-0.0072083,-0.2756622,0.2529631,-0.0017712,-0.0121955,-0.0524499,-0.1694832,-0.4518399
1.8358788,1.8358788,1.9819774,-0.0071206,-0.2743484,0.2519252,-0.0017496,-0.0120471,-0.0518112,-0.1674193,-0.4463395
1.8408788,1.8408788,1.9869774,-0.0070341,-0.2730426,0.2508914,-0.0017284,-0.0119008,-0.0511816,-0.1653847,-0.4409168
1.8458788,1.8458788,1.9919774,-0.0069488,-0.2717447,0.2498617,-0.0017075,-0.0117565,-0.0505609,-0.1633787,-0.4355707
1.8508788,1.8508788,1.9969774,-0.0068648,-0.2704548,0.2488361,-0.0016868,-0.0116142,-0.0499489,-0.1614011,-0.4302998
1.8558788,1.8558788,2.0019774,-0.0067819,-0.2691728,0.2478147,-0.0016665,-0.0114740,-0.0493456,-0.1594513,-0.4251031
1.8608788,1.8608788,2.0069774,-0.0067002,-0.2678985,0.2467975,-0.0016464,-0.0113357,-0.0487507,-0.1575288,-0.4199792
1.8658788,1.8658788,2.0119774,-0.0066196,-0.2666320,0.2457844,-0.0016266,-0.0111994,-0.0481641,-0.1556332,-0.4149270
1.8708788,1.8708788,2.0169774,-0.0065402,-0.2653731,0.2447754,-0.0016071,-0.0110650,-0.0475857,-0.1537642,-0.4099454
1.8758788,1.8758788,2.0219774,-0.0064618,-0.2641219,0.2437706,-0.0015879,-0.0109324,-0.0470155,-0.1519212,-0.4050332
1.8808788,1.8808788,2.0269774,-0.0063846,-0.2628783,0.2427699,-0.0015689,-0.0108017,-0.0464531,-0.1501039,-0.4001894
1.8858788,1.8858788,2.0319774,-0.0063084,-0.2616421,0.2417734,-0.0015502,-0.0106728,-0.0458986,-0.1483118,-0.3954128
1.8908788,1.8908788,2.0369774,-0.0062333,-0.2604134,0.2407809,-0.0015317,-0.0105457,-0.0453517,-0.1465446,-0.3907024
1.8958788,1.8958788,2.0419774,-0.0061592,-0.2591921,0.2397927,-0.0015136,-0.0104204,-0.0448124,-0.1448018,-0.3860572
1.9008788,1.9008788,2.0469774,-0.0060862,-0.2579781,0.2388085,-0.0014956,-0.0102967,-0.0442806,-0.1430831,-0.3814760
1.9058788,1.9058788,2.0519774,-0.0060141,-0.2567715,0.2378285,-0.0014779,-0.0101748,-0.0437561,-0.1413881,-0.3769580
1.9108788,1.9108788,2.0569774,-0.0059431,-0.2555720,0.2368526,-0.0014605,-0.0100546,-0.0432388,-0.1397164,-0.3725020
1.9158788,1.9158788,2.0619774,-0.0058730,-0.2543798,0.2358808,-0.0014433,-0.0099360,-0.0427286,-0.1380676,-0.3681072
1.9208788,1.9208788,2.0669774,-0.0058039,-0.2531947,0.2349132,-0.0014263,-0.0098190,-0.0422254,-0.1364415,-0.3637726
1.9258788,1.9258788,2.0719774,-0.0057357,-0.2520166,0.2339496,-0.0014095,-0.0097036,-0.0417291,-0.1348375,-0.3594972
1.9308788,1.9308788,2.0769774,-0.0056684,-0.2508456,0.2329902,-0.0013930,-0.0095899,-0.0412395,-0.1332555,-0.3552802
1.9358788,1.9358788,2.0819774,-0.0056021,-0.2496816,0.2320348,-0.0013767,-0.0094776,-0.0407566,-0.1316950,-0.3511205
1.9408788,1.9408788,2.0869774,-0.0055367,-0.2485244,0.2310836,-0.0013607,-0.0093669,-0.0402803,-0.1301557,-0.3470173
1.9458788,1.9458788,2.0919774,-0.0054721,-0.2473742,0.2301364,-0.0013448,-0.0092577,-0.0398104,-0.1286373,-0.3429698
1.9508788,1.9508788,2.0969774,-0.0054085,-0.2462308,0.2291933,-0.0013292,-0.0091499,-0.0393470,-0.1271395,-0.3389771
1.9558788,1.9558788,2.1019774,-0.0053456,-0.2450941,0.2282543,-0.0013137,-0.0090436,-0.0388897,-0.1256619,-0.3350383
1.9608788,1.9608788,2.1069774,-0.0052837,-0.2439642,0.2273193,-0.0012985,-0.0089388,-0.0384387,-0.1242042,-0.3311526
1.9658788,1.9658788,2.1119774,-0.0052225,-0.2428409,0.2263884,-0.0012835,-0.0088353,-0.0379937,-0.1227661,-0.3273191
1.9708788,1.9708788,2.1169774,-0.0051622,-0.2417243,0.2254616,-0.0012687,-0.0087333,-0.0375546,-0.1213474,-0.3235372
1.9758788,1.9758788,2.1219774,-0.0051027,-0.2406143,0.2245387,-0.0012541,-0.0086326,-0.0371215,-0.1199477,-0.3198059
1.9808788,1.9808788,2.1269774,-0.0050440,-0.2395108,0.2236200,-0.0012397,-0.0085333,-0.0366942,-0.1185667,-0.3161246
1.9858788,1.9858788,2.1319774,-0.0049861,-0.2384137,0.2227052,-0.0012254,-0.0084353,-0.0362726,-0.1172042,-0.3124924
1.9908788,1.9908788,2.1369774,-0.0049289,-0.2373232,0.2217945,-0.0012114,-0.0083386,-0.0358566,-0.1158599,-0.3089086
1.9958788,1.9958788,2.1419774,-0.0048725,-0.2362390,0.2208877,-0.0011975,-0.0082431,-0.0354461,-0.1145334,-0.3053725
