# r[nm],d[nm],daligned[nm],UC(d)[kJ/mol],UK(d)[kJ/mol],UCl(d)[kJ/mol],UC2A(d)[kJ/mol],UC4A(d)[kJ/mol],UCPlus(d)[kJ/mol],UCMinus(d)[kJ/mol],UCMoreLJ(d)[kJ/mol],UCLessLJ(d)[kJ/mol]
0.0000000,0.0000000,-0.0534502,302462.7843325,194625.2131136,1208444.5439382,19047.0413800,851123.1151714,302462.7843325,302462.7843325,356554.8665417,225505.0978178
0.0050000,0.0050000,-0.0484502,300208.2572894,193173.4858842,1199447.5579456,18903.8782427,844786.0486865,300208.2572894,300208.2572894,353897.1425817,223824.2055967
0.0100000,0.0100000,-0.0434502,293561.2890471,188893.4147303,1172921.7319507,18481.8191488,826102.4749499,293561.2890471,293561.2890471,346061.4384973,218868.4712012
0.0150000,0.0150000,-0.0384502,282860.3460246,182003.0053365,1130217.1125681,17802.4292149,796023.3279533,282860.3460246,282860.3460246,333446.7516370,210890.2427115
0.0200000,0.0200000,-0.0334502,268633.3569049,172842.2923997,1073439.4927599,16899.3410752,756031.8664391,268633.3569049,268633.3569049,316675.4248171,200283.1242847
0.0250000,0.0250000,-0.0284502,251549.1100604,161842.0306010,1005256.5940147,15815.1532838,708007.1526565,251549.1100604,251549.1100604,296535.8517221,187545.7398680
0.0300000,0.0300000,-0.0234502,232359.3278816,149486.3803213,928667.0641113,14597.7343929,654061.3393877,232359.3278816,232359.3278816,273914.1918745,173238.5459536
0.0350000,0.0350000,-0.0184502,211839.0270095,136274.4900282,846762.6302948,13296.4186618,596372.1361074,211839.0270095,211839.0270095,249724.0649636,157939.3663681
0.0400000,0.0400000,-0.0134502,190732.1275439,122685.4610314,762511.1732045,11958.5379790,537030.0116790,190732.1275439,190732.1275439,224842.4328689,142202.8405039
0.0450000,0.0450000,-0.0084502,169707.5679239,109150.0808939,678581.6842415,10626.6254590,477914.8992663,169707.5679239,169707.5679239,200057.8661794,126527.7041920
0.0500000,0.0500000,-0.0034502,149328.9106147,96031.2482778,597223.0125740,9336.4809811,420610.7898694,149328.9106147,149328.9106147,176034.7141965,111334.1288236
0.0550000,0.0550000,0.0015498,130038.1139032,83613.5238950,520199.0984724,8116.1413512,366360.1138472,130038.1139032,130038.1139032,153293.9744982,96951.6221988
0.0600000,0.0600000,0.0065498,112152.2212187,72101.0028093,448775.7184136,6985.6748986,316054.4062898,112152.2212187,112152.2212187,132209.3901808,83616.5602066
0.0650000,0.0650000,0.0115498,95870.4270255,61621.8708172,383748.6136625,5957.6378472,270254.1219225,95870.4270255,95870.4270255,113015.7794084,71477.4548940
0.0700000,0.0700000,0.0165498,81288.3746740,52237.6188341,325500.4659845,5037.9913652,229228.7690675,81288.3746740,81288.3746740,95825.8902735,60605.6144156
0.0750000,0.0750000,0.0215498,68416.5358962,43954.8856637,274074.1601968,4227.2779675,193008.5153641,68416.5358962,68416.5358962,80652.0672602,51008.8461087
0.0800000,0.0800000,0.0265498,57199.9394783,36738.1688253,229251.4381394,3521.8827702,161439.5907017,57199.9394783,57199.9394783,67429.5081687,42646.1654636
0.0850000,0.0850000,0.0315498,47537.1629166,30522.0595586,190628.6245864,2915.2464803,134237.6273003,47537.1629166,47537.1629166,56038.6522160,35441.9556017
0.0900000,0.0900000,0.0365498,39297.2057803,25222.1123208,157683.9156764,2398.9421036,111035.0562590,39297.2057803,39297.2057803,46325.0710113,29298.5474329
0.0950000,0.0950000,0.0415498,32333.5063374,20743.8732517,129833.2832721,1963.5684476,91420.4851181,32333.5063374,32333.5063374,38115.9918977,24106.6699346
0.1000000,0.1000000,0.0465498,26494.8764359,16989.9228612,106474.0958569,1615.0873975,74969.4229968,26494.8764359,26494.8764359,31233.1884152,19753.6027962
0.1050000,0.1050000,0.0515498,21633.4915076,13865.0213094,87016.9996560,1312.7673374,61266.7363424,21633.4915076,21633.4915076,25502.3992269,16129.1334712
0.1100000,0.1100000,0.0565498,17610.2919307,11279.5859383,70907.4786819,1063.3721530,49921.8346600,17610.2919307,17610.2919307,20759.6954547,13129.5842337
0.1150000,0.1150000,0.0615498,14298.2550671,9151.7970918,57638.9238009,858.8033176,40577.8753605,14298.2550671,14298.2550671,16855.3378839,10660.2516890
0.1200000,0.1200000,0.0665498,11584.0161579,7408.6403735,46759.1165373,691.8421968,32916.3301158,11584.0161579,11584.0161579,13655.6877380,8636.6152536
0.1250000,0.1250000,0.0715498,9368.2814104,5986.1710086,37871.8947249,556.1743525,26658.1574650,9368.2814104,9368.2814104,11043.6936411,6984.6451374
0.1300000,0.1300000,0.0765498,7565.4130428,4829.2449961,30635.5139579,446.3610678,21562.6480850,7565.4130428,7565.4130428,8918.4024532,5640.4929684
0.1350000,0.1350000,0.0815498,6102.4920271,3890.9140250,24758.9238489,357.7765297,17424.8013766,6102.4920271,6102.4920271,7193.8543946,4549.7930085
0.1400000,0.1400000,0.0865498,4918.0916636,3131.6343381,19996.8887738,286.5235642,14071.8882157,4918.0916636,4918.0916636,5797.6372883,3666.7477757
0.1450000,0.1450000,0.0915498,3960.9306534,2518.3981835,16144.6258267,229.3406447,11359.6737149,3960.9306534,3960.9306534,4669.2987490,2953.1238245
0.1500000,0.1500000,0.0965498,3188.5209381,2023.8620897,13032.4198718,183.5119949,9168.6239248,3188.5209381,3188.5209381,3758.7522051,2377.2436257
0.1550000,0.1550000,0.1015498,2565.8837489,1641.1603477,10520.5088087,146.7821216,7400.3029312,2565.8837489,2565.8837489,3024.7633265,1913.0282989
0.1600000,0.1600000,0.1065498,2064.3760876,1320.5842805,8494.4077086,117.2863369,5974.0791361,2064.3760876,2064.3760876,2433.5666354,1554.7637805
0.1650000,0.1650000,0.1115498,1676.2887554,1062.7566419,6860.7518945,93.5261086,4824.1971173,1676.2887554,1676.2887554,1957.6358946,1253.7587481
0.1700000,0.1700000,0.1165498,1351.3743243,855.4821066,5543.6791275,74.3546187,3897.2292579,1351.3743243,1351.3743243,1590.2552577,1011.5144493
0.1750000,0.1750000,0.1215498,1089.9169224,688.8860855,4481.7329739,58.8981544,3149.8945130,1089.9169224,1089.9169224,1282.0392135,816.5804101
0.1800000,0.1800000,0.1265498,879.5111044,554.9872158,3625.2472707,46.4551992,2547.2160734,879.5111044,879.5111044,1034.0056938,659.7031690
0.1850000,0.1850000,0.1315498,710.1516518,447.3393616,2934.1605624,36.4474289,2060.9819079,710.1516518,710.1516518,834.3640172,533.4121117
0.1900000,0.1900000,0.1365498,573.7742521,360.7374713,2376.2057674,28.4041038,1684.1107057,573.7742521,573.7742521,673.6164006,431.6778751
0.1950000,0.1950000,0.1415498,463.8792081,290.9750865,1925.4213862,21.9418647,1367.0385975,463.8792081,463.8792081,544.1131708,349.6324606
0.2000000,0.2000000,0.1465498,375.2248149,234.6566526,1576.5752653,16.7394626,1110.7068702,375.2248149,375.2248149,439.6914111,283.3417869
0.2050000,0.2050000,0.1515498,303.5791837,189.0775359,1281.6088684,12.5204294,903.2958017,303.5791837,303.5791837,355.3804619,229.6435827
0.2100000,0.2100000,0.1565498,245.5413550,152.1272933,1042.6776624,9.0497820,735.2959942,245.5413550,245.5413550,287.1712697,186.0421767
0.2150000,0.2150000,0.1615498,198.4226991,122.1559908,848.9337279,6.1492328,599.0501428,198.4226991,198.4226991,231.8602005,150.5923955
0.2200000,0.2200000,0.1665498,160.1219774,97.8413893,691.6424107,3.7180037,488.3833037,160.1219774,160.1219774,186.9299622,121.7545292
0.2250000,0.2250000,0.1715498,128.9741819,78.1097277,563.7607390,1.7167454,398.3116881,128.9741819,128.9741819,150.4046201,98.2829278
0.2300000,0.2300000,0.1765498,103.6329750,62.0915081,459.6013841,0.1200100,324.8352798,103.6329750,103.6329750,120.7022853,79.1660631
0.2350000,0.2350000,0.1815498,83.0052664,49.0814308,374.5848037,-1.1120645,264.7818961,83.0052664,83.0052664,96.5392231,63.5847510
0.2400000,0.2400000,0.1865498,66.2056545,38.4995997,305.0600236,-2.0328647,215.6411888,66.2056545,66.2056545,76.8745334,50.8707430
0.2450000,0.2450000,0.1915498,52.5123526,29.8622011,248.1321094,-2.6990567,175.3981551,52.5123526,52.5123526,60.8638639,40.4706119
0.2500000,0.2500000,0.1965498,41.3287223,22.7671937,201.4822984,-3.1630102,142.4154327,41.3287223,41.3287223,47.8153305,31.9218464
0.2550000,0.2550000,0.2015498,32.1571083,16.8989076,163.2284912,-3.4695092,115.3609871,32.1571083,32.1571083,37.1544782,24.8460861
0.2600000,0.2600000,0.2065498,24.5898444,12.0367992,131.8376642,-3.6551988,93.1512249,24.5898444,24.5898444,28.4036926,18.9582322
0.2650000,0.2650000,0.2115498,18.3165426,8.0360782,106.0619103,-3.7493016,74.8987516,18.3165426,18.3165426,21.1803117,14.0650201
0.2700000,0.2700000,0.2165498,13.1224662,4.7865930,84.8810281,-3.7747628,59.8691915,13.1224662,13.1224662,15.2036515,10.0325382
0.2750000,0.2750000,0.2215498,8.8568220,2.1855417,67.4532640,-3.7494242,47.4518393,8.8568220,8.8568220,10.2805120,6.7483303
0.2800000,0.2800000,0.2265498,5.3945029,0.1324385,53.0790600,-3.6870693,37.1481092,5.3945029,5.3945029,6.2662048,4.1046886
0.2850000,0.2850000,0.2315498,2.6180635,-1.4666326,41.1816699,-3.5982954,28.5732410,2.6180635,2.6180635,3.0331569,1.9988607
0.2900000,0.2900000,0.2365498,0.4168447,-2.6949647,31.3044781,-3.4912160,21.4462357,0.4168447,0.4168447,0.4611897,0.3374424
0.2950000,0.2950000,0.2415498,-1.3091920,-3.6236529,23.1057555,-3.3720178,15.5554903,-1.3091920,-1.3091920,-1.5605434,-0.9608649
0.3000000,0.3000000,0.2465498,-2.6469636,-4.3118961,16.3300418,-3.2453958,10.7236337,-2.6469636,-2.6469636,-3.1302107,-1.9647339
0.3050000,0.3050000,0.2515498,-3.6698923,-4.8082341,10.7700800,-3.1148917,6.7910235,-3.6698923,-3.6698923,-4.3319019,-2.7310803
0.3100000,0.3100000,0.2565498,-4.4388854,-5.1520932,6.2436412,-2.9831573,3.6133961,-4.4388854,-4.4388854,-5.2360324,-3.3065284
0.3150000,0.3150000,0.2615498,-5.0039022,-5.3753143,2.5871022,-2.8521577,1.0634750,-5.0039022,-5.0039022,-5.9007213,-3.7290051
0.3200000,0.3200000,0.2665498,-5.4056413,-5.5035223,-0.3441839,-2.7233288,-0.9682514,-5.4056413,-5.4056413,-6.3735103,-4.0292361
0.3250000,0.3250000,0.2715498,-5.6771206,-5.5572957,-2.6752171,-2.5976996,-2.5742661,-5.6771206,-5.6771206,-6.6930764,-4.2320552
0.3300000,0.3300000,0.2765498,-5.8450619,-5.5531371,-4.5120315,-2.4759866,-3.8317117,-5.8450619,-5.8450619,-6.8907801,-4.3575091
0.3350000,0.3350000,0.2815498,-5.9310603,-5.5042671,-5.9434253,-2.3586671,-4.8044384,-5.9310603,-5.9310603,-6.9919983,-4.4217697
0.3400000,0.3400000,0.2865498,-5.9525530,-5.4212671,-7.0431519,-2.2460362,-5.5450486,-5.9525530,-5.9525530,-7.0172401,-4.4378786
0.3450000,0.3450000,0.2915498,-5.9236109,-5.3125968,-7.8721581,-2.1382506,-6.0967630,-5.9236109,-5.9236109,-6.9830659,-4.4163508
0.3500000,0.3500000,0.2965498,-5.8555825,-5.1850114,-8.4806569,-2.0353634,-6.4950437,-5.8555825,-5.8555825,-6.9028380,-4.3656613
0.3550000,0.3550000,0.3015498,-5.7576143,-5.0438946,-8.9099483,-1.9373500,-6.7689681,-5.7576143,-5.7576143,-6.7873293,-4.2926377
0.3600000,0.3600000,0.3065498,-5.6370713,-4.8935275,-9.1939719,-1.8441290,-6.9423736,-5.6370713,-5.6370713,-6.6452167,-4.2027760
0.3650000,0.3650000,0.3115498,-5.4998767,-4.7373037,-9.3606070,-1.7555784,-7.0348027,-5.4998767,-5.4998767,-6.4834792,-4.1004952
0.3700000,0.3700000,0.3165498,-5.3507856,-4.5779020,-9.4327516,-1.6715472,-7.0622784,-5.3507856,-5.3507856,-6.3077205,-3.9893422
0.3750000,0.3750000,0.3215498,-5.1936063,-4.4174256,-9.4292112,-1.5918655,-7.0379390,-5.1936063,-5.1936063,-6.1224289,-3.8721575
0.3800000,0.3800000,0.3265498,-5.0313796,-4.2575143,-9.3654286,-1.5163514,-6.9725573,-5.0313796,-5.0313796,-5.9311882,-3.7512086
0.3850000,0.3850000,0.3315498,-4.8665230,-4.0994347,-9.2540823,-1.4448167,-6.8749640,-4.8665230,-4.8665230,-5.7368479,-3.6282985
0.3900000,0.3900000,0.3365498,-4.7009488,-3.9441533,-9.1055774,-1.3770709,-6.7523950,-4.7009488,-4.7009488,-5.5416621,-3.5048530
0.3950000,0.3950000,0.3415498,-4.5361590,-3.7923950,-8.9284472,-1.3129244,-6.6107742,-4.5361590,-4.5361590,-5.3474011,-3.3819921
0.4000000,0.4000000,0.3465498,-4.3733226,-3.6446911,-8.7296830,-1.2521910,-6.4549458,-4.3733226,-4.3733226,-5.1554430,-3.2605874
0.4050000,0.4050000,0.3515498,-4.2133388,-3.5014178,-8.5150047,-1.1946892,-6.2888649,-4.2133388,-4.2133388,-4.9668478,-3.1413095
0.4100000,0.4100000,0.3565498,-4.0568882,-3.3628275,-8.2890829,-1.1402434,-6.1157531,-4.0568882,-4.0568882,-4.7824176,-3.0246658
0.4150000,0.4150000,0.3615498,-3.9044745,-3.2290739,-8.0557220,-1.0886852,-5.9382276,-3.9044745,-3.9044745,-4.6027464,-2.9110318
0.4200000,0.4200000,0.3665498,-3.7564587,-3.1002329,-7.8180111,-1.0398531,-5.7584064,-3.7564587,-3.7564587,-4.4282597,-2.8006768
0.4250000,0.4250000,0.3715498,-3.6130870,-2.9763188,-7.5784476,-0.9935933,-5.5779957,-3.6130870,-3.6130870,-4.2592475,-2.6937841
0.4300000,0.4300000,0.3765498,-3.4745131,-2.8572982,-7.3390407,-0.9497599,-5.3983617,-3.4745131,-3.4745131,-4.0958912,-2.5904685
0.4350000,0.4350000,0.3815498,-3.3408173,-2.7431007,-7.1013955,-0.9082142,-5.2205899,-3.3408173,-3.3408173,-3.9382854,-2.4907899
0.4400000,0.4400000,0.3865498,-3.2120214,-2.6336276,-6.8667837,-0.8688252,-5.0455344,-3.2120214,-3.2120214,-3.7864557,-2.3947644
0.4450000,0.4450000,0.3915498,-3.0881008,-2.5287594,-6.6362013,-0.8314694,-4.8738586,-3.0881008,-3.0881008,-3.6403734,-2.3023738
0.4500000,0.4500000,0.3965498,-2.9689954,-2.4283613,-6.4104177,-0.7960298,-4.7060687,-2.9689954,-2.9689954,-3.4999673,-2.2135732
0.4550000,0.4550000,0.4015498,-2.8546168,-2.3322877,-6.1900146,-0.7623967,-4.5425419,-2.8546168,-2.8546168,-3.3651333,-2.1282967
0.4600000,0.4600000,0.4065498,-2.7448558,-2.2403862,-5.9754202,-0.7304666,-4.3835494,-2.7448558,-2.7448558,-3.2357428,-2.0464630
0.4650000,0.4650000,0.4115498,-2.6395876,-2.1525003,-5.7669363,-0.7001420,-4.2292756,-2.6395876,-2.6395876,-3.1116486,-1.9679789
0.4700000,0.4700000,0.4165498,-2.5386760,-2.0684721,-5.5647615,-0.6713316,-4.0798345,-2.5386760,-2.5386760,-2.9926901,-1.8927429
0.4750000,0.4750000,0.4215498,-2.4419774,-1.9881435,-5.3690103,-0.6439493,-3.9352825,-2.4419774,-2.4419774,-2.8786979,-1.8206480
0.4800000,0.4800000,0.4265498,-2.3493431,-1.9113584,-5.1797286,-0.6179144,-3.7956295,-2.3493431,-2.3493431,-2.7694971,-1.7515833
0.4850000,0.4850000,0.4315498,-2.2606224,-1.8379630,-4.9969074,-0.5931510,-3.6608485,-2.2606224,-2.2606224,-2.6649097,-1.6854364
0.4900000,0.4900000,0.4365498,-2.1756636,-1.7678075,-4.8204937,-0.5695878,-3.5308826,-2.1756636,-2.1756636,-2.5647569,-1.6220943
0.4950000,0.4950000,0.4415498,-2.0943159,-1.7007460,-4.6503990,-0.5471579,-3.4056516,-2.0943159,-2.0943159,-2.4688612,-1.5614445
0.5000000,0.5000000,0.4465498,-2.0164307,-1.6366373,-4.4865078,-0.5257984,-3.2850572,-2.0164307,-2.0164307,-2.3770470,-1.5033761
0.5050000,0.5050000,0.4515498,-1.9418620,-1.5753451,-4.3286830,-0.5054505,-3.1689874,-1.9418620,-1.9418620,-2.2891425,-1.4477804
0.5100000,0.5100000,0.4565498,-1.8704673,-1.5167384,-4.1767715,-0.4860585,-3.0573197,-1.8704673,-1.8704673,-2.2049798,-1.3945512
0.5150000,0.5150000,0.4615498,-1.8021084,-1.4606911,-4.0306087,-0.4675705,-2.9499244,-1.8021084,-1.8021084,-2.1243956,-1.3435853
0.5200000,0.5200000,0.4665498,-1.7366511,-1.4070825,-3.8900213,-0.4499375,-2.8466671,-1.7366511,-1.7366511,-2.0472320,-1.2947828
0.5250000,0.5250000,0.4715498,-1.6739661,-1.3557974,-3.7548309,-0.4331135,-2.7474099,-1.6739661,-1.6739661,-1.9733364,-1.2480471
0.5300000,0.5300000,0.4765498,-1.6139286,-1.3067252,-3.6248560,-0.4170553,-2.6520142,-1.6139286,-1.6139286,-1.9025619,-1.2032854
0.5350000,0.5350000,0.4815498,-1.5564188,-1.2597609,-3.4999140,-0.4017223,-2.5603408,-1.5564188,-1.5564188,-1.8347671,-1.1604082
0.5400000,0.5400000,0.4865498,-1.5013217,-1.2148039,-3.3798227,-0.3870763,-2.4722517,-1.5013217,-1.5013217,-1.7698165,-1.1193298
0.5450000,0.5450000,0.4915498,-1.4485271,-1.1717588,-3.2644018,-0.3730812,-2.3876107,-1.4485271,-1.4485271,-1.7075802,-1.0799681
0.5500000,0.5500000,0.4965498,-1.3979295,-1.1305346,-3.1534734,-0.3597032,-2.3062842,-1.3979295,-1.3979295,-1.6479338,-1.0422445
0.5550000,0.5550000,0.5015498,-1.3494283,-1.0910446,-3.0468632,-0.3469105,-2.2281413,-1.3494283,-1.3494283,-1.5907587,-1.0060838
0.5600000,0.5600000,0.5065498,-1.3029271,-1.0532067,-2.9444010,-0.3346730,-2.1530545,-1.3029271,-1.3029271,-1.5359412,-0.9714142
0.5650000,0.5650000,0.5115498,-1.2583340,-1.0169426,-2.8459211,-0.3229626,-2.0809002,-1.2583340,-1.2583340,-1.4833732,-0.9381673
0.5700000,0.5700000,0.5165498,-1.2155616,-0.9821780,-2.7512625,-0.3117525,-2.0115584,-1.2155616,-1.2155616,-1.4329514,-0.9062777
0.5750000,0.5750000,0.5215498,-1.1745263,-0.9488423,-2.6602695,-0.3010177,-1.9449131,-1.1745263,-1.1745263,-1.3845774,-0.8756833
0.5800000,0.5800000,0.5265498,-1.1351486,-0.9168684,-2.5727914,-0.2907345,-1.8808524,-1.1351486,-1.1351486,-1.3381574,-0.8463247
0.5850000,0.5850000,0.5315498,-1.0973528,-0.8861927,-2.4886830,-0.2808805,-1.8192684,-1.0973528,-1.0973528,-1.2936023,-0.8181456
0.5900000,0.5900000,0.5365498,-1.0610668,-0.8567547,-2.4078044,-0.2714346,-1.7600574,-1.0610668,-1.0610668,-1.2508269,-0.7910921
0.5950000,0.5950000,0.5415498,-1.0262219,-0.8284970,-2.3300207,-0.2623770,-1.7031196,-1.0262219,-1.0262219,-1.2097504,-0.7651130
0.6000000,0.6000000,0.5465498,-0.9927529,-0.8013652,-2.2552027,-0.2536889,-1.6483593,-0.9927529,-0.9927529,-1.1702959,-0.7401598
0.6050000,0.6050000,0.5515498,-0.9605977,-0.7753075,-2.1832260,-0.2453525,-1.5956846,-0.9605977,-0.9605977,-1.1323901,-0.7161861
0.6100000,0.6100000,0.5565498,-0.9296972,-0.7502747,-2.1139716,-0.2373510,-1.5450075,-0.9296972,-0.9296972,-1.0959634,-0.6931478
0.6150000,0.6150000,0.5615498,-0.8999952,-0.7262202,-2.0473251,-0.2296686,-1.4962437,-0.8999952,-0.8999952,-1.0609494,-0.6710030
0.6200000,0.6200000,0.5665498,-0.8714381,-0.7030998,-1.9831771,-0.2222902,-1.4493123,-0.8714381,-0.8714381,-1.0272852,-0.6497119
0.6250000,0.6250000,0.5715498,-0.8439752,-0.6808712,-1.9214227,-0.2152016,-1.4041362,-0.8439752,-0.8439752,-0.9949108,-0.6292366
0.6300000,0.6300000,0.5765498,-0.8175579,-0.6594945,-1.8619617,-0.2083895,-1.3606414,-0.8175579,-0.8175579,-0.9637692,-0.6095409
0.6350000,0.6350000,0.5815498,-0.7921404,-0.6389318,-1.8046981,-0.2018410,-1.3187572,-0.7921404,-0.7921404,-0.9338060,-0.5905905
0.6400000,0.6400000,0.5865498,-0.7676787,-0.6191470,-1.7495402,-0.1955442,-1.2784162,-0.7676787,-0.7676787,-0.9049697,-0.5723528
0.6450000,0.6450000,0.5915498,-0.7441313,-0.6001057,-1.6964001,-0.1894876,-1.2395537,-0.7441313,-0.7441313,-0.8772110,-0.5547967
0.6500000,0.6500000,0.5965498,-0.7214584,-0.5817754,-1.6451940,-0.1836603,-1.2021080,-0.7214584,-0.7214584,-0.8504833,-0.5378926
0.6550000,0.6550000,0.6015498,-0.6996223,-0.5641250,-1.5958417,-0.1780521,-1.1660201,-0.6996223,-0.6996223,-0.8247421,-0.5216124
0.6600000,0.6600000,0.6065498,-0.6785871,-0.5471251,-1.5482666,-0.1726533,-1.1312339,-0.6785871,-0.6785871,-0.7999449,-0.5059293
0.6650000,0.6650000,0.6115498,-0.6583185,-0.5307477,-1.5023955,-0.1674546,-1.0976954,-0.6583185,-0.6583185,-0.7760516,-0.4908179
0.6700000,0.6700000,0.6165498,-0.6387840,-0.5149660,-1.4581583,-0.1624473,-1.0653533,-0.6387840,-0.6387840,-0.7530236,-0.4762537
0.6750000,0.6750000,0.6215498,-0.6199527,-0.4997547,-1.4154883,-0.1576230,-1.0341585,-0.6199527,-0.6199527,-0.7308244,-0.4622137
0.6800000,0.6800000,0.6265498,-0.6017948,-0.4850896,-1.3743216,-0.1529738,-1.0040641,-0.6017948,-0.6017948,-0.7094192,-0.4486759
0.6850000,0.6850000,0.6315498,-0.5842823,-0.4709478,-1.3345972,-0.1484921,-0.9750253,-0.5842823,-0.5842823,-0.6887748,-0.4356192
0.6900000,0.6900000,0.6365498,-0.5673884,-0.4573072,-1.2962567,-0.1441709,-0.9469995,-0.5673884,-0.5673884,-0.6688596,-0.4230237
0.6950000,0.6950000,0.6415498,-0.5510874,-0.4441471,-1.2592444,-0.1400033,-0.9199456,-0.5510874,-0.5510874,-0.6496434,-0.4108703
0.7000000,0.7000000,0.6465498,-0.5353551,-0.4314476,-1.2235072,-0.1359829,-0.8938247,-0.5353551,-0.5353551,-0.6310975,-0.3991409
0.7050000,0.7050000,0.6515498,-0.5201681,-0.4191897,-1.1889941,-0.1321035,-0.8685994,-0.5201681,-0.5201681,-0.6131945,-0.3878180
0.7100000,0.7100000,0.6565498,-0.5055043,-0.4073554,-1.1556565,-0.1283593,-0.8442341,-0.5055043,-0.5055043,-0.5959083,-0.3768853
0.7150000,0.7150000,0.6615498,-0.4913426,-0.3959275,-1.1234480,-0.1247446,-0.8206947,-0.4913426,-0.4913426,-0.5792139,-0.3663268
0.7200000,0.7200000,0.6665498,-0.4776628,-0.3848895,-1.0923240,-0.1212542,-0.7979488,-0.4776628,-0.4776628,-0.5630876,-0.3561277
0.7250000,0.7250000,0.6715498,-0.4644457,-0.3742258,-1.0622422,-0.1178831,-0.7759650,-0.4644457,-0.4644457,-0.5475067,-0.3462735
0.7300000,0.7300000,0.6765498,-0.4516728,-0.3639215,-1.0331618,-0.1146263,-0.7547138,-0.4516728,-0.4516728,-0.5324495,-0.3367505
0.7350000,0.7350000,0.6815498,-0.4393266,-0.3539623,-1.0050441,-0.1114793,-0.7341665,-0.4393266,-0.4393266,-0.5178954,-0.3275456
0.7400000,0.7400000,0.6865498,-0.4273904,-0.3443345,-0.9778519,-0.1084377,-0.7142961,-0.4273904,-0.4273904,-0.5038245,-0.3186464
0.7450000,0.7450000,0.6915498,-0.4158482,-0.3350252,-0.9515496,-0.1054974,-0.6950765,-0.4158482,-0.4158482,-0.4902181,-0.3100409
0.7500000,0.7500000,0.6965498,-0.4046846,-0.3260220,-0.9261033,-0.1026543,-0.6764827,-0.4046846,-0.4046846,-0.4770580,-0.3017178
0.7550000,0.7550000,0.7015498,-0.3938850,-0.3173130,-0.9014803,-0.0999046,-0.6584910,-0.3938850,-0.3938850,-0.4643271,-0.2936660
0.7600000,0.7600000,0.7065498,-0.3834355,-0.3088868,-0.8776496,-0.0972447,-0.6410786,-0.3834355,-0.3834355,-0.4520088,-0.2858753
0.7650000,0.7650000,0.7115498,-0.3733228,-0.3007327,-0.8545814,-0.0946712,-0.6242235,-0.3733228,-0.3733228,-0.4400875,-0.2783356
0.7700000,0.7700000,0.7165498,-0.3635339,-0.2928403,-0.8322470,-0.0921806,-0.6079050,-0.3635339,-0.3635339,-0.4285480,-0.2710374
0.7750000,0.7750000,0.7215498,-0.3540568,-0.2851996,-0.8106192,-0.0897699,-0.5921031,-0.3540568,-0.3540568,-0.4173760,-0.2639716
0.7800000,0.7800000,0.7265498,-0.3448797,-0.2778012,-0.7896717,-0.0874359,-0.5767984,-0.3448797,-0.3448797,-0.4065577,-0.2571295
0.7850000,0.7850000,0.7315498,-0.3359914,-0.2706361,-0.7693795,-0.0851759,-0.5619728,-0.3359914,-0.3359914,-0.3960798,-0.2505027
0.7900000,0.7900000,0.7365498,-0.3273813,-0.2636954,-0.7497186,-0.0829870,-0.5476086,-0.3273813,-0.3273813,-0.3859298,-0.2440833
0.7950000,0.7950000,0.7415498,-0.3190389,-0.2569711,-0.7306658,-0.0808666,-0.5336890,-0.3190389,-0.3190389,-0.3760956,-0.2378636
0.8000000,0.8000000,0.7465498,-0.3109547,-0.2504550,-0.7121993,-0.0788121,-0.5201978,-0.3109547,-0.3109547,-0.3665655,-0.2318362
0.8050000,0.8050000,0.7515498,-0.3031190,-0.2441396,-0.6942976,-0.0768211,-0.5071195,-0.3031190,-0.3031190,-0.3573286,-0.2259943
0.8100000,0.8100000,0.7565498,-0.2955230,-0.2380176,-0.6769407,-0.0748913,-0.4944393,-0.2955230,-0.2955230,-0.3483740,-0.2203309
0.8150000,0.8150000,0.7615498,-0.2881579,-0.2320819,-0.6601090,-0.0730205,-0.4821430,-0.2881579,-0.2881579,-0.3396918,-0.2148398
0.8200000,0.8200000,0.7665498,-0.2810155,-0.2263260,-0.6437838,-0.0712065,-0.4702169,-0.2810155,-0.2810155,-0.3312720,-0.2095147
0.8250000,0.8250000,0.7715498,-0.2740878,-0.2207433,-0.6279473,-0.0694473,-0.4586478,-0.2740878,-0.2740878,-0.3231054,-0.2043497
0.8300000,0.8300000,0.7765498,-0.2673673,-0.2153277,-0.6125822,-0.0677409,-0.4474233,-0.2673673,-0.2673673,-0.3151830,-0.1993391
0.8350000,0.8350000,0.7815498,-0.2608465,-0.2100733,-0.5976720,-0.0660854,-0.4365313,-0.2608465,-0.2608465,-0.3074961,-0.1944775
0.8400000,0.8400000,0.7865498,-0.2545186,-0.2049744,-0.5832010,-0.0644791,-0.4259601,-0.2545186,-0.2545186,-0.3000365,-0.1897596
0.8450000,0.8450000,0.7915498,-0.2483768,-0.2000257,-0.5691538,-0.0629202,-0.4156987,-0.2483768,-0.2483768,-0.2927963,-0.1851805
0.8500000,0.8500000,0.7965498,-0.2424146,-0.1952218,-0.5555160,-0.0614071,-0.4057364,-0.2424146,-0.2424146,-0.2857678,-0.1807353
0.8550000,0.8550000,0.8015498,-0.2366258,-0.1905577,-0.5422734,-0.0599382,-0.3960629,-0.2366258,-0.2366258,-0.2789437,-0.1764194
0.8600000,0.8600000,0.8065498,-0.2310044,-0.1860288,-0.5294126,-0.0585118,-0.3866684,-0.2310044,-0.2310044,-0.2723171,-0.1722283
0.8650000,0.8650000,0.8115498,-0.2255449,-0.1816302,-0.5169207,-0.0571267,-0.3775434,-0.2255449,-0.2255449,-0.2658811,-0.1681579
0.8700000,0.8700000,0.8165498,-0.2202416,-0.1773577,-0.5047851,-0.0557814,-0.3686788,-0.2202416,-0.2202416,-0.2596294,-0.1642039
0.8750000,0.8750000,0.8215498,-0.2150892,-0.1732069,-0.4929940,-0.0544744,-0.3600658,-0.2150892,-0.2150892,-0.2535556,-0.1603625
0.8800000,0.8800000,0.8265498,-0.2100828,-0.1691738,-0.4815358,-0.0532046,-0.3516961,-0.2100828,-0.2100828,-0.2476538,-0.1566299
0.8850000,0.8850000,0.8315498,-0.2052174,-0.1652543,-0.4703994,-0.0519707,-0.3435615,-0.2052174,-0.2052174,-0.2419183,-0.1530025
0.8900000,0.8900000,0.8365498,-0.2004884,-0.1614448,-0.4595742,-0.0507714,-0.3356544,-0.2004884,-0.2004884,-0.2363435,-0.1494767
0.8950000,0.8950000,0.8415498,-0.1958912,-0.1577415,-0.4490500,-0.0496057,-0.3279670,-0.1958912,-0.1958912,-0.2309242,-0.1460492
0.9000000,0.9000000,0.8465498,-0.1914214,-0.1541410,-0.4388169,-0.0484723,-0.3204924,-0.1914214,-0.1914214,-0.2256551,-0.1427167
0.9050000,0.9050000,0.8515498,-0.1870751,-0.1506400,-0.4288654,-0.0473704,-0.3132236,-0.1870751,-0.1870751,-0.2205314,-0.1394762
0.9100000,0.9100000,0.8565498,-0.1828480,-0.1472351,-0.4191865,-0.0462987,-0.3061538,-0.1828480,-0.1828480,-0.2155484,-0.1363247
0.9150000,0.9150000,0.8615498,-0.1787364,-0.1439232,-0.4097712,-0.0452564,-0.2992767,-0.1787364,-0.1787364,-0.2107014,-0.1332592
0.9200000,0.9200000,0.8665498,-0.1747364,-0.1407014,-0.4006112,-0.0442425,-0.2925861,-0.1747364,-0.1747364,-0.2059862,-0.1302770
0.9250000,0.9250000,0.8715498,-0.1708447,-0.1375668,-0.3916983,-0.0432560,-0.2860760,-0.1708447,-0.1708447,-0.2013984,-0.1273754
0.9300000,0.9300000,0.8765498,-0.1670576,-0.1345165,-0.3830247,-0.0422962,-0.2797407,-0.1670576,-0.1670576,-0.1969341,-0.1245519
0.9350000,0.9350000,0.8815498,-0.1633719,-0.1315480,-0.3745828,-0.0413621,-0.2735746,-0.1633719,-0.1633719,-0.1925892,-0.1218040
0.9400000,0.9400000,0.8865498,-0.1597844,-0.1286585,-0.3663653,-0.0404529,-0.2675725,-0.1597844,-0.1597844,-0.1883601,-0.1191293
0.9450000,0.9450000,0.8915498,-0.1562920,-0.1258457,-0.3583651,-0.0395679,-0.2617292,-0.1562920,-0.1562920,-0.1842431,-0.1165255
0.9500000,0.9500000,0.8965498,-0.1528916,-0.1231071,-0.3505756,-0.0387062,-0.2560397,-0.1528916,-0.1528916,-0.1802346,-0.1139903
0.9550000,0.9550000,0.9015498,-0.1495806,-0.1204404,-0.3429901,-0.0378672,-0.2504993,-0.1495806,-0.1495806,-0.1763314,-0.1115217
0.9600000,0.9600000,0.9065498,-0.1463560,-0.1178434,-0.3356025,-0.0370502,-0.2451034,-0.1463560,-0.1463560,-0.1725301,-0.1091176
0.9650000,0.9650000,0.9115498,-0.1432152,-0.1153139,-0.3284065,-0.0362544,-0.2398476,-0.1432152,-0.1432152,-0.1688277,-0.1067759
0.9700000,0.9700000,0.9165498,-0.1401557,-0.1128499,-0.3213964,-0.0354793,-0.2347275,-0.1401557,-0.1401557,-0.1652210,-0.1044949
0.9750000,0.9750000,0.9215498,-0.1371749,-0.1104494,-0.3145665,-0.0347241,-0.2297390,-0.1371749,-0.1371749,-0.1617072,-0.1022725
0.9800000,0.9800000,0.9265498,-0.1342706,-0.1081104,-0.3079113,-0.0339884,-0.2248782,-0.1342706,-0.1342706,-0.1582834,-0.1001071
0.9850000,0.9850000,0.9315498,-0.1314403,-0.1058311,-0.3014257,-0.0332714,-0.2201412,-0.1314403,-0.1314403,-0.1549470,-0.0979970
0.9900000,0.9900000,0.9365498,-0.1286819,-0.1036096,-0.2951044,-0.0325727,-0.2155243,-0.1286819,-0.1286819,-0.1516952,-0.0959404
0.9950000,0.9950000,0.9415498,-0.1259931,-0.1014444,-0.2889426,-0.0318916,-0.2110239,-0.1259931,-0.1259931,-0.1485256,-0.0939358
1.0000000,1.0000000,0.9465498,-0.1233720,-0.0993336,-0.2829356,-0.0312277,-0.2066366,-0.1233720,-0.1233720,-0.1454358,-0.0919816
1.0050000,1.0050000,0.9515498,-0.1208165,-0.0972757,-0.2770788,-0.0305804,-0.2023589,-0.1208165,-0.1208165,-0.1424232,-0.0900763
1.0100000,1.0100000,0.9565498,-0.1183247,-0.0952690,-0.2713678,-0.0299493,-0.1981878,-0.1183247,-0.1183247,-0.1394858,-0.0882185
1.0150000,1.0150000,0.9615498,-0.1158947,-0.0933122,-0.2657982,-0.0293339,-0.1941199,-0.1158947,-0.1158947,-0.1366212,-0.0864068
1.0200000,1.0200000,0.9665498,-0.1135247,-0.0914037,-0.2603660,-0.0287336,-0.1901525,-0.1135247,-0.1135247,-0.1338274,-0.0846398
1.0250000,1.0250000,0.9715498,-0.1112130,-0.0895422,-0.2550673,-0.0281482,-0.1862824,-0.1112130,-0.1112130,-0.1311023,-0.0829163
1.0300000,1.0300000,0.9765498,-0.1089579,-0.0877262,-0.2498980,-0.0275771,-0.1825070,-0.1089579,-0.1089579,-0.1284438,-0.0812350
1.0350000,1.0350000,0.9815498,-0.1067577,-0.0859545,-0.2448546,-0.0270199,-0.1788235,-0.1067577,-0.1067577,-0.1258502,-0.0795946
1.0400000,1.0400000,0.9865498,-0.1046109,-0.0842257,-0.2399333,-0.0264763,-0.1752292,-0.1046109,-0.1046109,-0.1233194,-0.0779940
1.0450000,1.0450000,0.9915498,-0.1025159,-0.0825388,-0.2351308,-0.0259458,-0.1717217,-0.1025159,-0.1025159,-0.1208498,-0.0764320
1.0500000,1.0500000,0.9965498,-0.1004713,-0.0808924,-0.2304436,-0.0254280,-0.1682984,-0.1004713,-0.1004713,-0.1184395,-0.0749077
1.0550000,1.0550000,1.0015498,-0.0984756,-0.0792854,-0.2258686,-0.0249227,-0.1649570,-0.0984756,-0.0984756,-0.1160869,-0.0734198
1.0600000,1.0600000,1.0065498,-0.0965276,-0.0777167,-0.2214025,-0.0244294,-0.1616951,-0.0965276,-0.0965276,-0.1137905,-0.0719674
1.0650000,1.0650000,1.0115498,-0.0946257,-0.0761853,-0.2170423,-0.0239479,-0.1585107,-0.0946257,-0.0946257,-0.1115485,-0.0705494
1.0700000,1.0700000,1.0165498,-0.0927688,-0.0746901,-0.2127850,-0.0234777,-0.1554014,-0.0927688,-0.0927688,-0.1093595,-0.0691650
1.0750000,1.0750000,1.0215498,-0.0909556,-0.0732301,-0.2086278,-0.0230186,-0.1523652,-0.0909556,-0.0909556,-0.1072220,-0.0678131
1.0800000,1.0800000,1.0265498,-0.0891849,-0.0718043,-0.2045680,-0.0225703,-0.1494001,-0.0891849,-0.0891849,-0.1051346,-0.0664929
1.0850000,1.0850000,1.0315498,-0.0874555,-0.0704117,-0.2006027,-0.0221325,-0.1465041,-0.0874555,-0.0874555,-0.1030959,-0.0652035
1.0900000,1.0900000,1.0365498,-0.0857662,-0.0690515,-0.1967296,-0.0217048,-0.1436754,-0.0857662,-0.0857662,-0.1011046,-0.0639441
1.0950000,1.0950000,1.0415498,-0.0841161,-0.0677229,-0.1929460,-0.0212870,-0.1409120,-0.0841161,-0.0841161,-0.0991593,-0.0627138
1.1000000,1.1000000,1.0465498,-0.0825039,-0.0664248,-0.1892495,-0.0208789,-0.1382123,-0.0825039,-0.0825039,-0.0972589,-0.0615119
1.1050000,1.1050000,1.0515498,-0.0809288,-0.0651565,-0.1856377,-0.0204801,-0.1355745,-0.0809288,-0.0809288,-0.0954021,-0.0603375
1.1100000,1.1100000,1.0565498,-0.0793897,-0.0639172,-0.1821085,-0.0200905,-0.1329970,-0.0793897,-0.0793897,-0.0935877,-0.0591900
1.1150000,1.1150000,1.0615498,-0.0778856,-0.0627061,-0.1786594,-0.0197097,-0.1304780,-0.0778856,-0.0778856,-0.0918146,-0.0580686
1.1200000,1.1200000,1.0665498,-0.0764156,-0.0615225,-0.1752886,-0.0193376,-0.1280161,-0.0764156,-0.0764156,-0.0900816,-0.0569726
1.1250000,1.1250000,1.0715498,-0.0749787,-0.0603656,-0.1719937,-0.0189739,-0.1256098,-0.0749787,-0.0749787,-0.0883878,-0.0559013
1.1300000,1.1300000,1.0765498,-0.0735742,-0.0592347,-0.1687729,-0.0186183,-0.1232575,-0.0735742,-0.0735742,-0.0867321,-0.0548542
1.1350000,1.1350000,1.0815498,-0.0722011,-0.0581291,-0.1656242,-0.0182708,-0.1209579,-0.0722011,-0.0722011,-0.0851135,-0.0538305
1.1400000,1.1400000,1.0865498,-0.0708587,-0.0570482,-0.1625456,-0.0179309,-0.1187095,-0.0708587,-0.0708587,-0.0835310,-0.0528296
1.1450000,1.1450000,1.0915498,-0.0695460,-0.0559914,-0.1595354,-0.0175987,-0.1165111,-0.0695460,-0.0695460,-0.0819836,-0.0518509
1.1500000,1.1500000,1.0965498,-0.0682624,-0.0549579,-0.1565918,-0.0172738,-0.1143612,-0.0682624,-0.0682624,-0.0804704,-0.0508939
1.1550000,1.1550000,1.1015498,-0.0670072,-0.0539472,-0.1537130,-0.0169560,-0.1122588,-0.0670072,-0.0670072,-0.0789907,-0.0499580
1.1600000,1.1600000,1.1065498,-0.0657794,-0.0529586,-0.1508974,-0.0166453,-0.1102024,-0.0657794,-0.0657794,-0.0775434,-0.0490427
1.1650000,1.1650000,1.1115498,-0.0645785,-0.0519918,-0.1481433,-0.0163413,-0.1081911,-0.0645785,-0.0645785,-0.0761277,-0.0481474
1.1700000,1.1700000,1.1165498,-0.0634038,-0.0510459,-0.1454492,-0.0160440,-0.1062235,-0.0634038,-0.0634038,-0.0747429,-0.0472715
1.1750000,1.1750000,1.1215498,-0.0622546,-0.0501206,-0.1428136,-0.0157531,-0.1042986,-0.0622546,-0.0622546,-0.0733882,-0.0464147
1.1800000,1.1800000,1.1265498,-0.0611302,-0.0492153,-0.1402348,-0.0154685,-0.1024153,-0.0611302,-0.0611302,-0.0720627,-0.0455764
1.1850000,1.1850000,1.1315498,-0.0600301,-0.0483296,-0.1377116,-0.0151900,-0.1005725,-0.0600301,-0.0600301,-0.0707658,-0.0447562
1.1900000,1.1900000,1.1365498,-0.0589535,-0.0474628,-0.1352425,-0.0149176,-0.0987693,-0.0589535,-0.0589535,-0.0694967,-0.0439535
1.1950000,1.1950000,1.1415498,-0.0578999,-0.0466145,-0.1328262,-0.0146509,-0.0970045,-0.0578999,-0.0578999,-0.0682547,-0.0431680
1.2000000,1.2000000,1.1465498,-0.0568688,-0.0457843,-0.1304613,-0.0143899,-0.0952774,-0.0568688,-0.0568688,-0.0670392,-0.0423993
1.2050000,1.2050000,1.1515498,-0.0558596,-0.0449718,-0.1281465,-0.0141345,-0.0935868,-0.0558596,-0.0558596,-0.0658495,-0.0416468
1.2100000,1.2100000,1.1565498,-0.0548717,-0.0441764,-0.1258807,-0.0138845,-0.0919320,-0.0548717,-0.0548717,-0.0646849,-0.0409103
1.2150000,1.2150000,1.1615498,-0.0539046,-0.0433977,-0.1236625,-0.0136397,-0.0903121,-0.0539046,-0.0539046,-0.0635448,-0.0401892
1.2200000,1.2200000,1.1665498,-0.0529578,-0.0426354,-0.1214908,-0.0134001,-0.0887260,-0.0529578,-0.0529578,-0.0624287,-0.0394833
1.2250000,1.2250000,1.1715498,-0.0520307,-0.0418890,-0.1193646,-0.0131655,-0.0871732,-0.0520307,-0.0520307,-0.0613359,-0.0387922
1.2300000,1.2300000,1.1765498,-0.0511230,-0.0411582,-0.1172826,-0.0129357,-0.0856527,-0.0511230,-0.0511230,-0.0602658,-0.0381154
1.2350000,1.2350000,1.1815498,-0.0502341,-0.0404425,-0.1152437,-0.0127108,-0.0841637,-0.0502341,-0.0502341,-0.0592180,-0.0374527
1.2400000,1.2400000,1.1865498,-0.0493636,-0.0397417,-0.1132471,-0.0124905,-0.0827055,-0.0493636,-0.0493636,-0.0581918,-0.0368037
1.2450000,1.2450000,1.1915498,-0.0485111,-0.0390553,-0.1112915,-0.0122747,-0.0812773,-0.0485111,-0.0485111,-0.0571867,-0.0361681
1.2500000,1.2500000,1.1965498,-0.0476760,-0.0383830,-0.1093761,-0.0120634,-0.0798784,-0.0476760,-0.0476760,-0.0562023,-0.0355455
1.2550000,1.2550000,1.2015498,-0.0468580,-0.0377244,-0.1074999,-0.0118564,-0.0785081,-0.0468580,-0.0468580,-0.0552381,-0.0349356
1.2600000,1.2600000,1.2065498,-0.0460567,-0.0370792,-0.1056619,-0.0116536,-0.0771658,-0.0460567,-0.0460567,-0.0542935,-0.0343382
1.2650000,1.2650000,1.2115498,-0.0452717,-0.0364472,-0.1038612,-0.0114549,-0.0758507,-0.0452717,-0.0452717,-0.0533681,-0.0337529
1.2700000,1.2700000,1.2165498,-0.0445026,-0.0358280,-0.1020969,-0.0112603,-0.0745623,-0.0445026,-0.0445026,-0.0524614,-0.0331795
1.2750000,1.2750000,1.2215498,-0.0437489,-0.0352212,-0.1003682,-0.0110696,-0.0732998,-0.0437489,-0.0437489,-0.0515730,-0.0326176
1.2800000,1.2800000,1.2265498,-0.0430105,-0.0346267,-0.0986743,-0.0108827,-0.0720627,-0.0430105,-0.0430105,-0.0507024,-0.0320670
1.2850000,1.2850000,1.2315498,-0.0422868,-0.0340440,-0.0970143,-0.0106996,-0.0708503,-0.0422868,-0.0422868,-0.0498493,-0.0315275
1.2900000,1.2900000,1.2365498,-0.0415776,-0.0334730,-0.0953874,-0.0105201,-0.0696622,-0.0415776,-0.0415776,-0.0490133,-0.0309987
1.2950000,1.2950000,1.2415498,-0.0408824,-0.0329134,-0.0937929,-0.0103442,-0.0684977,-0.0408824,-0.0408824,-0.0481938,-0.0304804
1.3000000,1.3000000,1.2465498,-0.0402011,-0.0323648,-0.0922300,-0.0101718,-0.0673563,-0.0402011,-0.0402011,-0.0473906,-0.0299724
1.3050000,1.3050000,1.2515498,-0.0395332,-0.0318271,-0.0906979,-0.0100027,-0.0662374,-0.0395332,-0.0395332,-0.0466033,-0.0294745
1.3100000,1.3100000,1.2565498,-0.0388785,-0.0313000,-0.0891960,-0.0098371,-0.0651405,-0.0388785,-0.0388785,-0.0458315,-0.0289864
1.3150000,1.3150000,1.2615498,-0.0382366,-0.0307832,-0.0877236,-0.0096746,-0.0640652,-0.0382366,-0.0382366,-0.0450748,-0.0285078
1.3200000,1.3200000,1.2665498,-0.0376073,-0.0302766,-0.0862800,-0.0095154,-0.0630109,-0.0376073,-0.0376073,-0.0443330,-0.0280386
1.3250000,1.3250000,1.2715498,-0.0369903,-0.0297798,-0.0848646,-0.0093592,-0.0619772,-0.0369903,-0.0369903,-0.0436056,-0.0275786
1.3300000,1.3300000,1.2765498,-0.0363852,-0.0292927,-0.0834766,-0.0092061,-0.0609635,-0.0363852,-0.0363852,-0.0428923,-0.0271275
1.3350000,1.3350000,1.2815498,-0.0357919,-0.0288150,-0.0821155,-0.0090560,-0.0599695,-0.0357919,-0.0357919,-0.0421929,-0.0266851
1.3400000,1.3400000,1.2865498,-0.0352100,-0.0283465,-0.0807807,-0.0089087,-0.0589947,-0.0352100,-0.0352100,-0.0415069,-0.0262513
1.3450000,1.3450000,1.2915498,-0.0346393,-0.0278870,-0.0794715,-0.0087643,-0.0580386,-0.0346393,-0.0346393,-0.0408342,-0.0258258
1.3500000,1.3500000,1.2965498,-0.0340796,-0.0274364,-0.0781875,-0.0086227,-0.0571008,-0.0340796,-0.0340796,-0.0401743,-0.0254085
1.3550000,1.3550000,1.3015498,-0.0335305,-0.0269944,-0.0769280,-0.0084838,-0.0561810,-0.0335305,-0.0335305,-0.0395271,-0.0249991
1.3600000,1.3600000,1.3065498,-0.0329920,-0.0265608,-0.0756924,-0.0083475,-0.0552787,-0.0329920,-0.0329920,-0.0388922,-0.0245976
1.3650000,1.3650000,1.3115498,-0.0324636,-0.0261354,-0.0744804,-0.0082138,-0.0543935,-0.0324636,-0.0324636,-0.0382694,-0.0242037
1.3700000,1.3700000,1.3165498,-0.0319453,-0.0257181,-0.0732913,-0.0080826,-0.0535251,-0.0319453,-0.0319453,-0.0376583,-0.0238172
1.3750000,1.3750000,1.3215498,-0.0314367,-0.0253086,-0.0721246,-0.0079539,-0.0526731,-0.0314367,-0.0314367,-0.0370588,-0.0234380
1.3800000,1.3800000,1.3265498,-0.0309377,-0.0249069,-0.0709799,-0.0078277,-0.0518371,-0.0309377,-0.0309377,-0.0364706,-0.0230660
1.3850000,1.3850000,1.3315498,-0.0304481,-0.0245127,-0.0698567,-0.0077038,-0.0510168,-0.0304481,-0.0304481,-0.0358934,-0.0227010
1.3900000,1.3900000,1.3365498,-0.0299676,-0.0241259,-0.0687544,-0.0075822,-0.0502118,-0.0299676,-0.0299676,-0.0353270,-0.0223427
1.3950000,1.3950000,1.3415498,-0.0294961,-0.0237463,-0.0676727,-0.0074629,-0.0494218,-0.0294961,-0.0294961,-0.0347711,-0.0219912
1.4000000,1.4000000,1.3465498,-0.0290333,-0.0233737,-0.0666111,-0.0073458,-0.0486465,-0.0290333,-0.0290333,-0.0342256,-0.0216462
1.4050000,1.4050000,1.3515498,-0.0285791,-0.0230081,-0.0655691,-0.0072309,-0.0478855,-0.0285791,-0.0285791,-0.0336902,-0.0213075
1.4100000,1.4100000,1.3565498,-0.0281333,-0.0226491,-0.0645464,-0.0071181,-0.0471386,-0.0281333,-0.0281333,-0.0331647,-0.0209752
1.4150000,1.4150000,1.3615498,-0.0276957,-0.0222968,-0.0635425,-0.0070073,-0.0464055,-0.0276957,-0.0276957,-0.0326488,-0.0206489
1.4200000,1.4200000,1.3665498,-0.0272662,-0.0219510,-0.0625571,-0.0068986,-0.0456858,-0.0272662,-0.0272662,-0.0321424,-0.0203286
1.4250000,1.4250000,1.3715498,-0.0268445,-0.0216115,-0.0615896,-0.0067919,-0.0449792,-0.0268445,-0.0268445,-0.0316453,-0.0200142
1.4300000,1.4300000,1.3765498,-0.0264305,-0.0212782,-0.0606398,-0.0066872,-0.0442856,-0.0264305,-0.0264305,-0.0311572,-0.0197056
1.4350000,1.4350000,1.3815498,-0.0260240,-0.0209509,-0.0597073,-0.0065843,-0.0436045,-0.0260240,-0.0260240,-0.0306781,-0.0194025
1.4400000,1.4400000,1.3865498,-0.0256249,-0.0206296,-0.0587917,-0.0064833,-0.0429359,-0.0256249,-0.0256249,-0.0302076,-0.0191049
1.4450000,1.4450000,1.3915498,-0.0252330,-0.0203141,-0.0578926,-0.0063842,-0.0422793,-0.0252330,-0.0252330,-0.0297456,-0.0188128
1.4500000,1.4500000,1.3965498,-0.0248481,-0.0200043,-0.0570097,-0.0062868,-0.0416345,-0.0248481,-0.0248481,-0.0292919,-0.0185258
1.4550000,1.4550000,1.4015498,-0.0244702,-0.0197000,-0.0561427,-0.0061912,-0.0410013,-0.0244702,-0.0244702,-0.0288464,-0.0182441
1.4600000,1.4600000,1.4065498,-0.0240991,-0.0194012,-0.0552912,-0.0060973,-0.0403795,-0.0240991,-0.0240991,-0.0284089,-0.0179674
1.4650000,1.4650000,1.4115498,-0.0237345,-0.0191078,-0.0544550,-0.0060050,-0.0397687,-0.0237345,-0.0237345,-0.0279792,-0.0176956
1.4700000,1.4700000,1.4165498,-0.0233765,-0.0188195,-0.0536336,-0.0059144,-0.0391689,-0.0233765,-0.0233765,-0.0275572,-0.0174287
1.4750000,1.4750000,1.4215498,-0.0230249,-0.0185364,-0.0528268,-0.0058255,-0.0385797,-0.0230249,-0.0230249,-0.0271426,-0.0171665
1.4800000,1.4800000,1.4265498,-0.0226794,-0.0182583,-0.0520343,-0.0057381,-0.0380009,-0.0226794,-0.0226794,-0.0267354,-0.0169089
1.4850000,1.4850000,1.4315498,-0.0223401,-0.0179851,-0.0512558,-0.0056522,-0.0374324,-0.0223401,-0.0223401,-0.0263354,-0.0166559
1.4900000,1.4900000,1.4365498,-0.0220067,-0.0177167,-0.0504910,-0.0055679,-0.0368738,-0.0220067,-0.0220067,-0.0259424,-0.0164074
1.4950000,1.4950000,1.4415498,-0.0216792,-0.0174531,-0.0497397,-0.0054850,-0.0363251,-0.0216792,-0.0216792,-0.0255563,-0.0161632
1.5000000,1.5000000,1.4465498,-0.0213574,-0.0171940,-0.0490014,-0.0054036,-0.0357860,-0.0213574,-0.0213574,-0.0251770,-0.0159233
1.5050000,1.5050000,1.4515498,-0.0210413,-0.0169395,-0.0482761,-0.0053236,-0.0352562,-0.0210413,-0.0210413,-0.0248043,-0.0156876
1.5100000,1.5100000,1.4565498,-0.0207306,-0.0166894,-0.0475634,-0.0052450,-0.0347357,-0.0207306,-0.0207306,-0.0244381,-0.0154560
1.5150000,1.5150000,1.4615498,-0.0204254,-0.0164436,-0.0468630,-0.0051677,-0.0342243,-0.0204254,-0.0204254,-0.0240782,-0.0152284
1.5200000,1.5200000,1.4665498,-0.0201254,-0.0162021,-0.0461748,-0.0050918,-0.0337217,-0.0201254,-0.0201254,-0.0237246,-0.0150047
1.5250000,1.5250000,1.4715498,-0.0198306,-0.0159648,-0.0454985,-0.0050172,-0.0332277,-0.0198306,-0.0198306,-0.0233771,-0.0147850
1.5300000,1.5300000,1.4765498,-0.0195409,-0.0157315,-0.0448338,-0.0049439,-0.0327423,-0.0195409,-0.0195409,-0.0230355,-0.0145689
1.5350000,1.5350000,1.4815498,-0.0192561,-0.0155023,-0.0441805,-0.0048719,-0.0322652,-0.0192561,-0.0192561,-0.0226999,-0.0143566
1.5400000,1.5400000,1.4865498,-0.0189762,-0.0152770,-0.0435384,-0.0048011,-0.0317963,-0.0189762,-0.0189762,-0.0223699,-0.0141480
1.5450000,1.5450000,1.4915498,-0.0187011,-0.0150555,-0.0429072,-0.0047315,-0.0313353,-0.0187011,-0.0187011,-0.0220456,-0.0139429
1.5500000,1.5500000,1.4965498,-0.0184307,-0.0148378,-0.0422868,-0.0046631,-0.0308822,-0.0184307,-0.0184307,-0.0217268,-0.0137413
1.5550000,1.5550000,1.5015498,-0.0181649,-0.0146238,-0.0416770,-0.0045958,-0.0304369,-0.0181649,-0.0181649,-0.0214135,-0.0135431
1.5600000,1.5600000,1.5065498,-0.0179036,-0.0144134,-0.0410774,-0.0045297,-0.0299990,-0.0179036,-0.0179036,-0.0211054,-0.0133482
1.5650000,1.5650000,1.5115498,-0.0176467,-0.0142066,-0.0404880,-0.0044647,-0.0295685,-0.0176467,-0.0176467,-0.0208026,-0.0131567
1.5700000,1.5700000,1.5165498,-0.0173941,-0.0140032,-0.0399085,-0.0044008,-0.0291453,-0.0173941,-0.0173941,-0.0205048,-0.0129684
1.5750000,1.5750000,1.5215498,-0.0171457,-0.0138033,-0.0393387,-0.0043379,-0.0287292,-0.0171457,-0.0171457,-0.0202121,-0.0127832
1.5800000,1.5800000,1.5265498,-0.0169015,-0.0136067,-0.0387785,-0.0042762,-0.0283201,-0.0169015,-0.0169015,-0.0199242,-0.0126012
1.5850000,1.5850000,1.5315498,-0.0166614,-0.0134134,-0.0382276,-0.0042154,-0.0279178,-0.0166614,-0.0166614,-0.0196412,-0.0124222
1.5900000,1.5900000,1.5365498,-0.0164253,-0.0132233,-0.0376860,-0.0041557,-0.0275222,-0.0164253,-0.0164253,-0.0193628,-0.0122461
1.5950000,1.5950000,1.5415498,-0.0161932,-0.0130364,-0.0371533,-0.0040969,-0.0271332,-0.0161932,-0.0161932,-0.0190891,-0.0120730
1.6000000,1.6000000,1.5465498,-0.0159648,-0.0128526,-0.0366294,-0.0040391,-0.0267506,-0.0159648,-0.0159648,-0.0188200,-0.0119028
1.6050000,1.6050000,1.5515498,-0.0157403,-0.0126718,-0.0361142,-0.0039823,-0.0263743,-0.0157403,-0.0157403,-0.0185552,-0.0117354
1.6100000,1.6100000,1.5565498,-0.0155194,-0.0124940,-0.0356075,-0.0039265,-0.0260043,-0.0155194,-0.0155194,-0.0182949,-0.0115707
1.6150000,1.6150000,1.5615498,-0.0153022,-0.0123191,-0.0351091,-0.0038715,-0.0256403,-0.0153022,-0.0153022,-0.0180388,-0.0114087
1.6200000,1.6200000,1.5665498,-0.0150885,-0.0121471,-0.0346189,-0.0038174,-0.0252823,-0.0150885,-0.0150885,-0.0177869,-0.0112494
1.6250000,1.6250000,1.5715498,-0.0148784,-0.0119779,-0.0341367,-0.0037643,-0.0249302,-0.0148784,-0.0148784,-0.0175392,-0.0110927
1.6300000,1.6300000,1.5765498,-0.0146716,-0.0118115,-0.0336624,-0.0037119,-0.0245838,-0.0146716,-0.0146716,-0.0172955,-0.0109386
1.6350000,1.6350000,1.5815498,-0.0144682,-0.0116477,-0.0331958,-0.0036605,-0.0242430,-0.0144682,-0.0144682,-0.0170557,-0.0107870
1.6400000,1.6400000,1.5865498,-0.0142682,-0.0114867,-0.0327368,-0.0036099,-0.0239078,-0.0142682,-0.0142682,-0.0168199,-0.0106378
1.6450000,1.6450000,1.5915498,-0.0140713,-0.0113282,-0.0322852,-0.0035601,-0.0235780,-0.0140713,-0.0140713,-0.0165878,-0.0104911
1.6500000,1.6500000,1.5965498,-0.0138777,-0.0111723,-0.0318409,-0.0035111,-0.0232535,-0.0138777,-0.0138777,-0.0163595,-0.0103467
1.6550000,1.6550000,1.6015498,-0.0136871,-0.0110189,-0.0314037,-0.0034629,-0.0229342,-0.0136871,-0.0136871,-0.0161349,-0.0102046
1.6600000,1.6600000,1.6065498,-0.0134997,-0.0108680,-0.0309736,-0.0034154,-0.0226201,-0.0134997,-0.0134997,-0.0159139,-0.0100649
1.6650000,1.6650000,1.6115498,-0.0133152,-0.0107195,-0.0305504,-0.0033688,-0.0223110,-0.0133152,-0.0133152,-0.0156965,-0.0099273
1.6700000,1.6700000,1.6165498,-0.0131337,-0.0105733,-0.0301339,-0.0033228,-0.0220069,-0.0131337,-0.0131337,-0.0154825,-0.0097920
1.6750000,1.6750000,1.6215498,-0.0129551,-0.0104295,-0.0297241,-0.0032776,-0.0217076,-0.0129551,-0.0129551,-0.0152719,-0.0096588
1.6800000,1.6800000,1.6265498,-0.0127793,-0.0102880,-0.0293208,-0.0032332,-0.0214130,-0.0127793,-0.0127793,-0.0150647,-0.0095278
1.6850000,1.6850000,1.6315498,-0.0126063,-0.0101488,-0.0289239,-0.0031894,-0.0211232,-0.0126063,-0.0126063,-0.0148608,-0.0093988
1.6900000,1.6900000,1.6365498,-0.0124360,-0.0100117,-0.0285332,-0.0031463,-0.0208379,-0.0124360,-0.0124360,-0.0146601,-0.0092718
1.6950000,1.6950000,1.6415498,-0.0122685,-0.0098768,-0.0281488,-0.0031039,-0.0205571,-0.0122685,-0.0122685,-0.0144625,-0.0091469
1.7000000,1.7000000,1.6465498,-0.0121035,-0.0097440,-0.0277704,-0.0030622,-0.0202808,-0.0121035,-0.0121035,-0.0142681,-0.0090239
1.7050000,1.7050000,1.6515498,-0.0119412,-0.0096133,-0.0273979,-0.0030211,-0.0200088,-0.0119412,-0.0119412,-0.0140767,-0.0089029
1.7100000,1.7100000,1.6565498,-0.0117814,-0.0094847,-0.0270313,-0.0029807,-0.0197410,-0.0117814,-0.0117814,-0.0138884,-0.0087838
1.7150000,1.7150000,1.6615498,-0.0116241,-0.0093580,-0.0266704,-0.0029409,-0.0194775,-0.0116241,-0.0116241,-0.0137030,-0.0086665
1.7200000,1.7200000,1.6665498,-0.0114693,-0.0092334,-0.0263152,-0.0029017,-0.0192180,-0.0114693,-0.0114693,-0.0135204,-0.0085511
1.7250000,1.7250000,1.6715498,-0.0113168,-0.0091107,-0.0259654,-0.0028632,-0.0189626,-0.0113168,-0.0113168,-0.0133407,-0.0084374
1.7300000,1.7300000,1.6765498,-0.0111668,-0.0089899,-0.0256211,-0.0028252,-0.0187112,-0.0111668,-0.0111668,-0.0131638,-0.0083255
1.7350000,1.7350000,1.6815498,-0.0110190,-0.0088709,-0.0252822,-0.0027878,-0.0184637,-0.0110190,-0.0110190,-0.0129897,-0.0082154
1.7400000,1.7400000,1.6865498,-0.0108736,-0.0087538,-0.0249485,-0.0027510,-0.0182199,-0.0108736,-0.0108736,-0.0128182,-0.0081069
1.7450000,1.7450000,1.6915498,-0.0107304,-0.0086385,-0.0246199,-0.0027148,-0.0179800,-0.0107304,-0.0107304,-0.0126494,-0.0080002
1.7500000,1.7500000,1.6965498,-0.0105894,-0.0085250,-0.0242963,-0.0026791,-0.0177437,-0.0105894,-0.0105894,-0.0124831,-0.0078950
1.7550000,1.7550000,1.7015498,-0.0104505,-0.0084132,-0.0239778,-0.0026440,-0.0175110,-0.0104505,-0.0104505,-0.0123195,-0.0077915
1.7600000,1.7600000,1.7065498,-0.0103138,-0.0083032,-0.0236641,-0.0026094,-0.0172819,-0.0103138,-0.0103138,-0.0121583,-0.0076896
1.7650000,1.7650000,1.7115498,-0.0101791,-0.0081948,-0.0233552,-0.0025753,-0.0170563,-0.0101791,-0.0101791,-0.0119996,-0.0075892
1.7700000,1.7700000,1.7165498,-0.0100466,-0.0080880,-0.0230510,-0.0025418,-0.0168342,-0.0100466,-0.0100466,-0.0118433,-0.0074903
1.7750000,1.7750000,1.7215498,-0.0099160,-0.0079829,-0.0227514,-0.0025087,-0.0166154,-0.0099160,-0.0099160,-0.0116894,-0.0073930
1.7800000,1.7800000,1.7265498,-0.0097874,-0.0078794,-0.0224564,-0.0024762,-0.0163999,-0.0097874,-0.0097874,-0.0115378,-0.0072971
1.7850000,1.7850000,1.7315498,-0.0096608,-0.0077774,-0.0221658,-0.0024442,-0.0161877,-0.0096608,-0.0096608,-0.0113885,-0.0072027
1.7900000,1.7900000,1.7365498,-0.0095360,-0.0076770,-0.0218796,-0.0024126,-0.0159787,-0.0095360,-0.0095360,-0.0112414,-0.0071097
1.7950000,1.7950000,1.7415498,-0.0094132,-0.0075781,-0.0215977,-0.0023815,-0.0157729,-0.0094132,-0.0094132,-0.0110966,-0.0070181
1.8000000,1.8000000,1.7465498,-0.0092922,-0.0074807,-0.0213201,-0.0023509,-0.0155701,-0.0092922,-0.0092922,-0.0109540,-0.0069279
1.8050000,1.8050000,1.7515498,-0.0091730,-0.0073847,-0.0210466,-0.0023207,-0.0153704,-0.0091730,-0.0091730,-0.0108134,-0.0068390
1.8100000,1.8100000,1.7565498,-0.0090555,-0.0072902,-0.0207772,-0.0022910,-0.0151737,-0.0090555,-0.0090555,-0.0106750,-0.0067515
1.8150000,1.8150000,1.7615498,-0.0089399,-0.0071971,-0.0205119,-0.0022618,-0.0149799,-0.0089399,-0.0089399,-0.0105387,-0.0066652
1.8200000,1.8200000,1.7665498,-0.0088259,-0.0071054,-0.0202504,-0.0022330,-0.0147889,-0.0088259,-0.0088259,-0.0104044,-0.0065803
1.8250000,1.8250000,1.7715498,-0.0087137,-0.0070150,-0.0199929,-0.0022046,-0.0146009,-0.0087137,-0.0087137,-0.0102721,-0.0064966
1.8300000,1.8300000,1.7765498,-0.0086031,-0.0069260,-0.0197392,-0.0021766,-0.0144156,-0.0086031,-0.0086031,-0.0101417,-0.0064142
1.8350000,1.8350000,1.7815498,-0.0084942,-0.0068383,-0.0194892,-0.0021490,-0.0142330,-0.0084942,-0.0084942,-0.0100133,-0.0063329
1.8400000,1.8400000,1.7865498,-0.0083868,-0.0067518,-0.0192429,-0.0021219,-0.0140532,-0.0083868,-0.0083868,-0.0098867,-0.0062529
1.8450000,1.8450000,1.7915498,-0.0082811,-0.0066667,-0.0190003,-0.0020951,-0.0138759,-0.0082811,-0.0082811,-0.0097620,-0.0061741
1.8500000,1.8500000,1.7965498,-0.0081769,-0.0065828,-0.0187612,-0.0020687,-0.0137013,-0.0081769,-0.0081769,-0.0096392,-0.0060964
1.8550000,1.8550000,1.8015498,-0.0080742,-0.0065001,-0.0185256,-0.0020428,-0.0135293,-0.0080742,-0.0080742,-0.0095182,-0.0060198
1.8600000,1.8600000,1.8065498,-0.0079730,-0.0064187,-0.0182935,-0.0020172,-0.0133598,-0.0079730,-0.0079730,-0.0093989,-0.0059444
1.8650000,1.8650000,1.8115498,-0.0078733,-0.0063384,-0.0180647,-0.0019919,-0.0131927,-0.0078733,-0.0078733,-0.0092814,-0.0058700
1.8700000,1.8700000,1.8165498,-0.0077751,-0.0062593,-0.0178393,-0.0019671,-0.0130281,-0.0077751,-0.0077751,-0.0091655,-0.0057968
1.8750000,1.8750000,1.8215498,-0.0076782,-0.0061814,-0.0176171,-0.0019426,-0.0128658,-0.0076782,-0.0076782,-0.0090514,-0.0057246
1.8800000,1.8800000,1.8265498,-0.0075828,-0.0061046,-0.0173982,-0.0019184,-0.0127060,-0.0075828,-0.0075828,-0.0089389,-0.0056535
1.8850000,1.8850000,1.8315498,-0.0074888,-0.0060289,-0.0171824,-0.0018946,-0.0125484,-0.0074888,-0.0074888,-0.0088281,-0.0055834
1.8900000,1.8900000,1.8365498,-0.0073961,-0.0059542,-0.0169698,-0.0018712,-0.0123931,-0.0073961,-0.0073961,-0.0087188,-0.0055143
1.8950000,1.8950000,1.8415498,-0.0073047,-0.0058807,-0.0167602,-0.0018481,-0.0122400,-0.0073047,-0.0073047,-0.0086111,-0.0054461
1.9000000,1.9000000,1.8465498,-0.0072147,-0.0058082,-0.0165536,-0.0018253,-0.0120892,-0.0072147,-0.0072147,-0.0085050,-0.0053790
1.9050000,1.9050000,1.8515498,-0.0071260,-0.0057368,-0.0163500,-0.0018029,-0.0119405,-0.0071260,-0.0071260,-0.0084004,-0.0053129
1.9100000,1.9100000,1.8565498,-0.0070385,-0.0056664,-0.0161493,-0.0017807,-0.0117939,-0.0070385,-0.0070385,-0.0082973,-0.0052476
1.9150000,1.9150000,1.8615498,-0.0069523,-0.0055969,-0.0159515,-0.0017589,-0.0116494,-0.0069523,-0.0069523,-0.0081956,-0.0051834
1.9200000,1.9200000,1.8665498,-0.0068673,-0.0055285,-0.0157565,-0.0017374,-0.0115070,-0.0068673,-0.0068673,-0.0080954,-0.0051200
1.9250000,1.9250000,1.8715498,-0.0067835,-0.0054611,-0.0155643,-0.0017162,-0.0113666,-0.0067835,-0.0067835,-0.0079966,-0.0050575
1.9300000,1.9300000,1.8765498,-0.0067009,-0.0053946,-0.0153747,-0.0016953,-0.0112282,-0.0067009,-0.0067009,-0.0078993,-0.0049959
1.9350000,1.9350000,1.8815498,-0.0066195,-0.0053290,-0.0151879,-0.0016747,-0.0110918,-0.0066195,-0.0066195,-0.0078033,-0.0049352
1.9400000,1.9400000,1.8865498,-0.0065392,-0.0052644,-0.0150037,-0.0016544,-0.0109573,-0.0065392,-0.0065392,-0.0077087,-0.0048754
1.9450000,1.9450000,1.8915498,-0.0064600,-0.0052007,-0.0148221,-0.0016344,-0.0108246,-0.0064600,-0.0064600,-0.0076154,-0.0048164
1.9500000,1.9500000,1.8965498,-0.0063820,-0.0051379,-0.0146431,-0.0016146,-0.0106939,-0.0063820,-0.0063820,-0.0075234,-0.0047582
1.9550000,1.9550000,1.9015498,-0.0063051,-0.0050759,-0.0144666,-0.0015952,-0.0105650,-0.0063051,-0.0063051,-0.0074327,-0.0047008
1.9600000,1.9600000,1.9065498,-0.0062292,-0.0050149,-0.0142925,-0.0015760,-0.0104379,-0.0062292,-0.0062292,-0.0073433,-0.0046443
1.9650000,1.9650000,1.9115498,-0.0061544,-0.0049546,-0.0141209,-0.0015571,-0.0103125,-0.0061544,-0.0061544,-0.0072551,-0.0045885
1.9700000,1.9700000,1.9165498,-0.0060807,-0.0048953,-0.0139517,-0.0015384,-0.0101890,-0.0060807,-0.0060807,-0.0071681,-0.0045335
1.9750000,1.9750000,1.9215498,-0.0060079,-0.0048367,-0.0137848,-0.0015200,-0.0100671,-0.0060079,-0.0060079,-0.0070824,-0.0044793
1.9800000,1.9800000,1.9265498,-0.0059362,-0.0047790,-0.0136203,-0.0015019,-0.0099469,-0.0059362,-0.0059362,-0.0069979,-0.0044258
1.9850000,1.9850000,1.9315498,-0.0058655,-0.0047220,-0.0134580,-0.0014840,-0.0098284,-0.0058655,-0.0058655,-0.0069145,-0.0043731
1.9900000,1.9900000,1.9365498,-0.0057958,-0.0046659,-0.0132980,-0.0014663,-0.0097116,-0.0057958,-0.0057958,-0.0068323,-0.0043211
1.9950000,1.9950000,1.9415498,-0.0057270,-0.0046105,-0.0131402,-0.0014489,-0.0095963,-0.0057270,-0.0057270,-0.0067512,-0.0042698
