# r[nm],d[nm],daligned[nm],UwaterUCD(d)[kj/mol],UMinwaterUCD(d)[kj/mol]
0.0266821,0.0266821,-0.0000000,11228.9821912,11228.9821912
0.0366821,0.0366821,0.0100000,9855.9073917,9855.9073917
0.0466821,0.0466821,0.0200000,8397.1949456,8397.1949456
0.0566821,0.0566821,0.0300000,6953.1415116,6953.1415116
0.0666821,0.0666821,0.0400000,5539.0228161,5539.0228161
0.0766821,0.0766821,0.0500000,4319.0390739,4319.0390739
0.0866821,0.0866821,0.0600000,3308.0961448,3308.0961448
0.0966821,0.0966821,0.0700000,2491.7491939,2491.7491939
0.1066821,0.1066821,0.0800000,1835.4005593,1835.4005593
0.1166821,0.1166821,0.0900000,1352.5590696,1326.7182433
0.1266821,0.1266821,0.1000000,972.2730903,946.4664666
0.1366821,0.1366821,0.1100000,692.5200432,667.0428131
0.1466821,0.1466821,0.1200000,489.2517869,464.5876306
0.1566821,0.1566821,0.1300000,342.9580807,319.6101857
0.1666821,0.1666821,0.1400000,238.2763523,216.8175597
0.1766821,0.1766821,0.1500000,163.2004819,144.5626226
0.1866821,0.1866821,0.1600000,110.2389465,92.2108271
0.1966821,0.1966821,0.1700000,73.7255988,56.2255157
0.2066821,0.2066821,0.1800000,48.7030508,32.0914746
0.2166821,0.2166821,0.1900000,31.4075343,16.0190548
0.2266821,0.2266821,0.2000000,19.1135154,5.4270926
0.2366821,0.2366821,0.2100000,10.1364521,-1.4450350
0.2466821,0.2466821,0.2200000,3.6796293,-5.8597940
0.2566821,0.2566821,0.2300000,-0.8108966,-8.7339291
0.2666821,0.2666821,0.2400000,-3.8522335,-10.5223754
0.2766821,0.2766821,0.2500000,-5.8606306,-11.6928383
0.2866821,0.2866821,0.2600000,-7.1326311,-12.3624897
0.2966821,0.2966821,0.2700000,-7.8625154,-12.6519538
0.3066821,0.3066821,0.2800000,-8.1873685,-12.7912975
0.3166821,0.3166821,0.2900000,-8.2206606,-12.6296867
0.3266821,0.3266821,0.3000000,-8.0574515,-12.3982182
0.3366821,0.3366821,0.3100000,-7.7716754,-12.0306652
0.3466821,0.3466821,0.3200000,-7.4167217,-11.5874444
0.3566821,0.3566821,0.3300000,-7.0290355,-11.1174008
0.3666821,0.3666821,0.3400000,-6.6324337,-10.6487074
0.3766821,0.3766821,0.3500000,-6.2418638,-10.1970319
0.3866821,0.3866821,0.3600000,-5.8662637,-9.7704808
0.3966821,0.3966821,0.3700000,-5.5105942,-9.3726194
0.4066821,0.4066821,0.3800000,-5.1772349,-9.0043256
0.4166821,0.4166821,0.3900000,-4.8669219,-8.6649315
0.4266821,0.4266821,0.4000000,-4.5793719,-8.3577144
0.4366821,0.4366821,0.4100000,-4.3136939,-8.0763596
0.4466821,0.4466821,0.4200000,-4.0686574,-7.8166957
0.4566821,0.4566821,0.4300000,-3.8428668,-7.5770632
0.4666821,0.4666821,0.4400000,-3.6348723,-7.3557824
0.4766821,0.4766821,0.4500000,-3.4432387,-7.1512254
0.4866821,0.4866821,0.4600000,-3.2665869,-6.9618556
0.4966821,0.4966821,0.4700000,-3.1036178,-6.7862475
0.5066821,0.5066821,0.4800000,-2.9531228,-6.6230933
0.5166821,0.5166821,0.4900000,-2.8139887,-6.4712032
0.5266821,0.5266821,0.5000000,-2.6851965,-6.3294995
0.5366821,0.5366821,0.5100000,-2.5658174,-6.1970106
0.5466821,0.5466821,0.5200000,-2.4550081,-6.0728618
0.5566821,0.5566821,0.5300000,-2.3520043,-5.9562674
0.5666821,0.5666821,0.5400000,-2.2561144,-5.8465218
0.5766821,0.5766821,0.5500000,-2.1667132,-5.7429918
0.5866821,0.5866821,0.5600000,-2.0832357,-5.6451092
0.5966821,0.5966821,0.5700000,-2.0051713,-5.5523636
0.6066821,0.6066821,0.5800000,-1.9320586,-5.4642971
0.6166821,0.6166821,0.5900000,-1.8634806,-5.3804975
0.6266821,0.6266821,0.6000000,-1.7990601,-5.3005947
0.6366821,0.6366821,0.6100000,-1.7384557,-5.2242551
0.6466821,0.6466821,0.6200000,-1.6813581,-5.1511784
0.6566821,0.6566821,0.6300000,-1.6274869,-5.0810938
0.6666821,0.6666821,0.6400000,-1.5765880,-5.0137567
0.6766821,0.6766821,0.6500000,-1.5284303,-4.9489464
0.6866821,0.6866821,0.6600000,-1.4828039,-4.8864631
0.6966821,0.6966821,0.6700000,-1.4395179,-4.8261261
0.7066821,0.7066821,0.6800000,-1.3983984,-4.7677718
0.7166821,0.7166821,0.6900000,-1.3592868,-4.7113458
0.7266821,0.7266821,0.7000000,-1.3220384,-4.6570437
0.7366821,0.7366821,0.7100000,-1.2865211,-4.6046975
0.7466821,0.7466821,0.7200000,-1.2526140,-4.5537790
0.7566821,0.7566821,0.7300000,-1.2202065,-4.5043099
0.7666821,0.7666821,0.7400000,-1.1891974,-4.4563445
0.7766821,0.7766821,0.7500000,-1.1594937,-4.4095254
0.7866821,0.7866821,0.7600000,-1.1310102,-4.3638242
0.7966821,0.7966821,0.7700000,-1.1036684,-4.3194019
0.8066821,0.8066821,0.7800000,-1.0773963,-4.2759127
0.8166821,0.8166821,0.7900000,-1.0521276,-4.2332992
0.8266821,0.8266821,0.8000000,-1.0278012,-4.1916142
0.8366821,0.8366821,0.8100000,-1.0043607,-4.1508642
0.8466821,0.8466821,0.8200000,-0.9817540,-4.1108403
0.8566821,0.8566821,0.8300000,-0.9599331,-4.0715019
0.8666821,0.8666821,0.8400000,-0.9388536,-4.0328120
0.8766821,0.8766821,0.8500000,-0.9184742,-3.9949053
0.8866821,0.8866821,0.8600000,-0.8987568,-3.9576264
0.8966821,0.8966821,0.8700000,-0.8796661,-3.9208977
0.9066821,0.9066821,0.8800000,-0.8611694,-3.8846930
0.9166821,0.9166821,0.8900000,-0.8432360,-3.8489881
0.9266821,0.9266821,0.9000000,-0.8258378,-3.8137608
0.9366821,0.9366821,0.9100000,-0.8089483,-3.7791341
0.9466821,0.9466821,0.9200000,-0.7925430,-3.7449681
0.9566821,0.9566821,0.9300000,-0.7765989,-3.7112192
0.9666821,0.9666821,0.9400000,-0.7610949,-3.6778715
0.9766821,0.9766821,0.9500000,-0.7460109,-3.6449102
0.9866821,0.9866821,0.9600000,-0.7313282,-3.6123217
0.9966821,0.9966821,0.9700000,-0.7170296,-3.5800936
1.0066821,1.0066821,0.9800000,-0.7030986,-3.5482143
1.0166821,1.0166821,0.9900000,-0.6895200,-3.5167573
1.0266821,1.0266821,1.0000000,-0.6762794,-3.4856658
1.0366821,1.0366821,1.0100000,-0.6633635,-3.4548903
1.0466821,1.0466821,1.0200000,-0.6507595,-3.4244223
1.0566821,1.0566821,1.0300000,-0.6384555,-3.3942540
1.0666821,1.0666821,1.0400000,-0.6264404,-3.3643782
1.0766821,1.0766821,1.0500000,-0.6147037,-3.3347881
1.0866821,1.0866821,1.0600000,-0.6032354,-3.3054774
1.0966821,1.0966821,1.0700000,-0.5920261,-3.2764405
1.1066821,1.1066821,1.0800000,-0.5810669,-3.2476718
1.1166821,1.1166821,1.0900000,-0.5703496,-3.2191664
1.1266821,1.1266821,1.1000000,-0.5598660,-3.1909195
1.1366821,1.1366821,1.1100000,-0.5496089,-3.1629349
1.1466821,1.1466821,1.1200000,-0.5395709,-3.1352714
1.1566821,1.1566821,1.1300000,-0.5297454,-3.1078520
1.1666821,1.1666821,1.1400000,-0.5201260,-3.0806730
1.1766821,1.1766821,1.1500000,-0.5107065,-3.0537311
1.1866821,1.1866821,1.1600000,-0.5014811,-3.0270233
1.1966821,1.1966821,1.1700000,-0.4924444,-3.0005464
1.2066821,1.2066821,1.1800000,-0.4835909,-2.9742977
1.2166821,1.2166821,1.1900000,-0.4749158,-2.9482747
1.2266821,1.2266821,1.2000000,-0.4664141,-2.9224747
1.2366821,1.2366821,1.2100000,-0.4580813,-2.8968955
1.2466821,1.2466821,1.2200000,-0.4499130,-2.8715347
1.2566821,1.2566821,1.2300000,-0.4419050,-2.8463903
1.2666821,1.2666821,1.2400000,-0.4340532,-2.8214602
1.2766821,1.2766821,1.2500000,-0.4263537,-2.7967425
1.2866821,1.2866821,1.2600000,-0.4188029,-2.7722352
1.2966821,1.2966821,1.2700000,-0.4113971,-2.7479366
1.3066821,1.3066821,1.2800000,-0.4041329,-2.7238449
1.3166821,1.3166821,1.2900000,-0.3970071,-2.6999585
1.3266821,1.3266821,1.3000000,-0.3900163,-2.6762757
1.3366821,1.3366821,1.3100000,-0.3831576,-2.6527950
1.3466821,1.3466821,1.3200000,-0.3764279,-2.6295149
1.3566821,1.3566821,1.3300000,-0.3698244,-2.6064339
1.3666821,1.3666821,1.3400000,-0.3633443,-2.5835504
1.3766821,1.3766821,1.3500000,-0.3569849,-2.5608706
1.3866821,1.3866821,1.3600000,-0.3507437,-2.5384144
1.3966821,1.3966821,1.3700000,-0.3446181,-2.5161505
1.4066821,1.4066821,1.3800000,-0.3386057,-2.4940776
1.4166821,1.4166821,1.3900000,-0.3327040,-2.4721944
1.4266821,1.4266821,1.4000000,-0.3269110,-2.4504996
1.4366821,1.4366821,1.4100000,-0.3212242,-2.4289920
1.4466821,1.4466821,1.4200000,-0.3156416,-2.4076703
1.4566821,1.4566821,1.4300000,-0.3101610,-2.3865333
1.4666821,1.4666821,1.4400000,-0.3047803,-2.3655798
1.4766821,1.4766821,1.4500000,-0.2994977,-2.3448085
1.4866821,1.4866821,1.4600000,-0.2943112,-2.3242183
1.4966821,1.4966821,1.4700000,-0.2892188,-2.3038080
1.5066821,1.5066821,1.4800000,-0.2842187,-2.2835764
1.5166821,1.5166821,1.4900000,-0.2793092,-2.2635223
1.5266821,1.5266821,1.5000000,-0.2744885,-2.2436445
1.5366821,1.5366821,1.5100000,-0.2697548,-2.2239420
1.5466821,1.5466821,1.5200000,-0.2651066,-2.2044134
1.5566821,1.5566821,1.5300000,-0.2605421,-2.1850577
1.5666821,1.5666821,1.5400000,-0.2560599,-2.1658736
1.5766821,1.5766821,1.5500000,-0.2516583,-2.1468601
1.5866821,1.5866821,1.5600000,-0.2473358,-2.1280160
1.5966821,1.5966821,1.5700000,-0.2430909,-2.1093400
