# r[nm],d[nm],daligned[nm],Ucline3(d)[kj/mol],UMincline3(d)[kj/mol]
-0.0037516,-0.0037516,0.0000000,61599.6921874,61599.6921874
0.0062484,0.0062484,0.0100000,58878.4744245,58878.4744245
0.0162484,0.0162484,0.0200000,56662.1912585,56662.1912585
0.0262484,0.0262484,0.0300000,54005.9603926,54005.9603926
0.0362484,0.0362484,0.0400000,51150.7207154,51150.7207154
0.0462484,0.0462484,0.0500000,49492.9914272,49492.9914272
0.0562484,0.0562484,0.0600000,52349.8190030,52349.8190030
0.0662484,0.0662484,0.0700000,63758.8137864,63758.8137864
0.0762484,0.0762484,0.0800000,81334.1759237,81334.1759237
0.0862484,0.0862484,0.0900000,93482.0369374,93482.0369374
0.0962484,0.0962484,0.1000000,100573.6206240,100573.6206240
0.1062484,0.1062484,0.1100000,91523.1326677,91523.1326677
0.1162484,0.1162484,0.1200000,66081.0338324,66081.0338324
0.1262484,0.1262484,0.1300000,38685.1448079,38685.1448079
0.1362484,0.1362484,0.1400000,22732.6816838,22732.6816838
0.1462484,0.1462484,0.1500000,13417.9012063,13417.9012063
0.1562484,0.1562484,0.1600000,7951.1117649,7951.1117649
0.1662484,0.1662484,0.1700000,4722.0577384,4722.0577384
0.1762484,0.1762484,0.1800000,2801.6112912,2801.6112912
0.1862484,0.1862484,0.1900000,1670.8142058,1651.8896622
0.1962484,0.1962484,0.2000000,978.5718174,959.7055245
0.2062484,0.2062484,0.2100000,559.7994584,541.3558005
0.2162484,0.2162484,0.2200000,305.6371007,288.1905038
0.2262484,0.2262484,0.2300000,151.3532310,135.3863936
0.2362484,0.2362484,0.2400000,57.9153679,43.9281843
0.2462484,0.2462484,0.2500000,1.9178633,-9.8660002
0.2562484,0.2562484,0.2600000,-30.7510388,-40.4847364
0.2662484,0.2662484,0.2700000,-48.8398159,-56.8548557
0.2762484,0.2762484,0.2800000,-57.9297631,-64.5091111
0.2862484,0.2862484,0.2900000,-61.4541496,-66.8919889
0.2962484,0.2962484,0.3000000,-61.5282702,-66.1534543
0.3062484,0.3062484,0.3100000,-59.5365507,-63.6356421
0.3162484,0.3162484,0.3200000,-56.3951735,-60.1737422
0.3262484,0.3262484,0.3300000,-52.6931028,-56.2834445
0.3362484,0.3362484,0.3400000,-48.7960551,-52.2832534
0.3462484,0.3462484,0.3500000,-44.9240089,-48.3542301
0.3562484,0.3562484,0.3600000,-41.2463570,-44.5988602
0.3662484,0.3662484,0.3700000,-38.3389309,-44.4258115
0.3762484,0.3762484,0.3800000,-37.0988278,-44.7264888
0.3862484,0.3862484,0.3900000,-36.5556655,-43.7562832
0.3962484,0.3962484,0.4000000,-35.7820282,-41.9987574
0.4062484,0.4062484,0.4100000,-34.6453319,-39.7924979
0.4162484,0.4162484,0.4200000,-33.1913602,-37.3676461
0.4262484,0.4262484,0.4300000,-31.4844455,-34.8813503
0.4362484,0.4362484,0.4400000,-29.5978483,-32.4318559
0.4462484,0.4462484,0.4500000,-27.6557091,-30.0697566
0.4562484,0.4562484,0.4600000,-26.1375154,-33.5775259
0.4662484,0.4662484,0.4700000,-25.8445349,-34.9892532
0.4762484,0.4762484,0.4800000,-26.1590101,-34.9735429
0.4862484,0.4862484,0.4900000,-26.2397516,-34.0494018
0.4962484,0.4962484,0.5000000,-25.8993350,-32.5756191
0.5062484,0.5062484,0.5100000,-25.1544579,-30.7970471
0.5162484,0.5162484,0.5200000,-24.0706355,-28.8781526
0.5262484,0.5262484,0.5300000,-22.7323276,-26.9330704
0.5362484,0.5362484,0.5400000,-21.2389491,-25.0236149
0.5462484,0.5462484,0.5500000,-19.6854904,-23.1907513
0.5562484,0.5562484,0.5600000,-18.1460580,-21.4595941
0.5662484,0.5662484,0.5700000,-16.6705447,-19.8425929
0.5762484,0.5762484,0.5800000,-15.2885297,-18.3472047
0.5862484,0.5862484,0.5900000,-14.0147214,-16.9800828
0.5962484,0.5962484,0.6000000,-12.8536758,-15.7200042
0.6062484,0.6062484,0.6100000,-11.8033621,-14.5694410
0.6162484,0.6162484,0.6200000,-10.8577349,-13.5102559
0.6262484,0.6262484,0.6300000,-10.0085532,-12.5371020
0.6362484,0.6362484,0.6400000,-9.2466382,-11.6451616
0.6462484,0.6462484,0.6500000,-8.5627084,-10.8286471
0.6562484,0.6562484,0.6600000,-7.9478984,-10.0814615
0.6662484,0.6662484,0.6700000,-7.3940465,-9.3975798
0.6762484,0.6762484,0.6800000,-6.8938226,-8.7712609
0.6862484,0.6862484,0.6900000,-6.4407522,-8.1971536
0.6962484,0.6962484,0.7000000,-6.0291787,-7.6703410
0.7062484,0.7062484,0.7100000,-5.6541929,-7.1863468
0.7162484,0.7162484,0.7200000,-5.3115498,-6.7412884
0.7262484,0.7262484,0.7300000,-4.9975832,-6.3314079
0.7362484,0.7362484,0.7400000,-4.7091259,-5.9533121
0.7462484,0.7462484,0.7500000,-4.4434373,-5.6040629
0.7562484,0.7562484,0.7600000,-4.1981404,-5.2810450
0.7662484,0.7662484,0.7700000,-3.9711670,-4.9818700
0.7762484,0.7762484,0.7800000,-3.7607122,-4.7044099
0.7862484,0.7862484,0.7900000,-3.5651945,-4.4467893
0.7962484,0.7962484,0.8000000,-3.3832239,-4.2073008
0.8062484,0.8062484,0.8100000,-3.2135737,-3.9843375
0.8162484,0.8162484,0.8200000,-3.0551579,-3.7765107
0.8262484,0.8262484,0.8300000,-2.9070115,-3.5825671
0.8362484,0.8362484,0.8400000,-2.7682740,-3.4013741
0.8462484,0.8462484,0.8500000,-2.6381761,-3.2319068
0.8562484,0.8562484,0.8600000,-2.5160275,-3.0732365
0.8662484,0.8662484,0.8700000,-2.4012072,-2.9245208
0.8762484,0.8762484,0.8800000,-2.2931550,-2.7849942
0.8862484,0.8862484,0.8900000,-2.1913643,-2.6539607
0.8962484,0.8962484,0.9000000,-2.0953756,-2.5307862
0.9062484,0.9062484,0.9100000,-2.0047714,-2.4148923
0.9162484,0.9162484,0.9200000,-1.9191716,-2.3057511
0.9262484,0.9262484,0.9300000,-1.8382291,-2.2028797
0.9362484,0.9362484,0.9400000,-1.7616266,-2.1058361
0.9462484,0.9462484,0.9500000,-1.6890734,-2.0142151
0.9562484,0.9562484,0.9600000,-1.6203027,-1.9276451
0.9662484,0.9662484,0.9700000,-1.5550693,-1.8457845
0.9762484,0.9762484,0.9800000,-1.4931474,-1.7683190
0.9862484,0.9862484,0.9900000,-1.4343288,-1.6949594
0.9962484,0.9962484,1.0000000,-1.3784211,-1.6254388
1.0062484,1.0062484,1.0100000,-1.3252467,-1.5595112
1.0162484,1.0162484,1.0200000,-1.2746409,-1.4969492
1.0262484,1.0262484,1.0300000,-1.2264511,-1.4375424
1.0362484,1.0362484,1.0400000,-1.1805356,-1.3810960
1.0462484,1.0462484,1.0500000,-1.1367630,-1.3274298
1.0562484,1.0562484,1.0600000,-1.0950106,-1.2763763
1.0662484,1.0662484,1.0700000,-1.0551646,-1.2277800
1.0762484,1.0762484,1.0800000,-1.0171187,-1.1814967
1.0862484,1.0862484,1.0900000,-0.9807736,-1.1373919
1.0962484,1.0962484,1.1000000,-0.9460368,-1.0953406
1.1062484,1.1062484,1.1100000,-0.9128218,-1.0552262
1.1162484,1.1162484,1.1200000,-0.8810475,-1.0169402
1.1262484,1.1262484,1.1300000,-0.8506381,-0.9803810
1.1362484,1.1362484,1.1400000,-0.8215225,-0.9454540
1.1462484,1.1462484,1.1500000,-0.7936340,-0.9120704
1.1562484,1.1562484,1.1600000,-0.7669101,-0.8801475
1.1662484,1.1662484,1.1700000,-0.7412920,-0.8496078
1.1762484,1.1762484,1.1800000,-0.7167245,-0.8203783
1.1862484,1.1862484,1.1900000,-0.6931556,-0.7923911
1.1962484,1.1962484,1.2000000,-0.6705363,-0.7655822
1.2062484,1.2062484,1.2100000,-0.6488207,-0.7398915
1.2162484,1.2162484,1.2200000,-0.6279652,-0.7152625
1.2262484,1.2262484,1.2300000,-0.6079289,-0.6916423
1.2362484,1.2362484,1.2400000,-0.5886732,-0.6689809
1.2462484,1.2462484,1.2500000,-0.5701616,-0.6472313
1.2562484,1.2562484,1.2600000,-0.5523596,-0.6263493
1.2662484,1.2662484,1.2700000,-0.5352347,-0.6062931
1.2762484,1.2762484,1.2800000,-0.5187559,-0.5870235
1.2862484,1.2862484,1.2900000,-0.5028941,-0.5685032
1.2962484,1.2962484,1.3000000,-0.4876218,-0.5506973
1.3062484,1.3062484,1.3100000,-0.4729127,-0.5335725
1.3162484,1.3162484,1.3200000,-0.4587420,-0.5170977
1.3262484,1.3262484,1.3300000,-0.4450863,-0.5012432
1.3362484,1.3362484,1.3400000,-0.4319232,-0.4859809
1.3462484,1.3462484,1.3500000,-0.4192316,-0.4712844
1.3562484,1.3562484,1.3600000,-0.4069913,-0.4571285
1.3662484,1.3662484,1.3700000,-0.3951833,-0.4434895
1.3762484,1.3762484,1.3800000,-0.3837894,-0.4303447
1.3862484,1.3862484,1.3900000,-0.3727923,-0.4176728
1.3962484,1.3962484,1.4000000,-0.3621757,-0.4054534
1.4062484,1.4062484,1.4100000,-0.3519239,-0.3936672
1.4162484,1.4162484,1.4200000,-0.3420221,-0.3822960
1.4262484,1.4262484,1.4300000,-0.3324560,-0.3713222
1.4362484,1.4362484,1.4400000,-0.3232122,-0.3607294
1.4462484,1.4462484,1.4500000,-0.3142779,-0.3505018
1.4562484,1.4562484,1.4600000,-0.3056407,-0.3406244
1.4662484,1.4662484,1.4700000,-0.2972891,-0.3310830
1.4762484,1.4762484,1.4800000,-0.2892117,-0.3218639
1.4862484,1.4862484,1.4900000,-0.2813981,-0.3129543
1.4962484,1.4962484,1.5000000,-0.2738379,-0.3043418
1.5062484,1.5062484,1.5100000,-0.2665216,-0.2960146
1.5162484,1.5162484,1.5200000,-0.2594398,-0.2879616
1.5262484,1.5262484,1.5300000,-0.2525836,-0.2801720
1.5362484,1.5362484,1.5400000,-0.2459447,-0.2726358
1.5462484,1.5462484,1.5500000,-0.2395148,-0.2653430
1.5562484,1.5562484,1.5600000,-0.2332862,-0.2582844
1.5662484,1.5662484,1.5700000,-0.2272516,-0.2514511
1.5762484,1.5762484,1.5800000,-0.2214038,-0.2448346
1.5862484,1.5862484,1.5900000,-0.2157360,-0.2384269
1.5962484,1.5962484,1.6000000,-0.2102416,-0.2322200
