# r[nm],d[nm],daligned[nm],UWater(d)[kj/mol]
-0.0974684,-0.0974684,0.1243729,1419.8907922
-0.0874684,-0.0874684,0.1343729,891.4994858
-0.0774684,-0.0774684,0.1443729,564.0413910
-0.0674684,-0.0674684,0.1543729,358.3224474
-0.0574684,-0.0574684,0.1643729,227.6778931
-0.0474684,-0.0474684,0.1743729,144.0637416
-0.0374684,-0.0374684,0.1843729,90.3178812
-0.0274684,-0.0274684,0.1943729,55.7308705
-0.0174684,-0.0174684,0.2043729,33.2794910
-0.0074684,-0.0074684,0.2143729,18.3613333
0.0025316,0.0025316,0.2243729,8.3696259
0.0125316,0.0125316,0.2343729,1.6582799
0.0225316,0.0225316,0.2443729,-2.8813348
0.0325316,0.0325316,0.2543729,-6.0242245
0.0425316,0.0425316,0.2643729,-8.2987077
0.0525316,0.0525316,0.2743729,-10.0097629
0.0625316,0.0625316,0.2843729,-11.3161099
0.0725316,0.0725316,0.2943729,-12.3312927
0.0825316,0.0825316,0.3043729,-13.1399052
0.0925316,0.0925316,0.3143729,-13.7845883
0.1025316,0.1025316,0.3243729,-14.2769799
0.1125316,0.1125316,0.3343729,-14.6229115
0.1225316,0.1225316,0.3443729,-14.8405842
0.1325316,0.1325316,0.3543729,-14.9511796
0.1425316,0.1425316,0.3643729,-14.9666601
0.1525316,0.1525316,0.3743729,-14.8881379
0.1625316,0.1625316,0.3843729,-14.7146867
0.1725316,0.1725316,0.3943729,-14.4537826
0.1825316,0.1825316,0.4043729,-14.1180059
0.1925316,0.1925316,0.4143729,-13.7157919
0.2025316,0.2025316,0.4243729,-13.2541192
0.2125316,0.2125316,0.4343729,-12.7425692
0.2225316,0.2225316,0.4443729,-12.1919976
0.2325316,0.2325316,0.4543729,-11.6137756
0.2425316,0.2425316,0.4643729,-11.0199634
0.2525316,0.2525316,0.4743729,-10.4227517
0.2625316,0.2625316,0.4843729,-9.8335692
0.2725316,0.2725316,0.4943729,-9.2611347
0.2825316,0.2825316,0.5043729,-8.7094515
0.2925316,0.2925316,0.5143729,-8.1789718
0.3025316,0.3025316,0.5243729,-7.6696498
0.3125316,0.3125316,0.5343729,-7.1815707
0.3225316,0.3225316,0.5443729,-6.7137843
0.3325316,0.3325316,0.5543729,-6.2647664
0.3425316,0.3425316,0.5643729,-5.8341541
0.3525316,0.3525316,0.5743729,-5.4230812
0.3625316,0.3625316,0.5843729,-5.0333380
0.3725316,0.3725316,0.5943729,-4.6667678
0.3825316,0.3825316,0.6043729,-4.3248307
0.3925316,0.3925316,0.6143729,-4.0082037
0.4025316,0.4025316,0.6243729,-3.7166410
0.4125316,0.4125316,0.6343729,-3.4491282
0.4225316,0.4225316,0.6443729,-3.2041596
0.4325316,0.4325316,0.6543729,-2.9799940
0.4425316,0.4425316,0.6643729,-2.7748345
0.4525316,0.4525316,0.6743729,-2.5869385
0.4625316,0.4625316,0.6843729,-2.4146738
0.4725316,0.4725316,0.6943729,-2.2565440
0.4825316,0.4825316,0.7043729,-2.1111935
0.4925316,0.4925316,0.7143729,-1.9774031
0.5025316,0.5025316,0.7243729,-1.8540805
0.5125316,0.5125316,0.7343729,-1.7402487
0.5225316,0.5225316,0.7443729,-1.6350343
0.5325316,0.5325316,0.7543729,-1.5376561
0.5425316,0.5425316,0.7643729,-1.4474149
0.5525316,0.5525316,0.7743729,-1.3636839
0.5625316,0.5625316,0.7843729,-1.2859005
0.5725316,0.5725316,0.7943729,-1.2135589
0.5825316,0.5825316,0.8043729,-1.1462036
0.5925316,0.5925316,0.8143729,-1.0834237
0.6025316,0.6025316,0.8243729,-1.0248479
0.6125316,0.6125316,0.8343729,-0.9701402
0.6225316,0.6225316,0.8443729,-0.9189959
0.6325316,0.6325316,0.8543729,-0.8711385
0.6425316,0.6425316,0.8643729,-0.8263165
0.6525316,0.6525316,0.8743729,-0.7843009
0.6625316,0.6625316,0.8843729,-0.7448829
0.6725316,0.6725316,0.8943729,-0.7078717
0.6825316,0.6825316,0.9043729,-0.6730930
0.6925316,0.6925316,0.9143729,-0.6403870
0.7025316,0.7025316,0.9243729,-0.6096074
0.7125316,0.7125316,0.9343729,-0.5806198
0.7225316,0.7225316,0.9443729,-0.5533007
0.7325316,0.7325316,0.9543729,-0.5275367
0.7425316,0.7425316,0.9643729,-0.5032230
0.7525316,0.7525316,0.9743729,-0.4802632
0.7625316,0.7625316,0.9843729,-0.4585683
0.7725316,0.7725316,0.9943729,-0.4380561
0.7825316,0.7825316,1.0043729,-0.4186506
0.7925316,0.7925316,1.0143729,-0.4002814
0.8025316,0.8025316,1.0243729,-0.3828833
0.8125316,0.8125316,1.0343729,-0.3663958
0.8225316,0.8225316,1.0443729,-0.3507629
0.8325316,0.8325316,1.0543729,-0.3359325
0.8425316,0.8425316,1.0643729,-0.3218561
0.8525316,0.8525316,1.0743729,-0.3084886
0.8625316,0.8625316,1.0843729,-0.2957881
0.8725316,0.8725316,1.0943729,-0.2837156
0.8825316,0.8825316,1.1043729,-0.2722345
0.8925316,0.8925316,1.1143729,-0.2613109
0.9025316,0.9025316,1.1243729,-0.2509130
0.9125316,0.9125316,1.1343729,-0.2410112
0.9225316,0.9225316,1.1443729,-0.2315777
0.9325316,0.9325316,1.1543729,-0.2225865
0.9425316,0.9425316,1.1643729,-0.2140134
0.9525316,0.9525316,1.1743729,-0.2058356
0.9625316,0.9625316,1.1843729,-0.1980317
0.9725316,0.9725316,1.1943729,-0.1905818
0.9825316,0.9825316,1.2043729,-0.1834671
0.9925316,0.9925316,1.2143729,-0.1766698
1.0025316,1.0025316,1.2243729,-0.1701736
1.0125316,1.0125316,1.2343729,-0.1639627
1.0225316,1.0225316,1.2443729,-0.1580226
1.0325316,1.0325316,1.2543729,-0.1523394
1.0425316,1.0425316,1.2643729,-0.1469002
1.0525316,1.0525316,1.2743729,-0.1416927
1.0625316,1.0625316,1.2843729,-0.1367055
1.0725316,1.0725316,1.2943729,-0.1319276
1.0825316,1.0825316,1.3043729,-0.1273487
1.0925316,1.0925316,1.3143729,-0.1229594
1.1025316,1.1025316,1.3243729,-0.1187503
1.1125316,1.1125316,1.3343729,-0.1147128
1.1225316,1.1225316,1.3443729,-0.1108388
1.1325316,1.1325316,1.3543729,-0.1071206
1.1425316,1.1425316,1.3643729,-0.1035509
1.1525316,1.1525316,1.3743729,-0.1001228
1.1625316,1.1625316,1.3843729,-0.0968297
1.1725316,1.1725316,1.3943729,-0.0936655
1.1825316,1.1825316,1.4043729,-0.0906242
1.1925316,1.1925316,1.4143729,-0.0877004
1.2025316,1.2025316,1.4243729,-0.0848887
1.2125316,1.2125316,1.4343729,-0.0821841
1.2225316,1.2225316,1.4443729,-0.0795819
1.2325316,1.2325316,1.4543729,-0.0770776
1.2425316,1.2425316,1.4643729,-0.0746670
1.2525316,1.2525316,1.4743729,-0.0723458
1.2625316,1.2625316,1.4843729,-0.0701104
1.2725316,1.2725316,1.4943729,-0.0679569
1.2825316,1.2825316,1.5043729,-0.0658819
1.2925316,1.2925316,1.5143729,-0.0638822
1.3025316,1.3025316,1.5243729,-0.0619544
1.3125316,1.3125316,1.5343729,-0.0600957
1.3225316,1.3225316,1.5443729,-0.0583031
1.3325316,1.3325316,1.5543729,-0.0565739
1.3425316,1.3425316,1.5643729,-0.0549055
1.3525316,1.3525316,1.5743729,-0.0532954
1.3625316,1.3625316,1.5843729,-0.0517414
1.3725316,1.3725316,1.5943729,-0.0502410
1.3825316,1.3825316,1.6043729,-0.0487921
1.3925316,1.3925316,1.6143729,-0.0473928
1.4025316,1.4025316,1.6243729,-0.0460410
1.4125316,1.4125316,1.6343729,-0.0447349
1.4225316,1.4225316,1.6443729,-0.0434727
1.4325316,1.4325316,1.6543729,-0.0422527
1.4425316,1.4425316,1.6643729,-0.0410732
1.4525316,1.4525316,1.6743729,-0.0399326
1.4625316,1.4625316,1.6843729,-0.0388296
1.4725316,1.4725316,1.6943729,-0.0377626
1.4825316,1.4825316,1.7043729,-0.0367303
1.4925316,1.4925316,1.7143729,-0.0357315
1.5025316,1.5025316,1.7243729,-0.0347647
1.5125316,1.5125316,1.7343729,-0.0338289
1.5225316,1.5225316,1.7443729,-0.0329229
1.5325316,1.5325316,1.7543729,-0.0320456
1.5425316,1.5425316,1.7643729,-0.0311960
1.5525316,1.5525316,1.7743729,-0.0303730
1.5625316,1.5625316,1.7843729,-0.0295757
1.5725316,1.5725316,1.7943729,-0.0288031
1.5825316,1.5825316,1.8043729,-0.0280544
1.5925316,1.5925316,1.8143729,-0.0273287
1.6025316,1.6025316,1.8243729,-0.0266252
1.6125316,1.6125316,1.8343729,-0.0259431
1.6225316,1.6225316,1.8443729,-0.0252817
1.6325316,1.6325316,1.8543729,-0.0246402
1.6425316,1.6425316,1.8643729,-0.0240179
1.6525316,1.6525316,1.8743729,-0.0234142
1.6625316,1.6625316,1.8843729,-0.0228284
1.6725316,1.6725316,1.8943729,-0.0222600
1.6825316,1.6825316,1.9043729,-0.0217083
1.6925316,1.6925316,1.9143729,-0.0211727
1.7025316,1.7025316,1.9243729,-0.0206528
1.7125316,1.7125316,1.9343729,-0.0201479
1.7225316,1.7225316,1.9443729,-0.0196576
1.7325316,1.7325316,1.9543729,-0.0191815
1.7425316,1.7425316,1.9643729,-0.0187189
1.7525316,1.7525316,1.9743729,-0.0182695
1.7625316,1.7625316,1.9843729,-0.0178329
1.7725316,1.7725316,1.9943729,-0.0174086
1.7825316,1.7825316,2.0043729,-0.0169962
1.7925316,1.7925316,2.0143729,-0.0165954
1.8025316,1.8025316,2.0243729,-0.0162057
1.8125316,1.8125316,2.0343729,-0.0158269
1.8225316,1.8225316,2.0443729,-0.0154585
1.8325316,1.8325316,2.0543729,-0.0151002
1.8425316,1.8425316,2.0643729,-0.0147517
1.8525316,1.8525316,2.0743729,-0.0144128
1.8625316,1.8625316,2.0843729,-0.0140830
1.8725316,1.8725316,2.0943729,-0.0137622
1.8825316,1.8825316,2.1043729,-0.0134500
1.8925316,1.8925316,2.1143729,-0.0131461
1.9025316,1.9025316,2.1243729,-0.0128504
1.9125316,1.9125316,2.1343729,-0.0125625
1.9225316,1.9225316,2.1443729,-0.0122822
1.9325316,1.9325316,2.1543729,-0.0120094
1.9425316,1.9425316,2.1643729,-0.0117437
1.9525316,1.9525316,2.1743729,-0.0114849
1.9625316,1.9625316,2.1843729,-0.0112329
1.9725316,1.9725316,2.1943729,-0.0109874
1.9825316,1.9825316,2.2043729,-0.0107482
1.9925316,1.9925316,2.2143729,-0.0105152
