# r[nm],d[nm],daligned[nm],UwaterUCD(d)[kj/mol]
-0.2174684,-0.2174684,0.0036000,175668.3300151
-0.2074684,-0.2074684,0.0136000,148206.6344570
-0.1974684,-0.1974684,0.0236000,103318.0408108
-0.1874684,-0.1874684,0.0336000,71046.4367379
-0.1774684,-0.1774684,0.0436000,48389.2870667
-0.1674684,-0.1674684,0.0536000,31200.3551948
-0.1574684,-0.1574684,0.0636000,20116.4183518
-0.1474684,-0.1474684,0.0736000,13017.9143753
-0.1374684,-0.1374684,0.0836000,8434.6773653
-0.1274684,-0.1274684,0.0936000,5467.7311235
-0.1174684,-0.1174684,0.1036000,3545.4100252
-0.1074684,-0.1074684,0.1136000,2299.2673579
-0.0974684,-0.0974684,0.1236000,1516.8057762
-0.0874684,-0.0874684,0.1336000,954.5773452
-0.0774684,-0.0774684,0.1436000,594.0312856
-0.0674684,-0.0674684,0.1536000,375.3297328
-0.0574684,-0.0574684,0.1636000,240.6758410
-0.0474684,-0.0474684,0.1736000,156.6157163
-0.0374684,-0.0374684,0.1836000,103.3852686
-0.0274684,-0.0274684,0.1936000,68.9864746
-0.0174684,-0.0174684,0.2036000,45.8769400
-0.0074684,-0.0074684,0.2136000,29.6394897
0.0025316,0.0025316,0.2236000,18.2584293
0.0125316,0.0125316,0.2336000,10.5248219
0.0225316,0.0225316,0.2436000,5.2176986
0.0325316,0.0325316,0.2536000,1.0369432
0.0425316,0.0425316,0.2636000,-3.0884796
0.0525316,0.0525316,0.2736000,-7.4733862
0.0625316,0.0625316,0.2836000,-11.2916232
0.0725316,0.0725316,0.2936000,-14.0507481
0.0825316,0.0825316,0.3036000,-15.9473164
0.0925316,0.0925316,0.3136000,-17.3356753
0.1025316,0.1025316,0.3236000,-18.5538399
0.1125316,0.1125316,0.3336000,-19.6185716
0.1225316,0.1225316,0.3436000,-20.2662797
0.1325316,0.1325316,0.3536000,-20.5459410
0.1425316,0.1425316,0.3636000,-20.6668369
0.1525316,0.1525316,0.3736000,-20.4666367
0.1625316,0.1625316,0.3836000,-19.7413220
0.1725316,0.1725316,0.3936000,-18.6385202
0.1825316,0.1825316,0.4036000,-17.4730652
0.1925316,0.1925316,0.4136000,-16.3522690
0.2025316,0.2025316,0.4236000,-15.2432721
0.2125316,0.2125316,0.4336000,-14.1799651
0.2225316,0.2225316,0.4436000,-13.1966531
0.2325316,0.2325316,0.4536000,-12.2939016
0.2425316,0.2425316,0.4636000,-11.4612259
0.2525316,0.2525316,0.4736000,-10.6660645
0.2625316,0.2625316,0.4836000,-9.8378104
0.2725316,0.2725316,0.4936000,-8.9620580
0.2825316,0.2825316,0.5036000,-8.0860130
0.2925316,0.2925316,0.5136000,-7.2611358
0.3025316,0.3025316,0.5236000,-6.5172711
0.3125316,0.3125316,0.5336000,-5.8635776
0.3225316,0.3225316,0.5436000,-5.2965838
0.3325316,0.3325316,0.5536000,-4.8070727
0.3425316,0.3425316,0.5636000,-4.3842475
0.3525316,0.3525316,0.5736000,-4.0177790
0.3625316,0.3625316,0.5836000,-3.6986013
0.3725316,0.3725316,0.5936000,-3.4190789
0.3825316,0.3825316,0.6036000,-3.1729049
0.3925316,0.3925316,0.6136000,-2.9549097
0.4025316,0.4025316,0.6236000,-2.7608598
0.4125316,0.4125316,0.6336000,-2.5872792
0.4225316,0.4225316,0.6436000,-2.4313000
0.4325316,0.4325316,0.6536000,-2.2905424
0.4425316,0.4425316,0.6636000,-2.1630194
0.4525316,0.4525316,0.6736000,-2.0470616
0.4625316,0.4625316,0.6836000,-1.9412576
0.4725316,0.4725316,0.6936000,-1.8444077
0.4825316,0.4825316,0.7036000,-1.7554860
0.4925316,0.4925316,0.7136000,-1.6736108
0.5025316,0.5025316,0.7236000,-1.5980208
0.5125316,0.5125316,0.7336000,-1.5280557
0.5225316,0.5225316,0.7436000,-1.4631404
0.5325316,0.5325316,0.7536000,-1.4027717
0.5425316,0.5425316,0.7636000,-1.3465083
0.5525316,0.5525316,0.7736000,-1.2939612
0.5625316,0.5625316,0.7836000,-1.2447871
0.5725316,0.5725316,0.7936000,-1.1986815
0.5825316,0.5825316,0.8036000,-1.1553738
0.5925316,0.5925316,0.8136000,-1.1146230
0.6025316,0.6025316,0.8236000,-1.0762138
0.6125316,0.6125316,0.8336000,-1.0399533
0.6225316,0.6225316,0.8436000,-1.0056684
0.6325316,0.6325316,0.8536000,-0.9732034
0.6425316,0.6425316,0.8636000,-0.9424179
0.6525316,0.6525316,0.8736000,-0.9131852
0.6625316,0.6625316,0.8836000,-0.8853906
0.6725316,0.6725316,0.8936000,-0.8589300
0.6825316,0.6825316,0.9036000,-0.8337090
0.6925316,0.6925316,0.9136000,-0.8096416
0.7025316,0.7025316,0.9236000,-0.7866495
0.7125316,0.7125316,0.9336000,-0.7646613
0.7225316,0.7225316,0.9436000,-0.7436115
0.7325316,0.7325316,0.9536000,-0.7234403
0.7425316,0.7425316,0.9636000,-0.7040928
0.7525316,0.7525316,0.9736000,-0.6855187
0.7625316,0.7625316,0.9836000,-0.6676716
0.7725316,0.7725316,0.9936000,-0.6505088
0.7825316,0.7825316,1.0036000,-0.6339911
0.7925316,0.7925316,1.0136000,-0.6180820
0.8025316,0.8025316,1.0236000,-0.6027481
0.8125316,0.8125316,1.0336000,-0.5879582
0.8225316,0.8225316,1.0436000,-0.5736836
0.8325316,0.8325316,1.0536000,-0.5598975
0.8425316,0.8425316,1.0636000,-0.5465751
0.8525316,0.8525316,1.0736000,-0.5336933
0.8625316,0.8625316,1.0836000,-0.5212306
0.8725316,0.8725316,1.0936000,-0.5091669
0.8825316,0.8825316,1.1036000,-0.4974836
0.8925316,0.8925316,1.1136000,-0.4861632
0.9025316,0.9025316,1.1236000,-0.4751892
0.9125316,0.9125316,1.1336000,-0.4645464
0.9225316,0.9225316,1.1436000,-0.4542204
0.9325316,0.9325316,1.1536000,-0.4441978
0.9425316,0.9425316,1.1636000,-0.4344658
0.9525316,0.9525316,1.1736000,-0.4250125
0.9625316,0.9625316,1.1836000,-0.4158268
0.9725316,0.9725316,1.1936000,-0.4068980
0.9825316,0.9825316,1.2036000,-0.3982162
0.9925316,0.9925316,1.2136000,-0.3897719
1.0025316,1.0025316,1.2236000,-0.3815563
1.0125316,1.0125316,1.2336000,-0.3735608
1.0225316,1.0225316,1.2436000,-0.3657775
1.0325316,1.0325316,1.2536000,-0.3581989
1.0425316,1.0425316,1.2636000,-0.3508177
1.0525316,1.0525316,1.2736000,-0.3436271
1.0625316,1.0625316,1.2836000,-0.3366206
1.0725316,1.0725316,1.2936000,-0.3297920
1.0825316,1.0825316,1.3036000,-0.3231355
1.0925316,1.0925316,1.3136000,-0.3166453
1.1025316,1.1025316,1.3236000,-0.3103162
1.1125316,1.1125316,1.3336000,-0.3041430
1.1225316,1.1225316,1.3436000,-0.2981209
1.1325316,1.1325316,1.3536000,-0.2922451
1.1425316,1.1425316,1.3636000,-0.2865112
1.1525316,1.1525316,1.3736000,-0.2809149
1.1625316,1.1625316,1.3836000,-0.2754521
1.1725316,1.1725316,1.3936000,-0.2701188
1.1825316,1.1825316,1.4036000,-0.2649112
1.1925316,1.1925316,1.4136000,-0.2598257
1.2025316,1.2025316,1.4236000,-0.2548588
1.2125316,1.2125316,1.4336000,-0.2500072
1.2225316,1.2225316,1.4436000,-0.2452675
1.2325316,1.2325316,1.4536000,-0.2406367
1.2425316,1.2425316,1.4636000,-0.2361117
1.2525316,1.2525316,1.4736000,-0.2316897
1.2625316,1.2625316,1.4836000,-0.2273679
1.2725316,1.2725316,1.4936000,-0.2231435
1.2825316,1.2825316,1.5036000,-0.2190139
1.2925316,1.2925316,1.5136000,-0.2149767
1.3025316,1.3025316,1.5236000,-0.2110295
1.3125316,1.3125316,1.5336000,-0.2071697
1.3225316,1.3225316,1.5436000,-0.2033952
1.3325316,1.3325316,1.5536000,-0.1997038
1.3425316,1.3425316,1.5636000,-0.1960933
1.3525316,1.3525316,1.5736000,-0.1925617
1.3625316,1.3625316,1.5836000,-0.1891070
1.3725316,1.3725316,1.5936000,-0.1857272
1.3825316,1.3825316,1.6036000,-0.1824204
1.3925316,1.3925316,1.6136000,-0.1791848
1.4025316,1.4025316,1.6236000,-0.1760187
1.4125316,1.4125316,1.6336000,-0.1729203
1.4225316,1.4225316,1.6436000,-0.1698880
1.4325316,1.4325316,1.6536000,-0.1669201
1.4425316,1.4425316,1.6636000,-0.1640152
1.4525316,1.4525316,1.6736000,-0.1611715
1.4625316,1.4625316,1.6836000,-0.1583877
1.4725316,1.4725316,1.6936000,-0.1556623
1.4825316,1.4825316,1.7036000,-0.1529940
1.4925316,1.4925316,1.7136000,-0.1503813
1.5025316,1.5025316,1.7236000,-0.1478229
1.5125316,1.5125316,1.7336000,-0.1453176
1.5225316,1.5225316,1.7436000,-0.1428640
1.5325316,1.5325316,1.7536000,-0.1404610
1.5425316,1.5425316,1.7636000,-0.1381074
1.5525316,1.5525316,1.7736000,-0.1358020
1.5625316,1.5625316,1.7836000,-0.1335437
1.5725316,1.5725316,1.7936000,-0.1313314
1.5825316,1.5825316,1.8036000,-0.1291640
1.5925316,1.5925316,1.8136000,-0.1270405
