# r[nm],d[nm],daligned[nm],UC(d)[kJ/mol],UK(d)[kJ/mol],UCl(d)[kJ/mol],UC2A(d)[kJ/mol],UC4A(d)[kJ/mol],UCPlus(d)[kJ/mol],UCMinus(d)[kJ/mol],UCMoreLJ(d)[kJ/mol],UCLessLJ(d)[kJ/mol]
-0.8890250,-0.8890250,-0.6828214,1469.5242162,-5124.7482216,11894.7939148,73.4999673,4381.0055978,-1505.8216427,4278.6748475,1729.5349320,1099.6027349
-0.8840250,-0.8840250,-0.6778214,1522.6267191,-5105.6861595,12117.8552631,76.0150352,4537.7015741,-1474.9019721,4331.7243002,1792.1342291,1139.1938540
-0.8790250,-0.8790250,-0.6728214,1595.1885874,-5080.1983563,12431.6944477,79.2926782,4758.0020822,-1433.6298757,4406.3674718,1863.7373449,1192.8569798
-0.8740250,-0.8740250,-0.6678214,1647.8781297,-5048.7329444,12838.3670653,82.9121302,4910.6255549,-1382.7273340,4446.3590324,1924.1443466,1232.5768338
-0.8690250,-0.8690250,-0.6628214,1707.9072659,-5011.8385924,12848.9235742,86.1291981,5088.9485375,-1323.0793132,4447.9125085,1994.9090216,1277.3323456
-0.8640250,-0.8640250,-0.6578214,1672.3271847,-4970.1546378,12815.3884781,86.4738018,4895.3159266,-1278.1317269,4461.4961211,1952.9658414,1250.8051494
-0.8590250,-0.8590250,-0.6528214,1466.2715735,-5049.5545094,11987.9419323,77.0176884,4305.8559393,-1461.6447676,4311.7316867,1725.7005907,1097.1776848
-0.8540250,-0.8540250,-0.6478214,1305.2099656,-5128.1981864,11333.9238268,68.1805748,3844.4681059,-1623.6073278,4176.3730480,1535.8349176,977.0960895
-0.8490250,-0.8490250,-0.6428214,1179.2775500,-5187.4700492,10822.0536384,61.1310043,3483.2192874,-1750.3647499,4074.2720711,1387.3808996,883.2055245
-0.8440250,-0.8440250,-0.6378214,1080.8488888,-5231.9260704,10421.5979450,55.5264151,3200.4695502,-1865.1879810,3936.7610247,1271.3493745,809.8207446
-0.8390250,-0.8390250,-0.6328214,1004.0046467,-5265.1442199,10009.7271823,51.0401287,2979.3818510,-1942.7184074,3828.3189064,1180.7624001,752.5285113
-0.8340250,-0.8340250,-0.6278214,944.1354817,-5290.8717259,9660.6554053,47.4238955,2806.8145030,-2003.2101496,3743.5711445,1110.1863348,707.8917806
-0.8290250,-0.8290250,-0.6228214,897.5774907,-5321.4837639,9391.6253802,44.5130875,2672.5014135,-2050.2589573,3678.2698126,1055.3480328,673.0612474
-0.8240250,-0.8240250,-0.6178214,856.2589394,-5345.2222354,9189.2184860,42.1944658,2535.0712343,-2086.6595318,3629.1375244,1006.7335449,642.1146442
-0.8190250,-0.8190250,-0.6128214,820.2805538,-5363.4638828,9043.1578103,40.3836116,2431.1901281,-2114.5642253,3593.6706996,964.1886600,615.5197821
-0.8140250,-0.8140250,-0.6078214,795.8100129,-5389.4627680,8945.7391080,39.0490133,2361.4905890,-2135.5988745,3569.9964038,935.3362356,597.2957469
-0.8090250,-0.8090250,-0.6028214,781.7709328,-5422.8665459,8891.4279134,38.2108075,2322.0811790,-2150.9466078,3556.7709907,918.7871840,586.8254516
-0.8040250,-0.8040250,-0.5978214,777.2653710,-5438.8384768,8876.5902387,37.8652419,2310.4073169,-2161.4074338,3553.1122429,913.4934538,583.4150619
-0.7990250,-0.7990250,-0.5928214,780.5677110,-5437.8621468,8899.3344574,37.9381106,2325.1396920,-2167.4389481,3545.3227327,917.6680099,585.5090295
-0.7940250,-0.7940250,-0.5878214,781.2377332,-5419.7475480,8959.4499551,38.3297318,2328.3796215,-2169.1814317,3537.7004950,918.1626724,586.4134187
-0.7890250,-0.7890250,-0.5828214,784.1595899,-5397.8500762,9058.4348089,38.9918757,2334.8929894,-2166.4688275,3535.6050770,921.6005193,588.6200628
-0.7840250,-0.7840250,-0.5778214,791.9778325,-5393.0322541,9199.6108526,39.8994126,2355.4939911,-2158.8254813,3539.5144751,930.8169644,594.4491379
-0.7790250,-0.7790250,-0.5728214,805.5100401,-5384.5459623,9281.4352297,40.9264961,2392.5880150,-2145.4470278,3550.4413872,946.7692557,604.5382529
-0.7740250,-0.7740250,-0.5678214,825.9328210,-5371.6626702,9362.6862973,41.9188926,2449.6553601,-2125.1623096,3569.9980405,970.8444246,619.7646544
-0.7690250,-0.7690250,-0.5628214,854.6721206,-5355.8519865,9479.0698479,42.9001755,2531.4301599,-2096.3716530,3600.4901425,1004.8205999,640.9891609
-0.7640250,-0.7640250,-0.5578214,874.2240045,-5349.7375757,9582.1816744,44.0820197,2598.0144407,-2080.7345972,3645.0454940,1027.7726679,655.7634200
-0.7590250,-0.7590250,-0.5528214,900.9722898,-5334.6321923,9699.1682935,45.7384376,2678.9836148,-2054.7327875,3707.7858659,1059.3038599,675.7113835
-0.7540250,-0.7540250,-0.5478214,943.4012843,-5309.3529302,9879.6344094,48.1209684,2804.7341362,-2012.9693684,3794.0542094,1109.3208049,707.3448794
-0.7490250,-0.7490250,-0.5428214,1003.8368282,-5272.3960324,10132.9842774,51.4534098,2981.8951870,-1953.1110355,3910.7132676,1180.5645691,752.4033922
-0.7440250,-0.7440250,-0.5378214,1085.1768142,-5221.8839920,10470.8606010,55.9530599,3218.6757595,-1872.2508359,4011.3222655,1276.4513008,813.0474861
-0.7390250,-0.7390250,-0.5328214,1191.0025228,-5155.4918004,10907.5540019,61.6851654,3525.1546832,-1751.1563291,4117.5202753,1401.2027525,891.9472318
-0.7340250,-0.7340250,-0.5278214,1290.3648963,-5152.3910589,11425.2360507,65.6135550,3846.7998253,-1680.1950545,4245.2837513,1518.3349759,966.0280907
-0.7290250,-0.7290250,-0.5228214,1269.4173513,-5165.3777224,11333.4350670,65.1640759,3782.4863761,-1701.1625938,4224.3561970,1493.6411950,950.4104362
-0.7240250,-0.7240250,-0.5178214,1266.2457275,-5167.0875332,11315.3259461,65.1255037,3769.9756107,-1704.3404374,4221.1907931,1489.9023619,948.0457905
-0.7190250,-0.7190250,-0.5128214,1284.6624071,-5155.1178482,11386.7202657,66.0901732,3820.3700405,-1685.9221473,4239.6058621,1511.6126583,961.7765876
-0.7140250,-0.7140250,-0.5078214,1327.1276821,-5175.4888738,11565.0438002,66.4648052,3945.9098806,-1665.1168182,4205.3457969,1561.9815275,992.9972749
-0.7090250,-0.7090250,-0.5028214,1258.0591486,-5219.8001155,11340.9173755,63.8143327,3754.6091299,-1735.8610263,4112.2507517,1480.2517050,941.9421792
-0.7040250,-0.7040250,-0.4978214,1205.6749447,-5252.7309116,11075.9974046,61.0449516,3598.7299061,-1803.9449399,4036.2992725,1418.4991727,902.8864485
-0.6990250,-0.6990250,-0.4928214,1172.2617712,-5273.9269693,10823.3862843,59.1628001,3499.0095976,-1837.5086118,3976.6020157,1379.1104273,877.9748186
-0.6940250,-0.6940250,-0.4878214,1158.3324061,-5283.0749898,10635.1540150,58.1500154,3456.9474086,-1851.6856679,3932.1917948,1362.6899513,867.5895974
-0.6890250,-0.6890250,-0.4828214,1164.3541824,-5279.8843932,10506.9705123,57.8352595,3473.9070656,-1846.0097370,3902.0409013,1369.7911889,872.0653104
-0.6840250,-0.6840250,-0.4778214,1163.7812789,-5264.0810754,10434.2823562,57.9549415,3478.7873609,-1820.0455814,3885.0702464,1369.1133455,871.6513321
-0.6790250,-0.6790250,-0.4728214,1158.3051338,-5235.4145066,10412.3238215,58.2962355,3462.5802578,-1773.4002079,3880.1517274,1362.6578016,867.5692644
-0.6740250,-0.6740250,-0.4678214,1163.6219503,-5193.6787935,10436.1063597,58.7554953,3478.3682592,-1690.1149479,3886.1054250,1368.9254712,871.5332867
-0.6690250,-0.6690250,-0.4628214,1178.4972319,-5149.2034594,10434.9152904,58.2618142,3522.4821262,-1670.1636101,3867.5093786,1386.4613430,882.6207519
-0.6640250,-0.6640250,-0.4578214,1103.9158387,-5203.5504108,10127.8722974,54.7402203,3270.1706963,-1804.7543123,3801.6041547,1298.5416055,827.0183120
-0.6590250,-0.6590250,-0.4528214,1021.7561472,-5326.3840357,9793.4266776,50.2335262,3018.9173886,-1932.0306354,3742.1760896,1201.9697209,765.3492949
-0.6540250,-0.6540250,-0.4478214,899.7492335,-5433.9504632,9544.8332259,45.5528661,2658.2082521,-2058.1608569,3683.1520078,1057.8620736,674.7995201
-0.6490250,-0.6490250,-0.4428214,803.0996070,-5515.2782748,9277.8466010,40.9406056,2378.8176832,-2156.2352331,3641.4563216,943.9277436,602.7411228
-0.6440250,-0.6440250,-0.4378214,729.4576143,-5575.2710143,8978.3698429,36.9702770,2166.2029654,-2231.3182729,3544.3555853,857.1157052,547.8363689
-0.6390250,-0.6390250,-0.4328214,675.1202000,-5617.3083449,8758.7794456,33.8845266,2009.7086753,-2287.1167712,3465.2791410,793.0606528,507.3243966
-0.6340250,-0.6340250,-0.4278214,637.4693352,-5643.5473613,8580.9698299,31.6924186,1901.7971805,-2326.2513214,3416.9712976,748.6763524,479.2533003
-0.6290250,-0.6290250,-0.4228214,614.7842530,-5655.1074999,8361.5147156,30.3305634,1853.3247320,-2350.4442013,3366.2887150,721.9342972,462.3401396
-0.6240250,-0.6240250,-0.4178214,606.1196953,-5652.1573085,8206.5564271,29.7078981,1829.7956865,-2360.6412174,3329.0593891,711.7201805,455.8801649
-0.6190250,-0.6190250,-0.4128214,611.2383751,-5633.9106052,8105.6635053,29.7137233,1846.6982489,-2357.0793006,3304.8936502,717.7542790,459.6964492
-0.6140250,-0.6140250,-0.4078214,630.4269210,-5598.5294465,8052.0043807,30.2213030,1889.5386772,-2339.3071217,3292.1731505,740.4649203,473.8101567
-0.6090250,-0.6090250,-0.4028214,633.6498612,-5543.6949218,8041.7004582,31.0874080,1891.4979066,-2306.1622750,3289.9910239,744.1738164,476.4054549
-0.6040250,-0.6040250,-0.3978214,640.2539666,-5534.2817504,8073.4271684,32.1759698,1911.6784518,-2255.7052960,3298.0586956,751.9589839,481.3294188
-0.5990250,-0.5990250,-0.3928214,657.4111885,-5544.4622356,8148.2133446,33.4579216,1962.1746065,-2199.9502239,3316.6610349,772.1845828,494.1212107
-0.5940250,-0.5940250,-0.3878214,685.9856163,-5563.6165070,8269.4098209,35.0474146,2045.3627472,-2218.0557302,3346.6531238,805.8692271,515.4252503
-0.5890250,-0.5890250,-0.3828214,727.4477238,-5581.9523934,8442.8153786,36.9797650,2165.3426006,-2242.9334998,3389.4961437,854.7463683,546.3378687
-0.5840250,-0.5840250,-0.3778214,783.7037773,-5596.2419017,8676.9638575,38.7413986,2328.1404001,-2261.2170226,3447.3337885,921.1869091,588.0407887
-0.5790250,-0.5790250,-0.3728214,780.4729650,-5606.1452424,8983.5919907,39.4650617,2341.9208993,-2272.3567588,3523.1145719,917.2545801,585.8715330
-0.5740250,-0.5740250,-0.3678214,779.1931968,-5611.2849784,9378.3248339,39.5948574,2339.2483788,-2275.7440368,3620.7698157,915.7459398,584.9173851
-0.5690250,-0.5690250,-0.3628214,786.4322024,-5611.2390973,9452.2197583,39.9284414,2361.6675376,-2270.7005181,3679.4186478,924.2795604,590.3145207
-0.5640250,-0.5640250,-0.3578214,802.9449111,-5605.5364070,9527.7686439,40.7190665,2411.4427482,-2256.4713433,3703.0713844,943.7453821,602.6257873
-0.5590250,-0.5590250,-0.3528214,829.5633874,-5593.6554750,9645.9993035,42.0332758,2491.0624413,-2232.2238898,3739.1997685,975.1242749,622.4715416
-0.5540250,-0.5540250,-0.3478214,867.1905042,-5575.0282754,9810.7473463,43.8816815,2603.2195498,-2197.0539817,3791.3941218,1019.4805803,650.5249323
-0.5490250,-0.5490250,-0.3428214,916.7844456,-5549.0496365,10026.0712695,46.0785141,2750.7649974,-2150.0012777,3863.9051405,1077.9438427,687.5003457
-0.5440250,-0.5440250,-0.3378214,957.8927463,-5545.2003722,10063.4714736,47.8919815,2848.7941419,-2121.0951157,3827.2404553,1126.4043472,718.1454175
-0.5390250,-0.5390250,-0.3328214,969.4361400,-5544.6968734,9803.0422911,48.5357292,2890.0207249,-2112.5743715,3766.0800519,1140.0118269,726.7540689
-0.5340250,-0.5340250,-0.3278214,950.2811152,-5530.3234068,9621.7746566,48.1521051,2835.7007411,-2082.1733809,3723.7713422,1117.4310166,712.4742273
-0.5290250,-0.5290250,-0.3228214,923.9993133,-5502.7346976,9514.9001787,47.4421277,2758.2873517,-2030.9038359,3699.1712684,1086.4490087,692.8794853
-0.5240250,-0.5240250,-0.3178214,914.3265772,-5462.5201425,9478.2067192,47.1155324,2730.0127159,-1959.6843619,3691.2720561,1075.0464121,685.6678501
-0.5190250,-0.5190250,-0.3128214,920.3993226,-5497.9703282,9508.0669981,47.4081814,2748.3328975,-2015.1144560,3699.2079284,1082.2052000,690.1954651
-0.5140250,-0.5140250,-0.3078214,941.4854404,-5564.5269447,9601.3907749,47.8124554,2811.0829831,-2113.1931612,3722.2435575,1107.0623339,705.9164892
-0.5090250,-0.5090250,-0.3028214,914.8878549,-5614.3262066,9755.5099448,46.6460229,2722.0775351,-2185.0498804,3759.7464842,1075.7080680,686.0863180
-0.5040250,-0.5040250,-0.2978214,867.0179113,-5650.6007515,9862.4590261,44.4303786,2586.5469910,-2235.7286438,3801.1068904,1019.2771210,650.3962534
-0.4990250,-0.4990250,-0.2928214,836.1823317,-5675.9853539,9745.2556365,42.6449554,2500.0395306,-2269.3486220,3780.9287577,982.9269432,627.4063824
-0.4940250,-0.4940250,-0.2878214,818.9785353,-5692.6514024,9515.0292643,41.4885899,2452.8153290,-2289.3119532,3724.9758525,962.6464405,614.5798662
-0.4890250,-0.4890250,-0.2828214,812.5597371,-5702.4107604,9348.4079558,40.8190073,2436.6967165,-2298.4642122,3685.6769578,955.0797121,609.7942467
-0.4840250,-0.4840250,-0.2778214,814.5135790,-5706.7943677,9237.1105138,40.4026090,2444.7297642,-2299.2157244,3659.6637889,957.3831896,611.2487972
-0.4790250,-0.4790250,-0.2728214,819.3330516,-5707.1099643,9169.8114883,39.6302765,2447.4950240,-2293.6304538,3644.2188233,963.3217375,614.4250264
-0.4740250,-0.4740250,-0.2678214,752.3117485,-5704.4825937,8925.2944820,37.6597281,2240.1905545,-2283.4881098,3602.2392716,884.0570453,564.8755684
-0.4690250,-0.4690250,-0.2628214,692.3515679,-5699.8810448,8681.4437714,35.1316812,2065.7198716,-2270.3243631,3544.4731613,813.3736579,520.1714691
-0.4640250,-0.4640250,-0.2578214,649.2419208,-5707.4834983,8506.7844413,33.0113524,1939.9091433,-2266.6579525,3503.5524300,762.5543331,488.0305060
-0.4590250,-0.4590250,-0.2528214,621.3216296,-5750.8304360,8394.7386121,31.5750646,1858.1104078,-2331.2746214,3477.8254202,729.6408105,467.2141665
-0.4540250,-0.4540250,-0.2478214,607.6378161,-5775.2189060,8341.6013293,30.8605877,1833.3392967,-2365.6790794,3466.3479545,713.5098001,457.0120198
-0.4490250,-0.4490250,-0.2428214,607.9236871,-5781.8745825,8346.4723675,30.8647927,1833.6618401,-2371.7921568,3468.8611941,713.8467960,457.2251547
-0.4440250,-0.4440250,-0.2378214,622.6230404,-5771.1025692,8411.3766624,31.5594754,1860.4834368,-2350.0796444,3469.3414008,731.1749640,468.1844504
-0.4390250,-0.4390250,-0.2328214,652.9649768,-5742.2923434,8541.5895251,32.8833179,1948.7766229,-2299.5592183,3456.9606736,766.9432160,490.8062793
-0.4340250,-0.4340250,-0.2278214,701.0967879,-5693.8835667,8672.9850795,34.7412864,2089.2718844,-2217.7457731,3459.6916545,823.6828625,526.6915826
-0.4290250,-0.4290250,-0.2228214,770.2643946,-5662.5578696,8748.6326044,36.9916368,2291.6247698,-2168.4190992,3478.3792391,905.2379093,578.2015071
-0.4240250,-0.4240250,-0.2178214,815.7675180,-5660.7631706,8897.1173347,39.4661577,2432.2959933,-2160.7747344,3514.6788174,958.8611687,612.1858474
-0.4190250,-0.4190250,-0.2128214,869.6258834,-5658.8879336,9129.0346206,42.0066635,2589.9665342,-2153.1152452,3571.1636189,1022.4625899,652.1183390
-0.4140250,-0.4140250,-0.2078214,903.4148654,-5656.3164224,9459.3819461,44.1604666,2676.0346758,-2144.4588064,3651.4818280,1062.2024447,677.4696928
-0.4090250,-0.4090250,-0.2028214,903.2004548,-5652.3085782,9739.7949316,45.2940408,2694.5813255,-2133.6261009,3760.5726827,1061.9305073,677.3726188
-0.4040250,-0.4040250,-0.1978214,895.1269389,-5646.0157847,9708.5092603,45.6222574,2670.0233328,-2119.2658980,3830.1537856,1052.4131334,671.3533077
-0.3990250,-0.3990250,-0.1928214,891.7754985,-5636.4987254,9696.2551599,45.7330667,2658.9185223,-2099.8840520,3828.6434253,1048.4623255,668.8545974
-0.3940250,-0.3940250,-0.1878214,894.5587223,-5622.7465547,9708.8358324,46.0231234,2665.3492346,-2075.3895724,3833.2248183,1051.7432977,670.9296664
-0.3890250,-0.3890250,-0.1828214,905.1403764,-5603.6966043,9753.0572805,46.7132189,2694.1042846,-2066.5614468,3845.5600010,1064.2173621,678.8189575
-0.3840250,-0.3840250,-0.1778214,925.4845465,-5578.2538746,9836.9175958,47.9522538,2750.8127347,-2047.9241900,3867.6110844,1088.1998593,693.9868205
-0.3790250,-0.3790250,-0.1728214,957.9216881,-5545.3095574,9969.8628143,49.8878572,2842.1245904,-2017.1450110,3901.7061886,1126.4380204,718.1707571
-0.3740250,-0.3740250,-0.1678214,1005.2345196,-5503.7577673,10163.1203959,52.6923292,2975.9462296,-1971.4383849,3950.6252254,1182.2122220,753.4454594
-0.3690250,-0.3690250,-0.1628214,1070.7674119,-5568.0176504,10430.1240073,56.5676498,3161.7402331,-1907.4565617,4017.7091869,1259.4649384,802.3043672
-0.3640250,-0.3640250,-0.1578214,1158.5638380,-5640.2245062,10787.0466032,61.2388723,3410.9016353,-1893.4015144,4106.9975080,1362.9627722,867.7621448
-0.3590250,-0.3590250,-0.1528214,1170.3460456,-5700.3823426,10895.3416637,59.7128238,3501.3698380,-1987.5029188,4105.7922730,1376.8520957,876.5465243
-0.3540250,-0.3540250,-0.1478214,1070.8814321,-5749.1356641,10478.6094196,54.8770045,3206.2872117,-2063.3598495,4008.1612471,1259.5993498,802.3893765
-0.3490250,-0.3490250,-0.1428214,982.7924949,-5787.1249973,10109.7972022,50.5163877,2944.8086745,-2121.9713881,3921.9336793,1155.7566925,736.7135134
-0.3440250,-0.3440250,-0.1378214,905.8328472,-5814.9448160,9787.8999348,46.6719216,2716.2207345,-2164.2678571,3846.8682714,1065.0336736,679.3352382
-0.3390250,-0.3390250,-0.1328214,839.6420819,-5833.1030007,9511.4236815,43.3415711,2519.4681452,-2191.0463845,3782.6088798,987.0054310,629.9858445
-0.3340250,-0.3340250,-0.1278214,783.7739482,-5841.9794566,9278.5040372,40.5298994,2353.2370663,-2202.9050554,3728.7126618,921.1459071,588.3326243
-0.3290250,-0.3290250,-0.1228214,737.7197908,-5841.7810429,9087.0048853,38.2310463,2216.0243995,-2240.5161248,3684.6735077,866.8554794,553.9963430
-0.3240250,-0.3240250,-0.1178214,700.9276812,-5832.4893520,8934.5993097,36.4237700,2106.1945558,-2279.3680243,3649.9411879,823.4835130,526.5655029
-0.3190250,-0.3190250,-0.1128214,672.8177984,-5828.6096517,8818.8349847,35.0753549,2022.0252869,-2309.5833714,3623.9367695,790.3464925,505.6078109
-0.3140250,-0.3140250,-0.1078214,652.7947089,-5846.5595388,8737.1867414,34.1471754,1961.7444811,-2331.7577320,3606.0649511,766.7424976,490.6793338
-0.3090250,-0.3090250,-0.1028214,640.2572612,-5851.6708276,8687.0993022,33.5980090,1923.5600261,-2346.4917051,3595.7240287,751.9628677,481.3318751
-0.3040250,-0.3040250,-0.0978214,634.6068705,-5844.2449896,8666.0234099,33.3806963,1905.6850110,-2373.9895091,3592.3142656,745.3019680,477.1191522
-0.2990250,-0.2990250,-0.0928214,635.2550076,-5846.6215847,8671.4487509,33.3784024,1906.3606569,-2404.2105614,3595.2454757,746.0660171,477.6023793
-0.2940250,-0.2940250,-0.0878214,641.6307279,-5861.5766492,8700.9371664,33.0258663,1923.8794361,-2426.1401255,3603.9446575,753.5819649,482.3558350
-0.2890250,-0.2890250,-0.0828214,595.8153860,-5872.0385487,8454.1188527,31.2651340,1802.8021863,-2440.8984916,3532.1226235,699.5730608,448.1976518
-0.2840250,-0.2840250,-0.0778214,530.7044364,-5878.6070791,8186.3080043,28.6645367,1610.9287600,-2449.4452822,3469.7076036,622.8177469,399.6533290
-0.2790250,-0.2790250,-0.0728214,479.0485147,-5881.7937210,7974.3884493,26.2810669,1458.3389178,-2493.9244131,3420.7392438,561.9237420,361.1405788
-0.2740250,-0.2740250,-0.0678214,437.9797841,-5882.0339546,7806.4944262,24.3479161,1336.6891103,-2537.6757128,3382.3530824,513.5103288,330.5212478
-0.2690250,-0.2690250,-0.0628214,405.2423535,-5879.6986307,7673.2828359,22.8055132,1239.4096915,-2573.0935887,3352.2960971,474.9181754,306.1134268
-0.2640250,-0.2640250,-0.0578214,379.0684622,-5875.1036429,7567.4264378,21.5315981,1161.3483695,-2601.9482853,3328.8030109,444.0633766,286.5991387
-0.2590250,-0.2590250,-0.0528214,358.0821703,-5868.5172827,7483.2192130,20.3898703,1098.4925761,-2625.6179433,3310.5000852,419.3239215,270.9525334
-0.2540250,-0.2540250,-0.0478214,341.2243816,-5860.1647526,7416.2688019,19.2943314,1047.7531031,-2645.1636603,3296.3302247,399.4513059,258.3839878
-0.2490250,-0.2490250,-0.0428214,327.6944394,-5850.2293790,7363.2566550,18.2716268,1006.7953864,-2661.3879574,3285.4946376,383.5016852,248.2965585
-0.2440250,-0.2440250,-0.0378214,316.9045581,-5845.1933801,7321.7511451,17.4196288,973.9080610,-2674.8802736,3277.4074304,370.7822752,240.2506120
-0.2390250,-0.2390250,-0.0328214,308.4358193,-5866.7914467,7290.0625604,16.8185452,947.9009922,-2686.0522055,3271.6604177,360.8064773,233.9064417
-0.2340250,-0.2340250,-0.0278214,302.0319205,-5889.2959277,7267.1318074,16.4960637,928.0270353,-2695.1644997,3267.9961443,353.2681671,229.1025136
-0.2290250,-0.2290250,-0.0228214,297.6082779,-5918.4311115,7252.4469280,16.4371331,913.9233752,-2702.3472477,3266.2876706,348.0376122,225.8510064
-0.2240250,-0.2240250,-0.0178214,295.0959806,-5953.0849084,7245.9832940,16.5990297,905.5695301,-2707.6143014,3266.5241031,345.0733777,223.9919774
-0.2190250,-0.2190250,-0.0128214,294.6053860,-5983.0131942,7248.1646729,16.9178565,903.2600514,-2710.8726071,3268.8011804,344.4950250,223.6265828
-0.2140250,-0.2140250,-0.0078214,296.3358722,-6008.3730348,7259.8433399,17.3172181,907.5906223,-2711.9269124,3273.3164581,346.5349892,224.9167705
-0.2090250,-0.2090250,-0.0028214,300.5854356,-6029.2499318,7282.2980910,17.7315369,919.4567530,-2710.4801366,3280.3688091,351.5445396,228.0850884
-0.2040250,-0.2040250,0.0021786,307.7573331,-6045.6524037,7317.2494412,18.1295430,940.0645627,-2706.1295893,3290.3620567,359.9990506,233.4321906
-0.1990250,-0.1990250,0.0071786,318.3678145,-6057.5024244,7366.8914812,18.5115677,970.9532739,-2716.5756069,3303.8126063,372.5070978,241.3429742
-0.1940250,-0.1940250,0.0121786,333.0577004,-6064.6225061,7433.9398263,18.8848472,1014.0290182,-2741.8170065,3321.3609362,389.8241054,252.2952018
-0.1890250,-0.1890250,0.0171786,352.6073529,-6074.1005806,7521.6947992,19.2409927,1071.6093459,-2760.1006767,3343.7867361,412.8702482,266.8682412
-0.1840250,-0.1840250,0.0221786,376.6469464,-6084.0978323,7634.1184047,19.5446765,1146.4330671,-2770.2685116,3372.0273467,441.5162996,284.3353024
-0.1790250,-0.1790250,0.0271786,377.0412728,-6088.9751971,7675.2806411,19.7339048,1151.8184133,-2772.3327771,3381.1049678,441.7315356,284.9468634
-0.1740250,-0.1740250,0.0321786,365.3313864,-6088.5902672,7628.8957373,19.7439066,1116.4288920,-2780.4476134,3377.8359805,427.8721231,276.3430701
-0.1690250,-0.1690250,0.0371786,355.0332759,-6089.5581160,7590.1879774,19.5588405,1085.8880628,-2804.1965510,3369.8451211,415.8856735,268.3988379
-0.1640250,-0.1640250,0.0421786,342.8425100,-6103.5758706,7560.6102170,19.2426477,1040.7509487,-2822.7735677,3363.9782143,401.5316585,259.2896244
-0.1590250,-0.1590250,0.0471786,330.9953596,-6114.5611748,7541.4990071,18.9005062,1005.4700484,-2836.6295593,3360.5494402,387.4124125,250.6941165
-0.1540250,-0.1540250,0.0521786,323.0705937,-6122.7680700,7534.0544116,18.6125949,982.6222407,-2846.1757418,3359.8407698,378.0535299,244.8349436
-0.1490250,-0.1490250,0.0571786,319.0082969,-6128.4297832,7539.3223116,18.3985449,971.1019421,-2851.7931094,3362.0977729,373.2625751,241.8166031
-0.1440250,-0.1440250,0.0621786,318.4566780,-6131.7647835,7558.1770584,18.2179676,969.8541961,-2853.8418810,3367.5255029,372.6139469,241.3963252
-0.1390250,-0.1390250,0.0671786,302.9289164,-6132.9827034,7542.4656007,17.9997657,911.4096677,-2852.6707021,3376.2839807,354.3086966,229.8225874
-0.1340250,-0.1340250,0.0721786,276.3729258,-6132.2899275,7436.5870233,17.6938153,834.9021517,-2872.5838843,3353.1104104,323.0018934,210.0331331
-0.1290250,-0.1290250,0.0771786,255.1770222,-6129.8946130,7352.1536202,17.3069323,773.6535204,-2895.1002238,3327.3111187,298.0153399,194.2302499
-0.1240250,-0.1240250,0.0821786,238.4149866,-6139.3253284,7285.4480852,16.8839504,725.0522550,-2913.0610252,3309.1753537,278.2556019,181.7330943
-0.1190250,-0.1190250,0.0871786,225.3021760,-6149.7067020,7233.3116318,16.4603450,686.8813045,-2927.2458148,3297.1640877,262.7977119,171.9566662
-0.1140250,-0.1140250,0.0921786,215.1705154,-6157.9240251,7193.0405827,16.0340263,657.2450344,-2938.3172352,3289.9925401,250.8541173,164.4028737
-0.1090250,-0.1090250,0.0971786,207.4470600,-6164.3321416,7162.3035326,15.5670898,634.5106781,-2946.8425486,3286.5712921,241.7494084,158.6445502
-0.1040250,-0.1040250,0.1021786,201.6370289,-6169.2348949,7139.0759275,15.0112118,617.2620607,-2953.3106755,3285.9626859,234.9003183,154.3128053
-0.0990250,-0.0990250,0.1071786,197.3105974,-6172.8939221,7121.5893257,14.3438580,604.2636715,-2958.1454829,3272.7757727,229.8001529,151.0871757
-0.0940250,-0.0940250,0.1121786,194.0922689,-6175.5354205,7108.2929366,13.5853316,594.4333862,-2961.7159419,3233.5975506,226.0067929,148.6834139
-0.0890250,-0.0890250,0.1171786,189.1880943,-6177.3552458,7023.5996308,12.7804357,580.5035510,-2964.3437094,3201.8205762,220.5168352,144.6073166
-0.0840250,-0.0840250,0.1221786,169.6042620,-6180.3249581,6912.8119830,11.9703953,518.7507849,-2966.3086321,3175.8368298,197.1395901,130.4248348
-0.0790250,-0.0790250,0.1271786,152.1760070,-6187.2058495,6821.2005852,11.1812241,466.4519851,-2980.3692753,3154.3710967,176.5937479,117.4364368
-0.0740250,-0.0740250,0.1321786,137.4939746,-6192.3527174,6744.5811962,10.4254834,422.1777995,-2994.5911837,3130.3221168,159.2859970,106.4901079
-0.0690250,-0.0690250,0.1371786,125.0802618,-6196.0529669,6620.6265854,9.7067099,384.5416465,-3006.3801528,3098.6295407,144.6522306,97.2348994
-0.0640250,-0.0640250,0.1421786,114.5313855,-6226.5922764,6510.7908552,9.0243988,352.3716198,-3016.1379685,3072.3228809,132.2168075,89.3699842
-0.0590250,-0.0590250,0.1471786,105.5083489,-6257.8097291,6419.1606937,8.3791687,324.6810814,-3024.2018157,3050.2620242,121.5802276,82.6412049
-0.0540250,-0.0540250,0.1521786,97.7230318,-6281.7105677,6342.0035352,7.7745273,300.6433640,-3030.8534162,3031.5588143,112.4069354,76.8146704
-0.0490250,-0.0490250,0.1571786,90.8476232,-6299.8425652,6276.4048902,7.2141931,279.5696974,-3036.3268876,3015.5200588,104.3669169,71.5279635
-0.0440250,-0.0440250,0.1621786,83.9236271,-6320.9769181,6220.0835734,6.6989209,260.6360072,-3040.8155374,3001.6034484,96.5018293,65.9694713
-0.0390250,-0.0390250,0.1671786,75.6401258,-6339.1634609,6171.2489009,6.2260029,234.7902232,-3044.4777642,2989.3835048,86.8229657,59.7013442
-0.0340250,-0.0340250,0.1721786,67.2491611,-6352.7897816,6128.4904276,5.7906584,207.6182719,-3054.9193674,2978.5253025,76.8518301,53.5261162
-0.0290250,-0.0290250,0.1771786,59.7745895,-6362.7614369,6090.6928625,5.3876229,184.1424083,-3075.5441078,2968.7642025,68.0325643,47.9548616
-0.0240250,-0.0240250,0.1821786,53.2151681,-6369.7745284,6056.9704333,5.0124282,163.8608985,-3093.6386380,2959.8902272,60.3487009,42.9968319
-0.0190250,-0.0190250,0.1871786,47.3661426,-6374.3657415,6026.6162503,4.6621822,146.0859759,-3108.2111360,2951.7360127,53.5230143,38.5544947
-0.0140250,-0.0140250,0.1921786,42.0906312,-6376.9504542,5999.0632252,4.3355693,129.4764752,-3119.9213400,2944.1675154,47.3457385,34.5698304
-0.0090250,-0.0090250,0.1971786,37.3597529,-6377.8517393,5973.8538787,4.0322182,113.4506399,-3129.2812735,2937.0768359,41.7725442,31.0239448
-0.0040250,-0.0040250,0.2021786,33.1778162,-6377.3224245,5950.6169842,3.7519537,99.1084522,-3136.6902898,2930.3766694,36.8314061,27.9015985
0.0009750,0.0009750,0.2071786,29.5263064,-6375.5618607,5929.0494642,3.4942869,86.7740122,-3142.4617405,2923.9960054,32.5187979,25.1749740
0.0059750,0.0059750,0.2121786,26.3609924,-6372.7286590,5908.9023237,3.2581584,76.2336167,-3146.8432611,2917.8767870,28.7879981,22.8056013
0.0109750,0.0109750,0.2171786,23.6261414,-6368.9503585,5889.9696900,3.0418157,67.2079805,-3150.0321963,2911.9713061,25.5724981,20.7506111
0.0159750,0.0159750,0.2221786,21.2651295,-6364.3307585,5872.0802423,2.8427809,59.4495147,-3152.1873242,2906.2401670,22.8035492,18.9672507
0.0209750,0.0209750,0.2271786,19.2252752,-6358.9554741,5855.0904871,2.6579492,52.7523803,-3153.4377655,2898.7688716,20.4177792,17.4151562
0.0259750,0.0259750,0.2321786,17.4592443,-6352.8961418,5838.8794605,2.4838737,46.9478776,-3153.8897507,2883.9109373,18.3592477,16.0572485
0.0309750,0.0309750,0.2371786,15.9249412,-6349.2315305,5823.3445378,2.3172306,41.8981105,-3153.6317606,2870.0521177,16.5791721,14.8599735
0.0359750,0.0359750,0.2421786,14.5848775,-6346.9000296,5808.3981066,2.1553034,37.4902145,-3152.7384311,2857.0943794,15.0348834,13.7932981
0.0409750,0.0409750,0.2471786,13.4054738,-6343.2732456,5793.9649145,1.9962545,33.6314663,-3151.2735199,2844.9473663,13.6886577,12.8307158
0.0459750,0.0459750,0.2521786,12.3565359,-6338.4747229,5779.9799474,1.8390910,30.2452337,-3149.2921626,2833.5280596,12.5066903,11.9494146
0.0509750,0.0509750,0.2571786,11.4110878,-6332.6206323,5760.5487561,1.6834077,27.2676716,-3146.8425898,2822.7604235,11.4583837,11.1306212
0.0559750,0.0559750,0.2621786,10.5456558,-6325.8190530,5726.9575078,1.5290716,24.6450550,-3143.9674363,2812.5750349,10.5161191,10.3599520
0.0609750,0.0609750,0.2671786,9.7409017,-6318.1696381,5695.8250736,1.3759729,22.3316092,-3140.7047421,2802.9087003,9.6556049,9.6274856
0.0659750,0.0659750,0.2721786,8.9822495,-6309.7635814,5666.8971809,1.2238441,20.2876798,-3137.0887200,2793.7040651,8.8566753,8.9273529
0.0709750,0.0709750,0.2771786,8.2600573,-6305.6702828,5639.9423433,1.0721357,18.4781097,-3133.1532596,2782.8919035,8.1041079,8.2568711
0.0759750,0.0759750,0.2821786,7.5690948,-6301.5054112,5614.7503233,0.9200362,16.8708077,-3131.3214733,2771.4062042,7.3879169,7.6154123
0.0809750,0.0809750,0.2871786,6.9074337,-6297.8757417,5591.1306242,0.7666517,15.4356534,-3128.7991158,2760.6978793,6.7028269,7.0032420
0.0859750,0.0859750,0.2921786,6.2750728,-6293.0971683,5568.9110269,0.6112093,14.1440017,-3125.6714847,2750.6643160,6.0470605,6.4205802
0.0909750,0.0909750,0.2971786,5.6726422,-6288.2911475,5543.7408330,0.4532430,12.9689924,-3122.0142511,2737.9759095,5.4208257,5.8671179
0.0959750,0.0959750,0.3021786,5.1005108,-6292.1347640,5517.4470155,0.2929253,11.8865855,-3117.8943419,2719.9393387,4.8249292,5.3420166
0.1009750,0.1009750,0.3071786,4.5584685,-6291.5724139,5490.1943982,0.1314770,10.8768567,-3113.8790830,2699.0383695,4.2598698,4.8441412
0.1059750,0.1059750,0.3121786,4.0458452,-6287.5888586,5459.8922438,-0.0287438,9.9248889,-3111.5865854,2681.3922092,3.7255566,4.3722260
0.1109750,0.1109750,0.3171786,3.5617181,-6280.9479967,5424.5962980,-0.1844947,9.0207974,-3108.4121701,2666.2734113,3.2214486,3.9248497
0.1159750,0.1159750,0.3221786,3.1049462,-6272.2432068,5380.7670568,-0.3319746,8.1588900,-3104.5098194,2653.1242022,2.7467354,3.5002783
0.1209750,0.1209750,0.3271786,2.6740013,-6261.9360822,5343.5332109,-0.4673243,7.3363514,-3105.5315353,2636.4371676,2.3003095,3.0963369
0.1259750,0.1259750,0.3321786,2.2667602,-6250.3862472,5311.4876192,-0.5874241,6.5519824,-3105.4643857,2622.0845079,1.8805381,2.7105260
0.1309750,0.1309750,0.3371786,1.8805324,-6237.8743220,5281.5697823,-0.6906221,5.8053804,-3103.7414589,2609.6786082,1.4850617,2.3404243
0.1359750,0.1359750,0.3421786,1.5124697,-6226.5876849,5247.3383047,-0.7769510,5.0965858,-3100.7169077,2598.7643429,1.1109315,1.9841030
0.1409750,0.1409750,0.3471786,1.1601218,-6214.7355243,5218.0148428,-0.8477818,4.4258781,-3096.6687370,2588.9987952,0.7551487,1.6402840
0.1459750,0.1459750,0.3521786,0.8217618,-6201.9090231,5192.4961471,-0.9052004,3.7933846,-3091.8156026,2580.1223483,0.4152481,1.3083328
0.1509750,0.1509750,0.3571786,0.4964501,-6188.3510149,5169.9414836,-0.9514265,3.1984739,-3086.3298171,2571.9375366,0.0895863,0.9883073
0.1559750,0.1559750,0.3621786,0.1840559,-6174.2458410,5149.7071404,-0.9884147,2.6393253,-3080.3474361,2564.2934929,-0.2226033,0.6810872
0.1609750,0.1609750,0.3671786,-0.1146689,-6159.7340031,5131.2979955,-1.0176448,2.1130899,-3074.3647875,2557.0744552,-0.5211807,0.3884642
0.1659750,0.1659750,0.3721786,-0.3980366,-6144.9229958,5114.3315253,-1.0400972,1.6165712,-3068.5741831,2550.1912301,-0.8050509,0.1130380
0.1709750,0.1709750,0.3771786,-0.6635274,-6129.8953524,5098.5109267,-1.0562903,1.1469541,-3062.3299645,2543.5748228,-1.0721812,-0.1421948
0.1759750,0.1759750,0.3821786,-0.9081764,-6114.7146477,5083.6049507,-1.0662808,0.7022601,-3055.7370058,2537.1716618,-1.3198202,-0.3745000
0.1809750,0.1809750,0.3871786,-1.1292168,-6099.4299968,5069.4327015,-1.0697866,0.2815470,-3048.8768468,2530.9400016,-1.5450025,-0.5820660
0.1859750,0.1859750,0.3921786,-1.3247539,-6084.0794408,5055.8521267,-1.0665152,-0.1150357,-3041.8131128,2524.8472025,-1.7452392,-0.7643915
0.1909750,0.1909750,0.3971786,-1.4941958,-6068.6925066,5042.7512630,-1.0564935,-0.4863107,-3034.5956185,2518.8676631,-1.9191275,-0.9222788
0.1959750,0.1959750,0.4021786,-1.6382971,-6053.2921492,5030.0415499,-1.0401956,-0.8303153,-3027.2634858,2512.9812432,-2.0666438,-1.0575034
0.2009750,0.2009750,0.4071786,-1.7588607,-6037.8962331,5017.6527003,-1.0184662,-1.1447706,-3019.8475264,2507.1720558,-2.1890476,-1.1723409
0.2059750,0.2059750,0.4121786,-1.8582666,-6022.5186652,5005.5287507,-0.9923521,-1.4276994,-3012.3720666,2501.4275379,-2.2884949,-1.2691366
0.2109750,0.2109750,0.4171786,-1.9390146,-6007.1702656,4993.6250056,-0.9629385,-1.6779910,-3004.8563536,2495.7377327,-2.3675460,-1.3500213
0.2159750,0.2159750,0.4221786,-2.0034084,-5991.8594395,4981.9056661,-0.9312359,-1.8957228,-2997.3156418,2490.0947334,-2.4287436,-1.4167724
0.2209750,0.2209750,0.4271786,-2.0533917,-5976.5926968,4970.3419809,-0.8981199,-2.0821625,-2989.7620362,2484.4922513,-2.4743497,-1.4707558
0.2259750,0.2259750,0.4321786,-2.0904792,-5961.3750562,4958.9108013,-0.8643110,-2.2395009,-2982.2051495,2478.9252772,-2.5062201,-1.5129239
0.2309750,0.2309750,0.4371786,-2.1157457,-5946.2103606,4947.5934450,-0.8303793,-2.3704456,-2974.6526157,2473.3898177,-2.5257550,-1.5439034
0.2359750,0.2359750,0.4421786,-2.1299043,-5931.1015235,4936.3748025,-0.7967610,-2.4778252,-2967.1104941,2467.8826867,-2.5339175,-1.5641728
0.2409750,0.2409750,0.4471786,-2.1334785,-5916.0507223,4925.2426296,-0.7637797,-2.5643011,-2959.5835864,2462.4013419,-2.5313509,-1.5742551
0.2459750,0.2459750,0.4521786,-2.1270025,-5901.0595515,4914.1869871,-0.7316676,-2.6322004,-2952.0756885,2456.9437550,-2.5185753,-1.5748447
0.2509750,0.2509750,0.4571786,-2.1111667,-5886.1291423,4903.1997938,-0.7005841,-2.6834352,-2944.5897894,2451.5083093,-2.4961800,-1.5668386
0.2559750,0.2559750,0.4621786,-2.0868650,-5871.2602589,4892.2744709,-0.6706328,-2.7194945,-2937.1282301,2446.0937171,-2.4649385,-1.5512923
0.2609750,0.2609750,0.4671786,-2.0551620,-5856.4533735,4881.4056568,-0.6418738,-2.7415192,-2929.6928299,2440.6989556,-2.4258258,-1.5293424
0.2659750,0.2659750,0.4721786,-2.0172174,-5841.7087276,4870.5889775,-0.6143352,-2.7504469,-2922.2849879,2435.3232139,-2.3799655,-1.5021276
0.2709750,0.2709750,0.4771786,-1.9742048,-5827.0263793,4859.8208631,-0.5880208,-2.7471732,-2914.9057641,2429.9658518,-2.3285481,-1.4707269
0.2759750,0.2759750,0.4821786,-1.9272444,-5812.4062427,4849.0983983,-0.5629168,-2.7326712,-2907.5559454,2424.6263659,-2.2727521,-1.4361199
0.2809750,0.2809750,0.4871786,-1.8773588,-5797.8481182,4838.4192021,-0.5389969,-2.7080401,-2900.2360977,2419.3043631,-2.2136833,-1.3991672
0.2859750,0.2859750,0.4921786,-1.8254491,-5783.3517177,4827.7813302,-0.5162260,-2.6744922,-2892.9466091,2413.9995383,-2.1523367,-1.3606048
0.2909750,0.2909750,0.4971786,-1.7722869,-5768.9166844,4817.1831955,-0.4945633,-2.6333029,-2885.6877244,2408.7116573,-2.0895784,-1.3210491
0.2959750,0.2959750,0.5021786,-1.7185183,-5754.5426088,4806.6235031,-0.4739640,-2.5857496,-2878.4595731,2403.4405423,-2.0261425,-1.2810072
0.3009750,0.3009750,0.5071786,-1.6646729,-5740.2290419,4796.1011977,-0.4543815,-2.5330580,-2871.2621920,2398.1860607,-1.9626367,-1.2408895
0.3059750,0.3059750,0.5121786,-1.6111775,-5725.9755052,4785.6154200,-0.4357685,-2.4763621,-2864.0955445,2392.9481155,-1.8995542,-1.2010232
0.3109750,0.3109750,0.5171786,-1.5583696,-5711.7814994,4775.1654717,-0.4180776,-2.4166805,-2856.9595347,2387.7266381,-1.8372873,-1.1616648
0.3159750,0.3159750,0.5221786,-1.5065110,-5697.6465111,4764.7507860,-0.4012622,-2.3549059,-2849.8540207,2382.5215817,-1.7761416,-1.1230124
0.3209750,0.3209750,0.5271786,-1.4558005,-5683.5700181,4754.3709035,-0.3852769,-2.2918053,-2842.7788241,2377.3329168,-1.7163500,-1.0852154
0.3259750,0.3259750,0.5321786,-1.4063846,-5669.5514937,4744.0254532,-0.3700779,-2.2280259,-2835.7337384,2372.1606271,-1.6580844,-1.0483835
0.3309750,0.3309750,0.5371786,-1.3583672,-5655.5904104,4733.7141355,-0.3556231,-2.1641056,-2828.7185358,2367.0047059,-1.6014674,-1.0125945
0.3359750,0.3359750,0.5421786,-1.3118177,-5641.6862423,4723.4367093,-0.3418721,-2.1004852,-2821.7329724,2361.8651539,-1.5465808,-0.9778999
0.3409750,0.3409750,0.5471786,-1.2667779,-5627.8384678,4713.1929806,-0.3287865,-2.0375205,-2814.7767928,2356.7419769,-1.4934739,-0.9443308
0.3459750,0.3459750,0.5521786,-1.2232673,-5614.0465708,4702.9827936,-0.3163299,-1.9754947,-2807.8497340,2351.6351839,-1.4421701,-0.9119016
0.3509750,0.3509750,0.5571786,-1.1812882,-5600.3100423,4692.8060231,-0.3044678,-1.9146290,-2800.9515277,2346.5447860,-1.3926720,-0.8806138
0.3559750,0.3559750,0.5621786,-1.1408292,-5586.6283812,4682.6625684,-0.2931674,-1.8550930,-2794.0819033,2341.4707952,-1.3449665,-0.8504589
0.3609750,0.3609750,0.5671786,-1.1018683,-5573.0010953,4672.5523477,-0.2823980,-1.7970126,-2787.2405896,2336.4132235,-1.2990276,-0.8214203
0.3659750,0.3659750,0.5721786,-1.0643757,-5559.4277018,4662.4752944,-0.2721304,-1.7404786,-2780.4273159,2331.3720822,-1.2548202,-0.7934758
0.3709750,0.3709750,0.5771786,-1.0283154,-5545.9077275,4652.4313532,-0.2623372,-1.6855519,-2773.6418141,2326.3473815,-1.2123021,-0.7665985
0.3759750,0.3759750,0.5821786,-0.9936472,-5532.4407095,4642.4204775,-0.2529926,-1.6322697,-2766.8838189,2321.3391298,-1.1714257,-0.7407586
0.3809750,0.3809750,0.5871786,-0.9603280,-5519.0261945,4632.4426267,-0.2440723,-1.5806497,-2760.1530688,2316.3473339,-1.1321402,-0.7159237
0.3859750,0.3859750,0.5921786,-0.9283126,-5505.6637399,4622.4977647,-0.2355533,-1.5306940,-2753.4493067,2311.3719980,-1.0943924,-0.6920603
0.3909750,0.3909750,0.5971786,-0.8975548,-5492.3529130,4612.5858579,-0.2274142,-1.4823922,-2746.7722804,2306.4131243,-1.0581278,-0.6691340
0.3959750,0.3959750,0.6021786,-0.8680079,-5479.0932910,4602.7068740,-0.2196347,-1.4357241,-2740.1217427,2301.4707125,-1.0232911,-0.6471100
0.4009750,0.4009750,0.6071786,-0.8396253,-5465.8844615,4592.8607812,-0.2121958,-1.3906617,-2733.4974520,2296.5447598,-0.9898276,-0.6259535
0.4059750,0.4059750,0.6121786,-0.8123610,-5452.7260215,4583.0475470,-0.2050796,-1.3471712,-2726.8991719,2291.6352607,-0.9576828,-0.6056303
0.4109750,0.4109750,0.6171786,-0.7861695,-5439.6175778,4573.2671379,-0.1982692,-1.3052143,-2720.3266716,2286.7422074,-0.9268031,-0.5861066
0.4159750,0.4159750,0.6221786,-0.7610066,-5426.5587465,4563.5195184,-0.1917488,-1.2647495,-2713.7797261,2281.8655894,-0.8971365,-0.5673494
0.4209750,0.4209750,0.6271786,-0.7368292,-5413.5491528,4553.8046512,-0.1855034,-1.2257329,-2707.2581158,2277.0053939,-0.8686319,-0.5493266
0.4259750,0.4259750,0.6321786,-0.7135955,-5400.5884311,4544.1224963,-0.1795190,-1.1881192,-2700.7616266,2272.1616056,-0.8412401,-0.5320070
0.4309750,0.4309750,0.6371786,-0.6912651,-5387.6762241,4534.4730110,-0.1737824,-1.1518624,-2694.2900498,2267.3342068,-0.8149136,-0.5153607
0.4359750,0.4359750,0.6421786,-0.6697991,-5374.8121834,4524.8561499,-0.1682811,-1.1169161,-2687.8431822,2262.5231775,-0.7896062,-0.4993586
0.4409750,0.4409750,0.6471786,-0.6491601,-5361.9959683,4515.2718645,-0.1630034,-1.0832340,-2681.4208257,2257.7284956,-0.7652741,-0.4839728
0.4459750,0.4459750,0.6521786,-0.6293121,-5349.2272464,4505.7201034,-0.1579383,-1.0507701,-2675.0227874,2252.9501367,-0.7418746,-0.4691766
0.4509750,0.4509750,0.6571786,-0.6102207,-5336.5056928,4496.2008120,-0.1530753,-1.0194795,-2668.6488792,2248.1880745,-0.7193672,-0.4549443
0.4559750,0.4559750,0.6621786,-0.5918529,-5323.8309902,4486.7139327,-0.1484046,-0.9893177,-2662.2989178,2243.4422806,-0.6977129,-0.4412513
0.4609750,0.4609750,0.6671786,-0.5741770,-5311.2028282,4477.2594050,-0.1439169,-0.9602418,-2655.9727249,2238.7127248,-0.6768745,-0.4280741
0.4659750,0.4659750,0.6721786,-0.5571630,-5298.6209037,4467.8371651,-0.1396035,-0.9322095,-2649.6701264,2233.9993750,-0.6568165,-0.4153901
0.4709750,0.4709750,0.6771786,-0.5407819,-5286.0849202,4458.4471465,-0.1354560,-0.9051801,-2643.3909526,2229.3021975,-0.6375047,-0.4031780
0.4759750,0.4759750,0.6821786,-0.5250064,-5273.5945875,4449.0892798,-0.1314668,-0.8791142,-2637.1350382,2224.6211568,-0.6189069,-0.3914172
0.4809750,0.4809750,0.6871786,-0.5098101,-5261.1496219,4439.7634929,-0.1276283,-0.8539737,-2630.9022218,2219.9562161,-0.6009921,-0.3800882
0.4859750,0.4859750,0.6921786,-0.4951680,-5248.7497457,4430.4697110,-0.1239337,-0.8297216,-2624.6923460,2215.3073370,-0.5837307,-0.3691724
0.4909750,0.4909750,0.6971786,-0.4810564,-5236.3946869,4421.2078565,-0.1203763,-0.8063227,-2618.5052574,2210.6744794,-0.5670946,-0.3586519
0.4959750,0.4959750,0.7021786,-0.4674523,-5224.0841794,4411.9778495,-0.1169498,-0.7837427,-2612.3408058,2206.0576024,-0.5510570,-0.3485098
0.5009750,0.5009750,0.7071786,-0.4543342,-5211.8179623,4402.7796078,-0.1136485,-0.7619490,-2606.1988449,2201.4566634,-0.5355923,-0.3387299
0.5059750,0.5059750,0.7121786,-0.4416814,-5199.5957800,4393.6130468,-0.1104666,-0.7409101,-2600.0792317,2196.8716189,-0.5206761,-0.3292969
0.5109750,0.5109750,0.7171786,-0.4294743,-5187.4173820,4384.4780797,-0.1073990,-0.7205958,-2593.9818264,2192.3024240,-0.5062854,-0.3201961
0.5159750,0.5159750,0.7221786,-0.4176939,-5175.2825226,4375.3746176,-0.1044404,-0.7009771,-2587.9064923,2187.7490330,-0.4923979,-0.3114136
0.5209750,0.5209750,0.7271786,-0.4063226,-5163.1909609,4366.3025698,-0.1015863,-0.6820263,-2581.8530958,2183.2113991,-0.4789925,-0.3029359
0.5259750,0.5259750,0.7321786,-0.3953433,-5151.1424603,4357.2618435,-0.0988320,-0.6637169,-2575.8215061,2178.6894745,-0.4660493,-0.2947504
0.5309750,0.5309750,0.7371786,-0.3847396,-5139.1367889,4348.2523443,-0.0961733,-0.6460234,-2569.8115954,2174.1832105,-0.4535490,-0.2868450
0.5359750,0.5359750,0.7421786,-0.3744963,-5127.1737188,4339.2739761,-0.0936061,-0.6289213,-2563.8232384,2169.6925578,-0.4414735,-0.2792081
0.5409750,0.5409750,0.7471786,-0.3645985,-5115.2530262,4330.3266410,-0.0911265,-0.6123875,-2557.8563123,2165.2174660,-0.4298053,-0.2718289
0.5459750,0.5459750,0.7521786,-0.3550321,-5103.3744912,4321.4102399,-0.0887309,-0.5963995,-2551.9106970,2160.7578842,-0.4185279,-0.2646968
0.5509750,0.5509750,0.7571786,-0.3457838,-5091.5378977,4312.5246720,-0.0864158,-0.5809359,-2545.9862745,2156.3137607,-0.4076255,-0.2578018
0.5559750,0.5559750,0.7621786,-0.3368408,-5079.7430331,4303.6698355,-0.0841779,-0.5659765,-2540.0829293,2151.8850432,-0.3970829,-0.2511344
0.5609750,0.5609750,0.7671786,-0.3281909,-5067.9896886,4294.8456269,-0.0820139,-0.5515015,-2534.2005481,2147.4716789,-0.3868859,-0.2446855
0.5659750,0.5659750,0.7721786,-0.3198225,-5056.2776585,4286.0519421,-0.0799209,-0.5374923,-2528.3390196,2143.0736142,-0.3770208,-0.2384465
0.5709750,0.5709750,0.7771786,-0.3117245,-5044.6067404,4277.2886754,-0.0778961,-0.5239310,-2522.4982345,2138.6907952,-0.3674743,-0.2324090
0.5759750,0.5759750,0.7821786,-0.3038862,-5032.9767353,4268.5557203,-0.0759367,-0.5108005,-2516.6780856,2134.3231674,-0.3582342,-0.2265652
0.5809750,0.5809750,0.7871786,-0.2962976,-5021.3874468,4259.8529694,-0.0740400,-0.4980842,-2510.8784675,2129.9706761,-0.3492883,-0.2209075
0.5859750,0.5859750,0.7921786,-0.2889490,-5009.8386818,4251.1803144,-0.0722038,-0.4857667,-2505.0992765,2125.6332658,-0.3406254,-0.2154288
0.5909750,0.5909750,0.7971786,-0.2818313,-4998.3302497,4242.5376460,-0.0704255,-0.4738328,-2499.3404108,2121.3108809,-0.3322346,-0.2101221
0.5959750,0.5959750,0.8021786,-0.2749355,-4986.8619630,4233.9248544,-0.0687029,-0.4622682,-2493.6017703,2117.0034654,-0.3241055,-0.2049809
0.6009750,0.6009750,0.8071786,-0.2682532,-4975.4336364,4225.3418290,-0.0670339,-0.4510591,-2487.8832562,2112.7109630,-0.3162282,-0.1999990
0.6059750,0.6059750,0.8121786,-0.2617765,-4964.0450874,4216.7884585,-0.0654165,-0.4401924,-2482.1847715,2108.4333171,-0.3085931,-0.1951702
0.6109750,0.6109750,0.8171786,-0.2554977,-4952.6961359,4208.2646311,-0.0638487,-0.4296554,-2476.5062207,2104.1704707,-0.3011913,-0.1904890
0.6159750,0.6159750,0.8221786,-0.2494093,-4941.3866041,4199.7702344,-0.0623286,-0.4194361,-2470.8475095,2099.9223668,-0.2940140,-0.1859498
0.6209750,0.6209750,0.8271786,-0.2435043,-4930.1163164,4191.3051555,-0.0608544,-0.4095229,-2465.2085452,2095.6889481,-0.2870530,-0.1815473
0.6259750,0.6259750,0.8321786,-0.2377761,-4918.8850995,4182.8692813,-0.0594245,-0.3999047,-2459.5892364,2091.4701571,-0.2803003,-0.1772766
0.6309750,0.6309750,0.8371786,-0.2322182,-4907.6927822,4174.4624981,-0.0580371,-0.3905710,-2453.9894928,2087.2659360,-0.2737483,-0.1731328
0.6359750,0.6359750,0.8421786,-0.2268243,-4896.5391954,4166.0846918,-0.0566908,-0.3815114,-2448.4092255,2083.0762271,-0.2673897,-0.1691114
0.6409750,0.6409750,0.8471786,-0.2215886,-4885.4241717,4157.7357481,-0.0553841,-0.3727164,-2442.8483466,2078.9009725,-0.2612177,-0.1652079
0.6459750,0.6459750,0.8521786,-0.2165055,-4874.3475460,4149.4155526,-0.0541155,-0.3641765,-2437.3067696,2074.7401141,-0.2552255,-0.1614182
0.6509750,0.6509750,0.8571786,-0.2115695,-4863.3091547,4141.1239902,-0.0528837,-0.3558827,-2431.7844089,2070.5935938,-0.2494068,-0.1577381
0.6559750,0.6559750,0.8621786,-0.2067755,-4852.3088362,4132.8609462,-0.0516874,-0.3478265,-2426.2811799,2066.4613533,-0.2437553,-0.1541639
0.6609750,0.6609750,0.8671786,-0.2021184,-4841.3464304,4124.6263053,-0.0505252,-0.3399996,-2420.7969991,2062.3433345,-0.2382653,-0.1506917
0.6659750,0.6659750,0.8721786,-0.1975935,-4830.4217791,4116.4199523,-0.0493961,-0.3323941,-2415.3317841,2058.2394791,-0.2329312,-0.1473182
0.6709750,0.6709750,0.8771786,-0.1931962,-4819.5347255,4108.2417718,-0.0482988,-0.3250024,-2409.8854533,2054.1497287,-0.2277475,-0.1440397
0.6759750,0.6759750,0.8821786,-0.1889222,-4808.6851143,4100.0916484,-0.0472323,-0.3178172,-2404.4579260,2050.0740250,-0.2227090,-0.1408532
0.6809750,0.6809750,0.8871786,-0.1847671,-4797.8727920,4091.9694667,-0.0461955,-0.3108315,-2399.0491224,2046.0123098,-0.2178109,-0.1377553
0.6859750,0.6859750,0.8921786,-0.1807271,-4787.0976063,4083.8751112,-0.0451874,-0.3040386,-2393.6589635,2041.9645247,-0.2130483,-0.1347432
0.6909750,0.6909750,0.8971786,-0.1767981,-4776.3594063,4075.8084665,-0.0442070,-0.2974320,-2388.2873713,2037.9306115,-0.2084167,-0.1318140
0.6959750,0.6959750,0.9021786,-0.1729765,-4765.6580426,4067.7694173,-0.0432534,-0.2910055,-2382.9342685,2033.9105119,-0.2039116,-0.1289647
0.7009750,0.7009750,0.9071786,-0.1692587,-4754.9933669,4059.7578481,-0.0423257,-0.2847532,-2377.5995783,2029.9041678,-0.1995289,-0.1261929
0.7059750,0.7059750,0.9121786,-0.1656413,-4744.3652323,4051.7736438,-0.0414230,-0.2786692,-2372.2832251,2025.9115212,-0.1952645,-0.1234959
0.7109750,0.7109750,0.9171786,-0.1621209,-4733.7734931,4043.8166893,-0.0405446,-0.2727482,-2366.9851336,2021.9325139,-0.1911145,-0.1208712
0.7159750,0.7159750,0.9221786,-0.1586944,-4723.2180049,4035.8868696,-0.0396895,-0.2669848,-2361.7052295,2017.9670880,-0.1870752,-0.1183165
0.7209750,0.7209750,0.9271786,-0.1553587,-4712.6986242,4027.9840699,-0.0388571,-0.2613739,-2356.4434389,2014.0151858,-0.1831430,-0.1158296
0.7259750,0.7259750,0.9321786,-0.1521109,-4702.2152088,4020.1081754,-0.0380466,-0.2559105,-2351.1996887,2010.0767493,-0.1793144,-0.1134082
0.7309750,0.7309750,0.9371786,-0.1489482,-4691.7676175,4012.2590719,-0.0372573,-0.2505901,-2345.9739063,2006.1517210,-0.1755861,-0.1110502
0.7359750,0.7359750,0.9421786,-0.1458679,-4681.3557103,4004.4366449,-0.0364886,-0.2454080,-2340.7660199,2002.2400434,-0.1719549,-0.1087536
0.7409750,0.7409750,0.9471786,-0.1428673,-4670.9793480,3996.6407805,-0.0357397,-0.2403600,-2335.5759581,1998.3416591,-0.1684177,-0.1065165
0.7459750,0.7459750,0.9521786,-0.1399440,-4660.6383924,3988.8713648,-0.0350101,-0.2354416,-2330.4036502,1994.4565108,-0.1649715,-0.1043370
0.7509750,0.7509750,0.9571786,-0.1370954,-4650.3327064,3981.1282844,-0.0342991,-0.2306490,-2325.2490258,1990.5845413,-0.1616135,-0.1022132
0.7559750,0.7559750,0.9621786,-0.1343194,-4640.0621538,3973.4114258,-0.0336062,-0.2259782,-2320.1120153,1986.7256936,-0.1583410,-0.1001435
0.7609750,0.7609750,0.9671786,-0.1316136,-4629.8265992,3965.7206761,-0.0329308,-0.2214255,-2314.9925495,1982.8799110,-0.1551513,-0.0981261
0.7659750,0.7659750,0.9721786,-0.1289758,-4619.6259082,3958.0559226,-0.0322724,-0.2169872,-2309.8905597,1979.0471368,-0.1520418,-0.0961595
0.7709750,0.7709750,0.9771786,-0.1264041,-4609.4599470,3950.4170528,-0.0316304,-0.2126598,-2304.8059776,1975.2273144,-0.1490101,-0.0942421
0.7759750,0.7759750,0.9821786,-0.1238963,-4599.3285830,3942.8039546,-0.0310043,-0.2084401,-2299.7387355,1971.4203874,-0.1460538,-0.0923725
0.7809750,0.7809750,0.9871786,-0.1214506,-4589.2316841,3935.2165162,-0.0303938,-0.2043246,-2294.6887661,1967.6262997,-0.1431707,-0.0905490
0.7859750,0.7859750,0.9921786,-0.1190650,-4579.1691191,3927.6546262,-0.0297982,-0.2003103,-2289.6560025,1963.8449953,-0.1403586,-0.0887704
0.7909750,0.7909750,0.9971786,-0.1167379,-4569.1407575,3920.1181733,-0.0292172,-0.1963942,-2284.6403784,1960.0764183,-0.1376152,-0.0870354
0.7959750,0.7959750,1.0021786,-0.1144674,-4559.1464696,3912.6070468,-0.0286503,-0.1925734,-2279.6418275,1956.3205131,-0.1349386,-0.0853426
0.8009750,0.8009750,1.0071786,-0.1122518,-4549.1861265,3905.1211363,-0.0280971,-0.1888450,-2274.6602844,1952.5772242,-0.1323269,-0.0836908
0.8059750,0.8059750,1.0121786,-0.1100896,-4539.2595998,3897.6603318,-0.0275571,-0.1852064,-2269.6956839,1948.8464963,-0.1297780,-0.0820787
0.8109750,0.8109750,1.0171786,-0.1079792,-4529.3667620,3890.2245234,-0.0270301,-0.1816549,-2264.7479609,1945.1282744,-0.1272901,-0.0805053
0.8159750,0.8159750,1.0221786,-0.1059191,-4519.5074859,3882.8136020,-0.0265157,-0.1781880,-2259.8170512,1941.4225035,-0.1248616,-0.0789693
0.8209750,0.8209750,1.0271786,-0.1039078,-4509.6816455,3875.4274585,-0.0260134,-0.1748032,-2254.9028904,1937.7291291,-0.1224906,-0.0774698
0.8259750,0.8259750,1.0321786,-0.1019439,-4499.8891150,3868.0659844,-0.0255229,-0.1714982,-2250.0054150,1934.0480965,-0.1201755,-0.0760056
0.8309750,0.8309750,1.0371786,-0.1000261,-4490.1297693,3860.7290717,-0.0250439,-0.1682707,-2245.1245614,1930.3793516,-0.1179147,-0.0745758
0.8359750,0.8359750,1.0421786,-0.0981531,-4480.4034840,3853.4166124,-0.0245761,-0.1651185,-2240.2602667,1926.7228402,-0.1157067,-0.0731793
0.8409750,0.8409750,1.0471786,-0.0963235,-4470.7101354,3846.1284994,-0.0241191,-0.1620395,-2235.4124679,1923.0785085,-0.1135500,-0.0718152
0.8459750,0.8459750,1.0521786,-0.0945363,-4461.0496000,3838.8646256,-0.0236726,-0.1590317,-2230.5811026,1919.4463029,-0.1114430,-0.0704827
0.8509750,0.8509750,1.0571786,-0.0927901,-4451.4217553,3831.6248846,-0.0232364,-0.1560929,-2225.7661088,1915.8261699,-0.1093845,-0.0691808
0.8559750,0.8559750,1.0621786,-0.0910838,-4441.8264790,3824.4091703,-0.0228101,-0.1532214,-2220.9674246,1912.2180563,-0.1073731,-0.0679087
0.8609750,0.8609750,1.0671786,-0.0894164,-4432.2636495,3817.2173770,-0.0223935,-0.1504152,-2216.1849885,1908.6219091,-0.1054075,-0.0666655
0.8659750,0.8659750,1.0721786,-0.0877867,-4422.7331458,3810.0493995,-0.0219863,-0.1476726,-2211.4187392,1905.0376755,-0.1034864,-0.0654505
0.8709750,0.8709750,1.0771786,-0.0861937,-4413.2348474,3802.9051329,-0.0215883,-0.1449917,-2206.6686158,1901.4653029,-0.1016086,-0.0642628
0.8759750,0.8759750,1.0821786,-0.0846365,-4403.7686341,3795.7844729,-0.0211992,-0.1423710,-2201.9345575,1897.9047391,-0.0997728,-0.0631018
0.8809750,0.8809750,1.0871786,-0.0831140,-4394.3343865,3788.6873155,-0.0208188,-0.1398088,-2197.2165040,1894.3559319,-0.0979781,-0.0619667
0.8859750,0.8859750,1.0921786,-0.0816254,-4384.9319854,3781.6135574,-0.0204468,-0.1373035,-2192.5143952,1890.8188294,-0.0962232,-0.0608569
0.8909750,0.8909750,1.0971786,-0.0801697,-4375.5613123,3774.5630953,-0.0200830,-0.1348536,-2187.8281711,1887.2933799,-0.0945071,-0.0597715
0.8959750,0.8959750,1.1021786,-0.0787459,-4366.2222492,3767.5358267,-0.0197271,-0.1324576,-2183.1577721,1883.7795320,-0.0928288,-0.0587100
0.9009750,0.9009750,1.1071786,-0.0773534,-4356.9146783,3760.5316494,-0.0193791,-0.1301141,-2178.5031389,1880.2772346,-0.0911872,-0.0576718
0.9059750,0.9059750,1.1121786,-0.0759912,-4347.6384826,3753.5504617,-0.0190386,-0.1278216,-2173.8642123,1876.7864365,-0.0895814,-0.0566562
0.9109750,0.9109750,1.1171786,-0.0746586,-4338.3935452,3746.5921624,-0.0187055,-0.1255789,-2169.2409335,1873.3070871,-0.0880105,-0.0556627
0.9159750,0.9159750,1.1221786,-0.0733547,-4329.1797500,3739.6566505,-0.0183796,-0.1233847,-2164.6332439,1869.8391358,-0.0864734,-0.0546906
0.9209750,0.9209750,1.1271786,-0.0720789,-4319.9969810,3732.7438259,-0.0180606,-0.1212376,-2160.0410849,1866.3825324,-0.0849694,-0.0537393
0.9259750,0.9259750,1.1321786,-0.0708304,-4310.8451229,3725.8535884,-0.0177485,-0.1191364,-2155.4643984,1862.9372267,-0.0834976,-0.0528085
0.9309750,0.9309750,1.1371786,-0.0696084,-4301.7240607,3718.9858388,-0.0174430,-0.1170801,-2150.9031266,1859.5031689,-0.0820571,-0.0518975
0.9359750,0.9359750,1.1421786,-0.0684124,-4292.6336798,3712.1404779,-0.0171440,-0.1150674,-2146.3572116,1856.0803095,-0.0806472,-0.0510058
0.9409750,0.9409750,1.1471786,-0.0672416,-4283.5738661,3705.3174073,-0.0168513,-0.1130971,-2141.8265959,1852.6685990,-0.0792671,-0.0501329
0.9459750,0.9459750,1.1521786,-0.0660955,-4274.5445058,3698.5165289,-0.0165647,-0.1111683,-2137.3112224,1849.2679883,-0.0779159,-0.0492783
0.9509750,0.9509750,1.1571786,-0.0649733,-4265.5454856,3691.7377449,-0.0162841,-0.1092799,-2132.8110338,1845.8784285,-0.0765931,-0.0484417
0.9559750,0.9559750,1.1621786,-0.0638745,-4256.5766925,3684.9809583,-0.0160093,-0.1074308,-2128.3259734,1856.7824274,-0.0752977,-0.0476224
0.9609750,0.9609750,1.1671786,-0.0627985,-4247.6380140,3678.2460723,-0.0157402,-0.1056201,-2123.8559844,1855.0535797,-0.0740293,-0.0468202
0.9659750,0.9659750,1.1721786,-0.0617447,-4238.7293380,3671.5329907,-0.0154767,-0.1038468,-2119.4010105,1851.3021098,-0.0727871,-0.0460346
0.9709750,0.9709750,1.1771786,-0.0607126,-4229.8505526,3664.8416177,-0.0152185,-0.1021099,-2114.9609954,1847.9869790,-0.0715704,-0.0452650
0.9759750,0.9759750,1.1821786,-0.0597016,-4221.0015464,3658.1718578,-0.0149657,-0.1004087,-2110.5358830,1844.6804935,-0.0703786,-0.0445113
0.9809750,0.9809750,1.1871786,-0.0587112,-4212.1822085,3651.5236164,-0.0147179,-0.0987421,-2106.1256175,1841.3579232,-0.0692111,-0.0437729
0.9859750,0.9859750,1.1921786,-0.0577410,-4203.3924282,3644.8967988,-0.0144752,-0.0971094,-2101.7301433,1838.0417338,-0.0680673,-0.0430495
0.9909750,0.9909750,1.1971786,-0.0567903,-4194.6320953,3638.2913111,-0.0142374,-0.0955098,-2097.3494049,1834.7383970,-0.0669467,-0.0423408
0.9959750,0.9959750,1.2021786,-0.0558588,-4185.9010997,3631.7070599,-0.0140044,-0.0939423,-2092.9833471,1831.4452468,-0.0658486,-0.0416463
1.0009750,1.0009750,1.2071786,-0.0549460,-4177.1993320,3625.1439521,-0.0137760,-0.0924063,-2088.6319148,1828.1626088,-0.0647725,-0.0409657
1.0059750,1.0059750,1.2121786,-0.0540514,-4168.5266830,3618.6018949,-0.0135522,-0.0909010,-2084.2950530,1824.8904743,-0.0637179,-0.0402987
1.0109750,1.0109750,1.2171786,-0.0531746,-4159.8830439,3612.0807964,-0.0133328,-0.0894256,-2079.9727072,1821.6288019,-0.0626843,-0.0396450
1.0159750,1.0159750,1.2221786,-0.0523152,-4151.2683062,3605.5805649,-0.0131178,-0.0879794,-2075.6648228,1818.3775523,-0.0616712,-0.0390042
1.0209750,1.0209750,1.2271786,-0.0514727,-4142.6823617,3599.1011089,-0.0129070,-0.0865618,-2071.3713455,1815.1366803,-0.0606780,-0.0383761
1.0259750,1.0259750,1.2321786,-0.0506467,-4134.1251028,3592.6423379,-0.0127003,-0.0851721,-2067.0922211,1811.9061394,-0.0597044,-0.0377603
1.0309750,1.0309750,1.2371786,-0.0498370,-4125.5964219,3586.2041613,-0.0124977,-0.0838096,-2062.8273958,1808.6858845,-0.0587498,-0.0371566
1.0359750,1.0359750,1.2421786,-0.0490430,-4117.0962121,3579.7864895,-0.0122990,-0.0824736,-2058.5768156,1805.4758704,-0.0578138,-0.0365646
1.0409750,1.0409750,1.2471786,-0.0482644,-4108.6243665,3573.3892328,-0.0121041,-0.0811636,-2054.3404271,1802.2760521,-0.0568960,-0.0359841
1.0459750,1.0459750,1.2521786,-0.0475009,-4100.1807788,3567.0123023,-0.0119131,-0.0798789,-2050.1181768,1799.0863851,-0.0559959,-0.0354149
1.0509750,1.0509750,1.2571786,-0.0467521,-4091.7653430,3560.6556095,-0.0117256,-0.0786190,-2045.9100114,1795.9068249,-0.0551132,-0.0348566
1.0559750,1.0559750,1.2621786,-0.0460176,-4083.3779534,3554.3190662,-0.0115418,-0.0773832,-2041.7158779,1792.7373272,-0.0542474,-0.0343090
1.0609750,1.0609750,1.2671786,-0.0452972,-4075.0185045,3548.0025848,-0.0113615,-0.0761711,-2037.5357234,1789.5778482,-0.0533981,-0.0337719
1.0659750,1.0659750,1.2721786,-0.0445905,-4066.6868913,3541.7060782,-0.0111846,-0.0749821,-2033.3694952,1786.4283439,-0.0525650,-0.0332450
1.0709750,1.0709750,1.2771786,-0.0438972,-4058.3830092,3535.4294594,-0.0110110,-0.0738157,-2029.2171406,1783.2887708,-0.0517478,-0.0327281
1.0759750,1.0759750,1.2821786,-0.0432170,-4050.1067537,3529.1726422,-0.0108408,-0.0726713,-2025.0786075,1780.1590857,-0.0509459,-0.0322210
1.0809750,1.0809750,1.2871786,-0.0425497,-4041.8580208,3522.9355407,-0.0106737,-0.0715484,-2020.9538434,1777.0392453,-0.0501592,-0.0317234
1.0859750,1.0859750,1.2921786,-0.0418948,-4033.6367068,3516.7180694,-0.0105097,-0.0704466,-2016.8427965,1773.9292068,-0.0493872,-0.0312352
1.0909750,1.0909750,1.2971786,-0.0412522,-4025.4427084,3510.5201433,-0.0103488,-0.0693655,-2012.7454148,1770.8289276,-0.0486296,-0.0307561
1.0959750,1.0959750,1.3021786,-0.0406215,-4017.2759224,3504.3416778,-0.0101909,-0.0683044,-2008.6616466,1767.7383651,-0.0478862,-0.0302859
1.1009750,1.1009750,1.3071786,-0.0400025,-4009.1362461,3498.1825888,-0.0100360,-0.0672631,-2004.5914404,1764.6574772,-0.0471565,-0.0298244
1.1059750,1.1059750,1.3121786,-0.0393950,-4001.0235772,3492.0427925,-0.0098838,-0.0662409,-2000.5347449,1761.5862218,-0.0464403,-0.0293714
1.1109750,1.1109750,1.3171786,-0.0387986,-3992.9378135,3485.9222057,-0.0097345,-0.0652377,-1996.4915088,1758.5245571,-0.0457373,-0.0289268
1.1159750,1.1159750,1.3221786,-0.0382132,-3984.8788534,3479.8207454,-0.0095879,-0.0642528,-1992.4616811,1755.4724416,-0.0450472,-0.0284903
1.1209750,1.1209750,1.3271786,-0.0376385,-3976.8465952,3473.7383293,-0.0094440,-0.0632859,-1988.4452109,1752.4298338,-0.0443697,-0.0280619
1.1259750,1.1259750,1.3321786,-0.0370742,-3968.8409380,3467.6748753,-0.0093027,-0.0623367,-1984.4420476,1749.3966926,-0.0437046,-0.0276412
1.1309750,1.1309750,1.3371786,-0.0365202,-3960.8617810,3461.6303018,-0.0091639,-0.0614047,-1980.4521405,1746.3729770,-0.0430515,-0.0272281
1.1359750,1.1359750,1.3421786,-0.0359762,-3952.9090236,3455.6045277,-0.0090277,-0.0604895,-1976.4754394,1743.3586463,-0.0424102,-0.0268226
1.1409750,1.1409750,1.3471786,-0.0354421,-3944.9825658,3449.5974722,-0.0088939,-0.0595909,-1972.5118940,1740.3536600,-0.0417805,-0.0264243
1.1459750,1.1459750,1.3521786,-0.0349175,-3937.0823077,3443.6090550,-0.0087625,-0.0587084,-1968.5614543,1737.3579778,-0.0411621,-0.0260332
1.1509750,1.1509750,1.3571786,-0.0344022,-3929.2108805,3437.6391961,-0.0086334,-0.0578417,-1964.6255364,1734.3715596,-0.0405547,-0.0256490
1.1559750,1.1559750,1.3621786,-0.0338962,-3921.3665512,3431.6878160,-0.0085067,-0.0569904,-1960.7030713,1731.3943654,-0.0399582,-0.0252718
1.1609750,1.1609750,1.3671786,-0.0333992,-3913.5480239,3425.7548357,-0.0083822,-0.0561543,-1956.7935126,1728.4263555,-0.0393723,-0.0249012
1.1659750,1.1659750,1.3721786,-0.0329110,-3905.7552019,3419.8401764,-0.0082599,-0.0553330,-1952.8968120,1725.4674906,-0.0387967,-0.0245372
1.1709750,1.1709750,1.3771786,-0.0324313,-3897.9879886,3413.9437599,-0.0081397,-0.0545262,-1949.0129208,1722.5177313,-0.0382313,-0.0241796
1.1759750,1.1759750,1.3821786,-0.0319602,-3890.2462876,3408.0655084,-0.0080217,-0.0537336,-1945.1417910,1719.5770384,-0.0376759,-0.0238283
1.1809750,1.1809750,1.3871786,-0.0314973,-3882.5300030,3402.2053443,-0.0079057,-0.0529549,-1941.2833744,1716.6453733,-0.0371302,-0.0234832
1.1859750,1.1859750,1.3921786,-0.0310424,-3874.8390391,3396.3631906,-0.0077917,-0.0521898,-1937.4376230,1713.7226971,-0.0365940,-0.0231441
1.1909750,1.1909750,1.3971786,-0.0305955,-3867.1733005,3390.5389706,-0.0076798,-0.0514381,-1933.6044890,1710.8089715,-0.0360672,-0.0228109
1.1959750,1.1959750,1.4021786,-0.0301563,-3859.5326921,3384.7326081,-0.0075697,-0.0506994,-1929.7839248,1707.9041581,-0.0355495,-0.0224835
1.2009750,1.2009750,1.4071786,-0.0297248,-3851.9171190,3378.9440271,-0.0074616,-0.0499735,-1925.9758829,1705.0082189,-0.0350407,-0.0221617
1.2059750,1.2059750,1.4121786,-0.0293007,-3844.3264868,3373.1731524,-0.0073553,-0.0492600,-1922.1803159,1702.1211160,-0.0345408,-0.0218455
1.2109750,1.2109750,1.4171786,-0.0288838,-3836.7607010,3367.4199086,-0.0072509,-0.0485589,-1918.3971765,1699.2428117,-0.0340494,-0.0215347
1.2159750,1.2159750,1.4221786,-0.0284741,-3829.2196679,3361.6842212,-0.0071482,-0.0478698,-1914.6264178,1696.3732686,-0.0335664,-0.0212293
1.2209750,1.2209750,1.4271786,-0.0280714,-3821.7032938,3355.9660159,-0.0070473,-0.0471924,-1910.8679927,1693.5124494,-0.0330917,-0.0209290
1.2259750,1.2259750,1.4321786,-0.0276756,-3814.2114852,3350.2652188,-0.0069481,-0.0465266,-1907.1218545,1690.6603170,-0.0326251,-0.0206339
1.2309750,1.2309750,1.4371786,-0.0272864,-3806.7441491,3344.5817563,-0.0068505,-0.0458721,-1903.3879567,1687.8168345,-0.0321663,-0.0203438
1.2359750,1.2359750,1.4421786,-0.0269039,-3799.3011926,3338.9155553,-0.0067547,-0.0452286,-1899.6662526,1684.9819652,-0.0317154,-0.0200585
1.2409750,1.2409750,1.4471786,-0.0265278,-3791.8825234,3333.2665430,-0.0066604,-0.0445960,-1895.9566960,1682.1556727,-0.0312720,-0.0197781
1.2459750,1.2459750,1.4521786,-0.0261580,-3784.4880492,3327.6346471,-0.0065677,-0.0439741,-1892.2592408,1679.3379205,-0.0308361,-0.0195024
1.2509750,1.2509750,1.4571786,-0.0257944,-3777.1176780,3322.0197955,-0.0064766,-0.0433625,-1888.5738407,1676.5286726,-0.0304074,-0.0192313
1.2559750,1.2559750,1.4621786,-0.0254369,-3769.7713182,3316.4219167,-0.0063869,-0.0427612,-1884.9004500,1673.7278930,-0.0299860,-0.0189648
1.2609750,1.2609750,1.4671786,-0.0250853,-3762.4488785,3310.8409393,-0.0062988,-0.0421699,-1881.2390230,1670.9355460,-0.0295715,-0.0187027
1.2659750,1.2659750,1.4721786,-0.0247395,-3755.1502678,3305.2767925,-0.0062121,-0.0415883,-1877.5895139,1668.1515960,-0.0291639,-0.0184449
1.2709750,1.2709750,1.4771786,-0.0243995,-3747.8753955,3299.7294058,-0.0061269,-0.0410165,-1873.9518775,1665.3760077,-0.0287631,-0.0181914
1.2759750,1.2759750,1.4821786,-0.0240651,-3740.6241709,3294.1987091,-0.0060431,-0.0404540,-1870.3260683,1662.6087458,-0.0283689,-0.0179420
1.2809750,1.2809750,1.4871786,-0.0237362,-3733.3965040,3288.6846324,-0.0059606,-0.0399008,-1866.7120412,1659.8497754,-0.0279811,-0.0176968
1.2859750,1.2859750,1.4921786,-0.0234126,-3726.1923049,3283.1871066,-0.0058795,-0.0393567,-1863.1097512,1657.0990616,-0.0275997,-0.0174556
1.2909750,1.2909750,1.4971786,-0.0230944,-3719.0114839,3277.7060624,-0.0057997,-0.0388215,-1859.5191535,1654.3565698,-0.0272246,-0.0172183
1.2959750,1.2959750,1.5021786,-0.0227813,-3711.8539518,3272.2414312,-0.0057212,-0.0382949,-1855.9402033,1651.6222655,-0.0268555,-0.0169849
1.3009750,1.3009750,1.5071786,-0.0224733,-3704.7196195,3266.7931447,-0.0056440,-0.0377770,-1852.3728561,1648.8961144,-0.0264925,-0.0167553
1.3059750,1.3059750,1.5121786,-0.0221704,-3697.6083984,3261.3611349,-0.0055680,-0.0372674,-1848.8170675,1646.1780825,-0.0261353,-0.0165294
1.3109750,1.3109750,1.5171786,-0.0218723,-3690.5202001,3255.9453342,-0.0054933,-0.0367661,-1845.2727931,1643.4681358,-0.0257839,-0.0163071
1.3159750,1.3159750,1.5221786,-0.0215790,-3683.4549363,3250.5456752,-0.0054197,-0.0362728,-1841.7399889,1640.7662405,-0.0254381,-0.0160885
1.3209750,1.3209750,1.5271786,-0.0212904,-3676.4125192,3245.1620911,-0.0053474,-0.0357875,-1838.2186109,1638.0723631,-0.0250979,-0.0158733
1.3259750,1.3259750,1.5321786,-0.0210064,-3669.3928614,3239.7945152,-0.0052761,-0.0353099,-1834.7086153,1635.3864703,-0.0247631,-0.0156616
1.3309750,1.3309750,1.5371786,-0.0207269,-3662.3958755,3234.4428815,-0.0052061,-0.0348400,-1831.2099583,1632.7085287,-0.0244337,-0.0154532
1.3359750,1.3359750,1.5421786,-0.0204519,-3655.4214745,3229.1071239,-0.0051371,-0.0343775,-1827.7225964,1630.0385054,-0.0241095,-0.0152482
1.3409750,1.3409750,1.5471786,-0.0201813,-3648.4695719,3223.7871769,-0.0050692,-0.0339224,-1824.2464863,1627.3763674,-0.0237905,-0.0150464
1.3459750,1.3459750,1.5521786,-0.0199149,-3641.5400811,3218.4829754,-0.0050024,-0.0334745,-1820.7815848,1624.7220821,-0.0234765,-0.0148478
1.3509750,1.3509750,1.5571786,-0.0196528,-3634.6329162,3213.1944545,-0.0049367,-0.0330336,-1817.3278486,1622.0756169,-0.0231675,-0.0146524
1.3559750,1.3559750,1.5621786,-0.0193948,-3627.7479913,3207.9215496,-0.0048720,-0.0325997,-1813.8852349,1619.4369394,-0.0228633,-0.0144600
1.3609750,1.3609750,1.5671786,-0.0191408,-3620.8852209,3202.6641965,-0.0048083,-0.0321726,-1810.4537009,1616.8060175,-0.0225639,-0.0142706
1.3659750,1.3659750,1.5721786,-0.0188908,-3614.0445198,3197.4223315,-0.0047455,-0.0317522,-1807.0332038,1614.1828191,-0.0222692,-0.0140842
1.3709750,1.3709750,1.5771786,-0.0186446,-3607.2258030,3192.1958909,-0.0046838,-0.0313383,-1803.6237013,1611.5673125,-0.0219790,-0.0139008
1.3759750,1.3759750,1.5821786,-0.0184023,-3600.4289860,3186.9848116,-0.0046230,-0.0309309,-1800.2251509,1608.9594657,-0.0216934,-0.0137201
1.3809750,1.3809750,1.5871786,-0.0181638,-3593.6539843,3181.7890307,-0.0045632,-0.0305297,-1796.8375105,1606.3592475,-0.0214122,-0.0135423
1.3859750,1.3859750,1.5921786,-0.0179290,-3586.9007140,3176.6084856,-0.0045043,-0.0301348,-1793.4607379,1603.7666263,-0.0211354,-0.0133672
1.3909750,1.3909750,1.5971786,-0.0176978,-3580.1690913,3171.4431142,-0.0044463,-0.0297460,-1790.0947912,1601.1815709,-0.0208628,-0.0131948
1.3959750,1.3959750,1.6021786,-0.0174701,-3573.4590326,3166.2928545,-0.0043892,-0.0293632,-1786.7396287,1598.6040504,-0.0205944,-0.0130250
1.4009750,1.4009750,1.6071786,-0.0172459,-3566.7704549,3161.1576450,-0.0043329,-0.0289862,-1783.3952087,1596.0340339,-0.0203302,-0.0128579
1.4059750,1.4059750,1.6121786,-0.0170252,-3560.1032752,3156.0374243,-0.0042776,-0.0286151,-1780.0614898,1593.4714905,-0.0200699,-0.0126933
1.4109750,1.4109750,1.6171786,-0.0168078,-3553.4574109,3150.9321316,-0.0042230,-0.0282495,-1776.7384306,1590.9163898,-0.0198137,-0.0125313
1.4159750,1.4159750,1.6221786,-0.0165937,-3546.8327797,3145.8417062,-0.0041693,-0.0278896,-1773.4259899,1588.3687014,-0.0195613,-0.0123717
1.4209750,1.4209750,1.6271786,-0.0163829,-3540.2292996,3140.7660878,-0.0041164,-0.0275351,-1770.1241267,1585.8283950,-0.0193128,-0.0122145
1.4259750,1.4259750,1.6321786,-0.0161753,-3533.6468888,3135.7052164,-0.0040643,-0.0271860,-1766.8328000,1583.2954405,-0.0190680,-0.0120597
1.4309750,1.4309750,1.6371786,-0.0159708,-3527.0854660,3130.6590322,-0.0040130,-0.0268421,-1754.1534569,1580.7698080,-0.0188270,-0.0119072
1.4359750,1.4359750,1.6421786,-0.0157693,-3520.5449499,3125.6274759,-0.0039625,-0.0265034,-1750.8917501,1578.2514677,-0.0185895,-0.0117570
1.4409750,1.4409750,1.6471786,-0.0155709,-3514.0252598,3120.6104884,-0.0039127,-0.0261698,-1747.6404304,1575.7403900,-0.0183556,-0.0116091
1.4459750,1.4459750,1.6521786,-0.0153755,-3507.5263150,3115.6080109,-0.0038637,-0.0258412,-1744.3994579,1573.2365454,-0.0181252,-0.0114634
1.4509750,1.4509750,1.6571786,-0.0151830,-3501.0480352,3110.6199849,-0.0038153,-0.0255175,-1741.1687924,1570.7399045,-0.0178983,-0.0113199
1.4559750,1.4559750,1.6621786,-0.0149933,-3494.5903404,3105.6463523,-0.0037678,-0.0251987,-1737.9483944,1568.2504383,-0.0176747,-0.0111785
1.4609750,1.4609750,1.6671786,-0.0148065,-3488.1531510,3100.6870551,-0.0037209,-0.0248845,-1734.7382240,1565.7681176,-0.0174545,-0.0110392
1.4659750,1.4659750,1.6721786,-0.0146225,-3481.7363876,3095.7420357,-0.0036747,-0.0245751,-1731.5382419,1563.2929137,-0.0172375,-0.0109020
1.4709750,1.4709750,1.6771786,-0.0144411,-3475.3399709,3090.8112369,-0.0036292,-0.0242702,-1728.3484087,1560.8247977,-0.0170238,-0.0107668
1.4759750,1.4759750,1.6821786,-0.0142624,-3468.9638221,3085.8946017,-0.0035843,-0.0239698,-1725.1686851,1558.3637412,-0.0168131,-0.0106336
1.4809750,1.4809750,1.6871786,-0.0140864,-3462.6078628,3080.9920733,-0.0035402,-0.0236738,-1721.9990322,1555.9097157,-0.0166056,-0.0105023
1.4859750,1.4859750,1.6921786,-0.0139129,-3456.2720145,3076.1035954,-0.0034966,-0.0233821,-1718.8394110,1553.4626928,-0.0164011,-0.0103730
1.4909750,1.4909750,1.6971786,-0.0137420,-3449.9561994,3071.2291117,-0.0034537,-0.0230948,-1715.6897827,1551.0226446,-0.0161996,-0.0102455
1.4959750,1.4959750,1.7021786,-0.0135736,-3443.6603397,3066.3685665,-0.0034114,-0.0228116,-1712.5501087,1548.5895429,-0.0160011,-0.0101200
1.5009750,1.5009750,1.7071786,-0.0134076,-3437.3843580,3061.5219041,-0.0033698,-0.0225325,-1709.4203505,1546.1633599,-0.0158054,-0.0099962
1.5059750,1.5059750,1.7121786,-0.0132440,-3431.1281772,3056.6890693,-0.0033287,-0.0222575,-1706.3004698,1543.7440679,-0.0156126,-0.0098743
1.5109750,1.5109750,1.7171786,-0.0130828,-3424.8917205,3051.8700071,-0.0032883,-0.0219865,-1703.1904283,1541.3316393,-0.0154226,-0.0097541
1.5159750,1.5159750,1.7221786,-0.0129240,-3418.6749112,3047.0646628,-0.0032484,-0.0217194,-1700.0901880,1538.9260468,-0.0152353,-0.0096356
1.5209750,1.5209750,1.7271786,-0.0127674,-3412.4776731,3042.2729819,-0.0032091,-0.0214561,-1696.9997110,1536.5272630,-0.0150507,-0.0095189
1.5259750,1.5259750,1.7321786,-0.0126130,-3406.2999303,3037.4949102,-0.0031703,-0.0211967,-1693.9189595,1534.1352608,-0.0148688,-0.0094038
1.5309750,1.5309750,1.7371786,-0.0124609,-3400.1416070,3032.7303939,-0.0031322,-0.0209409,-1690.8478959,1531.7500132,-0.0146894,-0.0092904
1.5359750,1.5359750,1.7421786,-0.0123110,-3394.0026277,3027.9793793,-0.0030945,-0.0206888,-1687.7864826,1529.3714932,-0.0145127,-0.0091786
1.5409750,1.5409750,1.7471786,-0.0121632,-3387.8829174,3023.2418131,-0.0030574,-0.0204403,-1684.7346823,1526.9996743,-0.0143384,-0.0090684
1.5459750,1.5459750,1.7521786,-0.0120175,-3381.7824012,3018.5176422,-0.0030208,-0.0201954,-1681.6924578,1524.6345296,-0.0141667,-0.0089598
1.5509750,1.5509750,1.7571786,-0.0118738,-3375.7010046,3013.8068138,-0.0029848,-0.0199539,-1678.6597721,1522.2760329,-0.0139973,-0.0088527
1.5559750,1.5559750,1.7621786,-0.0117322,-3369.6386531,3009.1092753,-0.0029492,-0.0197158,-1675.6365881,1519.9241578,-0.0138304,-0.0087471
1.5609750,1.5609750,1.7671786,-0.0115926,-3363.5952728,3004.4249744,-0.0029142,-0.0194811,-1672.6228691,1517.5788780,-0.0136658,-0.0086430
1.5659750,1.5659750,1.7721786,-0.0114550,-3357.5707901,2999.7538592,-0.0028796,-0.0192498,-1669.6185784,1515.2401675,-0.0135036,-0.0085404
1.5709750,1.5709750,1.7771786,-0.0113193,-3351.5651313,2995.0958779,-0.0028456,-0.0190216,-1666.6236796,1512.9080004,-0.0133436,-0.0084393
1.5759750,1.5759750,1.7821786,-0.0111855,-3345.5782234,2990.4509789,-0.0028120,-0.0187967,-1663.6381361,1510.5823509,-0.0131859,-0.0083395
1.5809750,1.5809750,1.7871786,-0.0110536,-3339.6099934,2985.8191110,-0.0027788,-0.0185749,-1660.6619119,1508.2631933,-0.0130304,-0.0082411
1.5859750,1.5859750,1.7921786,-0.0109235,-3333.6603687,2981.2002233,-0.0027462,-0.0183562,-1657.6949708,1505.9505020,-0.0128770,-0.0081442
1.5909750,1.5909750,1.7971786,-0.0107952,-3327.7292771,2976.5942649,-0.0027140,-0.0181406,-1654.7372769,1503.6442517,-0.0127258,-0.0080485
1.5959750,1.5959750,1.8021786,-0.0106687,-3321.8166463,2972.0011855,-0.0026822,-0.0179280,-1651.7887942,1501.3444170,-0.0125767,-0.0079542
1.6009750,1.6009750,1.8071786,-0.0105440,-3315.9224047,2967.4209349,-0.0026509,-0.0177183,-1648.8494872,1499.0509729,-0.0124297,-0.0078612
1.6059750,1.6059750,1.8121786,-0.0104210,-3310.0464808,2962.8534629,-0.0026200,-0.0175115,-1645.9193202,1496.7638942,-0.0122847,-0.0077695
1.6109750,1.6109750,1.8171786,-0.0102997,-3304.1888032,2958.2987199,-0.0025896,-0.0173076,-1642.9982579,1494.4831561,-0.0121417,-0.0076791
1.6159750,1.6159750,1.8221786,-0.0101801,-3298.3493011,2953.7566565,-0.0025595,-0.0171065,-1640.0862650,1492.2087337,-0.0120006,-0.0075899
1.6209750,1.6209750,1.8271786,-0.0100621,-3292.5279038,2949.2272234,-0.0025299,-0.0169081,-1637.1833063,1489.9406025,-0.0118615,-0.0075019
1.6259750,1.6259750,1.8321786,-0.0099457,-3286.7245408,2944.7103716,-0.0025007,-0.0167125,-1634.2893469,1487.6787379,-0.0117243,-0.0074151
1.6309750,1.6309750,1.8371786,-0.0098309,-3280.9391421,2940.2060524,-0.0024718,-0.0165195,-1631.4043519,1485.4231154,-0.0115890,-0.0073295
1.6359750,1.6359750,1.8421786,-0.0097177,-3275.1716377,2935.7142172,-0.0024434,-0.0163292,-1628.5282865,1483.1737109,-0.0114556,-0.0072451
1.6409750,1.6409750,1.8471786,-0.0096060,-3269.4219581,2931.2348178,-0.0024153,-0.0161414,-1625.6611161,1480.9305000,-0.0113239,-0.0071619
1.6459750,1.6459750,1.8521786,-0.0094958,-3263.6900339,2926.7678063,-0.0023877,-0.0159562,-1622.8028063,1478.6934589,-0.0111940,-0.0070797
1.6509750,1.6509750,1.8571786,-0.0093871,-3257.9757962,2922.3131347,-0.0023604,-0.0157736,-1619.9533228,1476.4625635,-0.0110659,-0.0069987
1.6559750,1.6559750,1.8621786,-0.0092799,-3252.2791761,2917.8707556,-0.0023335,-0.0155933,-1617.1126314,1474.2377900,-0.0109395,-0.0069188
1.6609750,1.6609750,1.8671786,-0.0091742,-3246.6001052,2913.4406216,-0.0023069,-0.0154156,-1614.2806979,1472.0191148,-0.0108149,-0.0068399
1.6659750,1.6659750,1.8721786,-0.0090698,-3240.9385151,2909.0226856,-0.0022807,-0.0152402,-1611.4574885,1469.8065142,-0.0106919,-0.0067621
1.6709750,1.6709750,1.8771786,-0.0089669,-3235.2943380,2904.6169009,-0.0022548,-0.0150672,-1608.6429694,1467.5999649,-0.0105705,-0.0066854
1.6759750,1.6759750,1.8821786,-0.0088653,-3229.6675062,2900.2232208,-0.0022293,-0.0148964,-1605.8371069,1465.3994435,-0.0104508,-0.0066097
1.6809750,1.6809750,1.8871786,-0.0087651,-3224.0579521,2895.8415988,-0.0022042,-0.0147280,-1603.0398675,1463.2049267,-0.0103327,-0.0065350
1.6859750,1.6859750,1.8921786,-0.0086663,-3218.4656087,2891.4719889,-0.0021793,-0.0145618,-1600.2512178,1461.0163915,-0.0102161,-0.0064613
1.6909750,1.6909750,1.8971786,-0.0085687,-3212.8904091,2887.1143451,-0.0021548,-0.0143979,-1597.4711246,1458.8338148,-0.0101012,-0.0063885
1.6959750,1.6959750,1.9021786,-0.0084725,-3207.3322866,2882.7686217,-0.0021307,-0.0142361,-1594.6995546,1456.6571738,-0.0099877,-0.0063168
1.7009750,1.7009750,1.9071786,-0.0083775,-3201.7911748,2878.4347732,-0.0021068,-0.0140764,-1591.9364749,1454.4864457,-0.0098757,-0.0062460
1.7059750,1.7059750,1.9121786,-0.0082838,-3196.2670077,2874.1127543,-0.0020833,-0.0139189,-1589.1818527,1452.3216079,-0.0097652,-0.0061761
1.7109750,1.7109750,1.9171786,-0.0081913,-3190.7597195,2869.8025200,-0.0020600,-0.0137635,-1586.4356551,1450.1626378,-0.0096562,-0.0061071
1.7159750,1.7159750,1.9221786,-0.0081000,-3185.2692445,2865.5040255,-0.0020371,-0.0136101,-1583.6978496,1448.0095129,-0.0095486,-0.0060391
1.7209750,1.7209750,1.9271786,-0.0080100,-3179.7955174,2861.2172261,-0.0020145,-0.0134587,-1580.9684038,1445.8622110,-0.0094425,-0.0059719
1.7259750,1.7259750,1.9321786,-0.0079211,-3174.3384732,2856.9420775,-0.0019921,-0.0133093,-1578.2472851,1443.7207098,-0.0093377,-0.0059057
1.7309750,1.7309750,1.9371786,-0.0078334,-3168.8980471,2852.6785355,-0.0019701,-0.0131618,-1575.5344615,1441.5849873,-0.0092343,-0.0058403
1.7359750,1.7359750,1.9421786,-0.0077468,-3163.4741746,2848.4265562,-0.0019484,-0.0130163,-1572.8299009,1439.4550214,-0.0091322,-0.0057757
1.7409750,1.7409750,1.9471786,-0.0076613,-3158.0667914,2844.1860957,-0.0019269,-0.0128727,-1570.1335712,1437.3307902,-0.0090315,-0.0057120
1.7459750,1.7459750,1.9521786,-0.0075770,-3152.6758336,2839.9571106,-0.0019057,-0.0127309,-1567.4454406,1435.2122720,-0.0089320,-0.0056491
1.7509750,1.7509750,1.9571786,-0.0074937,-3147.3012372,2835.7395575,-0.0018848,-0.0125910,-1564.7654775,1433.0994451,-0.0088339,-0.0055871
1.7559750,1.7559750,1.9621786,-0.0074116,-3141.9429389,2831.5333934,-0.0018641,-0.0124529,-1562.0936502,1430.9922879,-0.0087370,-0.0055258
1.7609750,1.7609750,1.9671786,-0.0073305,-3136.6008755,2827.3385753,-0.0018438,-0.0123165,-1559.4299273,1428.8907790,-0.0086414,-0.0054653
1.7659750,1.7659750,1.9721786,-0.0072504,-3131.2749839,2823.1550605,-0.0018236,-0.0121820,-1556.7742775,1426.7948969,-0.0085470,-0.0054056
1.7709750,1.7709750,1.9771786,-0.0071714,-3125.9652014,2818.9828065,-0.0018038,-0.0120491,-1554.1266696,1424.7046205,-0.0084539,-0.0053467
1.7759750,1.7759750,1.9821786,-0.0070933,-3120.6714655,2814.8217711,-0.0017842,-0.0119180,-1551.4870724,1422.6199286,-0.0083619,-0.0052885
1.7809750,1.7809750,1.9871786,-0.0070163,-3115.3937141,2810.6719121,-0.0017648,-0.0117886,-1548.8554551,1420.5408001,-0.0082711,-0.0052311
1.7859750,1.7859750,1.9921786,-0.0069403,-3110.1318851,2806.5331877,-0.0017457,-0.0116608,-1546.2317869,1418.4672141,-0.0081815,-0.0051744
1.7909750,1.7909750,1.9971786,-0.0068652,-3104.8859169,2802.4055561,-0.0017269,-0.0115346,-1543.6160369,1416.3991497,-0.0080930,-0.0051185
1.7959750,1.7959750,2.0021786,-0.0067911,-3099.6557481,2798.2889760,-0.0017083,-0.0114100,-1541.0081747,1414.3365862,-0.0080056,-0.0050632
1.8009750,1.8009750,2.0071786,-0.0067179,-3094.4413173,2794.1834060,-0.0016899,-0.0112871,-1538.4081698,1412.2795029,-0.0079194,-0.0050087
1.8059750,1.8059750,2.0121786,-0.0066457,-3089.2425636,2790.0888051,-0.0016717,-0.0111656,-1535.8159919,1410.2278794,-0.0078342,-0.0049548
1.8109750,1.8109750,2.0171786,-0.0065744,-3084.0594264,2786.0051322,-0.0016538,-0.0110458,-1533.2316107,1408.1816951,-0.0077501,-0.0049016
1.8159750,1.8159750,2.0221786,-0.0065039,-3078.8918451,2781.9323469,-0.0016361,-0.0109274,-1530.6549962,1406.1409296,-0.0076671,-0.0048491
1.8209750,1.8209750,2.0271786,-0.0064344,-3073.7397597,2777.8704084,-0.0016186,-0.0108105,-1528.0861185,1404.1055629,-0.0075851,-0.0047973
1.8259750,1.8259750,2.0321786,-0.0063657,-3068.6031100,2773.8192767,-0.0016014,-0.0106951,-1525.5249477,1402.0755746,-0.0075042,-0.0047461
1.8309750,1.8309750,2.0371786,-0.0062979,-3063.4818364,2769.7789114,-0.0015843,-0.0105812,-1522.9714540,1400.0509448,-0.0074243,-0.0046955
1.8359750,1.8359750,2.0421786,-0.0062310,-3058.3758794,2765.7492728,-0.0015675,-0.0104686,-1520.4256080,1398.0316534,-0.0073453,-0.0046456
1.8409750,1.8409750,2.0471786,-0.0061649,-3053.2851798,2761.7303210,-0.0015509,-0.0103575,-1517.8873801,1396.0176806,-0.0072674,-0.0045963
1.8459750,1.8459750,2.0521786,-0.0060996,-3048.2096786,2757.7220165,-0.0015345,-0.0102478,-1515.3567409,1394.0090067,-0.0071904,-0.0045476
1.8509750,1.8509750,2.0571786,-0.0060351,-3043.1493171,2753.7243200,-0.0015183,-0.0101394,-1512.8336613,1392.0056120,-0.0071144,-0.0044995
1.8559750,1.8559750,2.0621786,-0.0059714,-3038.1040368,2749.7371922,-0.0015023,-0.0100324,-1510.3181121,1390.0074768,-0.0070393,-0.0044521
1.8609750,1.8609750,2.0671786,-0.0059085,-3033.0737794,2745.7605942,-0.0014865,-0.0099267,-1507.8100644,1388.0145817,-0.0069652,-0.0044052
1.8659750,1.8659750,2.0721786,-0.0058464,-3028.0584869,2741.7944872,-0.0014709,-0.0098223,-1505.3094893,1386.0269073,-0.0068920,-0.0043589
1.8709750,1.8709750,2.0771786,-0.0057851,-3023.0581016,2737.8388326,-0.0014554,-0.0097192,-1502.8163580,1384.0444343,-0.0068197,-0.0043131
1.8759750,1.8759750,2.0821786,-0.0057245,-3018.0725658,2733.8935919,-0.0014402,-0.0096174,-1500.3306418,1382.0671435,-0.0067482,-0.0042680
1.8809750,1.8809750,2.0871786,-0.0056646,-3013.1018224,2729.9587268,-0.0014252,-0.0095168,-1497.8523124,1380.0950157,-0.0066777,-0.0042234
1.8859750,1.8859750,2.0921786,-0.0056055,-3008.1458142,2726.0341993,-0.0014103,-0.0094175,-1495.3813412,1378.1280320,-0.0066080,-0.0041793
1.8909750,1.8909750,2.0971786,-0.0055472,-3003.2044845,2722.1199715,-0.0013956,-0.0093194,-1492.9177001,1376.1661734,-0.0065392,-0.0041358
1.8959750,1.8959750,2.1021786,-0.0054895,-2998.2777766,2718.2160056,-0.0013811,-0.0092225,-1490.4613607,1374.2094210,-0.0064712,-0.0040928
1.9009750,1.9009750,2.1071786,-0.0054325,-2993.3656343,2714.3222642,-0.0013668,-0.0091267,-1488.0122952,1372.2577560,-0.0064041,-0.0040503
1.9059750,1.9059750,2.1121786,-0.0053763,-2988.4680014,2710.4387097,-0.0013527,-0.0090322,-1485.5704755,1370.3111599,-0.0063377,-0.0040083
1.9109750,1.9109750,2.1171786,-0.0053207,-2983.5848220,2706.5653051,-0.0013387,-0.0089388,-1483.1358739,1368.3696140,-0.0062722,-0.0039669
1.9159750,1.9159750,2.1221786,-0.0052658,-2978.7160405,2702.7020132,-0.0013249,-0.0088465,-1480.7084626,1366.4330998,-0.0062075,-0.0039260
1.9209750,1.9209750,2.1271786,-0.0052115,-2973.8616014,2698.8487974,-0.0013113,-0.0087553,-1478.2882141,1364.5015990,-0.0061435,-0.0038855
1.9259750,1.9259750,2.1321786,-0.0051579,-2969.0214497,2695.0056208,-0.0012978,-0.0086653,-1475.8751008,1362.5750931,-0.0060804,-0.0038456
1.9309750,1.9309750,2.1371786,-0.0051050,-2964.1955303,2691.1724469,-0.0012845,-0.0085763,-1473.4690956,1360.6535640,-0.0060179,-0.0038061
1.9359750,1.9359750,2.1421786,-0.0050527,-2959.3837886,2687.3492395,-0.0012714,-0.0084884,-1471.0701709,1358.7369935,-0.0059563,-0.0037671
1.9409750,1.9409750,2.1471786,-0.0050010,-2954.5861700,2683.5359623,-0.0012584,-0.0084015,-1468.6782999,1356.8253635,-0.0058954,-0.0037286
1.9459750,1.9459750,2.1521786,-0.0049499,-2949.8026203,2679.7325794,-0.0012455,-0.0083157,-1466.2934554,1354.9186561,-0.0058352,-0.0036905
1.9509750,1.9509750,2.1571786,-0.0048995,-2945.0330855,2675.9390549,-0.0012328,-0.0082310,-1463.9156106,1353.0168533,-0.0057757,-0.0036529
1.9559750,1.9559750,2.1621786,-0.0048496,-2940.2775117,2672.1553531,-0.0012203,-0.0081472,-1461.5447386,1351.1199374,-0.0057170,-0.0036157
1.9609750,1.9609750,2.1671786,-0.0048004,-2935.5358453,2668.3814385,-0.0012079,-0.0080644,-1459.1808128,1349.2278906,-0.0056589,-0.0035790
1.9659750,1.9659750,2.1721786,-0.0047517,-2930.8080331,2664.6172758,-0.0011957,-0.0079827,-1456.8238066,1347.3406952,-0.0056015,-0.0035427
1.9709750,1.9709750,2.1771786,-0.0047037,-2926.0940219,2660.8628299,-0.0011836,-0.0079019,-1454.4736936,1345.4583338,-0.0055449,-0.0035069
1.9759750,1.9759750,2.1821786,-0.0046561,-2921.3937587,2657.1180656,-0.0011717,-0.0078220,-1452.1304473,1343.5807888,-0.0054888,-0.0034715
1.9809750,1.9809750,2.1871786,-0.0046092,-2916.7071910,2653.3829482,-0.0011599,-0.0077431,-1449.7940417,1341.7080427,-0.0054335,-0.0034364
1.9859750,1.9859750,2.1921786,-0.0045628,-2912.0342662,2649.6574428,-0.0011482,-0.0076652,-1447.4644505,1339.8400784,-0.0053788,-0.0034019
1.9909750,1.9909750,2.1971786,-0.0045170,-2907.3749321,2645.9415151,-0.0011367,-0.0075881,-1445.1416477,1337.9768785,-0.0053248,-0.0033677
1.9959750,1.9959750,2.2021786,-0.0044717,-2902.7291367,2642.2351306,-0.0011253,-0.0075120,-1442.8256074,1336.1184259,-0.0052714,-0.0033339
