# r[nm],d[nm],daligned[nm],UwaterUCD(d)[kj/mol]
-1.0973057,-1.0973057,-0.9860080,258.8875407
-1.0873057,-1.0873057,-0.9760080,234.2596336
-1.0773057,-1.0773057,-0.9660080,191.3283843
-1.0673057,-1.0673057,-0.9560080,174.0257113
-1.0573057,-1.0573057,-0.9460080,172.5074898
-1.0473057,-1.0473057,-0.9360080,178.8408789
-1.0373057,-1.0373057,-0.9260080,161.7474982
-1.0273057,-1.0273057,-0.9160080,161.2276035
-1.0173057,-1.0173057,-0.9060080,166.0754993
-1.0073057,-1.0073057,-0.8960080,186.5548064
-0.9973057,-0.9973057,-0.8860080,216.0904135
-0.9873057,-0.9873057,-0.8760080,243.1698665
-0.9773057,-0.9773057,-0.8660080,283.9390086
-0.9673057,-0.9673057,-0.8560080,339.2000473
-0.9573057,-0.9573057,-0.8460080,410.1412201
-0.9473057,-0.9473057,-0.8360080,497.8767096
-0.9373057,-0.9373057,-0.8260080,602.7735002
-0.9273057,-0.9273057,-0.8160080,724.9306856
-0.9173057,-0.9173057,-0.8060080,863.3951896
-0.9073057,-0.9073057,-0.7960080,1012.1763012
-0.8973057,-0.8973057,-0.7860080,978.7469926
-0.8873057,-0.8873057,-0.7760080,925.0668031
-0.8773057,-0.8773057,-0.7660080,862.4441905
-0.8673057,-0.8673057,-0.7560080,734.4779285
-0.8573057,-0.8573057,-0.7460080,626.5980959
-0.8473057,-0.8473057,-0.7360080,538.4310437
-0.8373057,-0.8373057,-0.7260080,467.3948541
-0.8273057,-0.8273057,-0.7160080,414.9294090
-0.8173057,-0.8173057,-0.7060080,387.6157360
-0.8073057,-0.8073057,-0.6960080,368.5863694
-0.7973057,-0.7973057,-0.6860080,333.2717899
-0.7873057,-0.7873057,-0.6760080,271.5264780
-0.7773057,-0.7773057,-0.6660080,226.7887664
-0.7673057,-0.7673057,-0.6560080,195.5526605
-0.7573057,-0.7573057,-0.6460080,174.6362863
-0.7473057,-0.7473057,-0.6360080,160.8102202
-0.7373057,-0.7373057,-0.6260080,151.2883894
-0.7273057,-0.7273057,-0.6160080,146.3097761
-0.7173057,-0.7173057,-0.6060080,144.5259326
-0.7073057,-0.7073057,-0.5960080,137.9927028
-0.6973057,-0.6973057,-0.5860080,140.5866994
-0.6873057,-0.6873057,-0.5760080,156.8309485
-0.6773057,-0.6773057,-0.5660080,188.8060507
-0.6673057,-0.6673057,-0.5560080,172.5488133
-0.6573057,-0.6573057,-0.5460080,156.4396954
-0.6473057,-0.6473057,-0.5360080,151.0007276
-0.6373057,-0.6373057,-0.5260080,148.7400103
-0.6273057,-0.6273057,-0.5160080,150.2887838
-0.6173057,-0.6173057,-0.5060080,161.2758896
-0.6073057,-0.6073057,-0.4960080,176.3272354
-0.5973057,-0.5973057,-0.4860080,195.7956756
-0.5873057,-0.5873057,-0.4760080,219.2689056
-0.5773057,-0.5773057,-0.4660080,245.3676791
-0.5673057,-0.5673057,-0.4560080,272.8903578
-0.5573057,-0.5573057,-0.4460080,300.8247867
-0.5473057,-0.5473057,-0.4360080,320.6925859
-0.5373057,-0.5373057,-0.4260080,344.1342945
-0.5273057,-0.5273057,-0.4160080,375.3595617
-0.5173057,-0.5173057,-0.4060080,410.6003997
-0.5073057,-0.5073057,-0.3960080,424.1183933
-0.4973057,-0.4973057,-0.3860080,417.0986047
-0.4873057,-0.4873057,-0.3760080,408.0139666
-0.4773057,-0.4773057,-0.3660080,395.5896606
-0.4673057,-0.4673057,-0.3560080,377.1930312
-0.4573057,-0.4573057,-0.3460080,353.6782790
-0.4473057,-0.4473057,-0.3360080,327.4823221
-0.4373057,-0.4373057,-0.3260080,299.3454851
-0.4273057,-0.4273057,-0.3160080,268.8311484
-0.4173057,-0.4173057,-0.3060080,235.1181100
-0.4073057,-0.4073057,-0.2960080,202.8571353
-0.3973057,-0.3973057,-0.2860080,176.0100995
-0.3873057,-0.3873057,-0.2760080,157.1181428
-0.3773057,-0.3773057,-0.2660080,147.9512674
-0.3673057,-0.3673057,-0.2560080,149.2363633
-0.3573057,-0.3573057,-0.2460080,162.9557133
-0.3473057,-0.3473057,-0.2360080,194.2251801
-0.3373057,-0.3373057,-0.2260080,195.9993781
-0.3273057,-0.3273057,-0.2160080,218.9198211
-0.3173057,-0.3173057,-0.2060080,254.3461670
-0.3073057,-0.3073057,-0.1960080,263.2957763
-0.2973057,-0.2973057,-0.1860080,284.9934596
-0.2873057,-0.2873057,-0.1760080,276.1208880
-0.2773057,-0.2773057,-0.1660080,262.1330191
-0.2673057,-0.2673057,-0.1560080,240.5513448
-0.2573057,-0.2573057,-0.1460080,195.8227252
-0.2473057,-0.2473057,-0.1360080,172.1768081
-0.2373057,-0.2373057,-0.1260080,169.8748201
-0.2273057,-0.2273057,-0.1160080,181.6413099
-0.2173057,-0.2173057,-0.1060080,204.8838625
-0.2073057,-0.2073057,-0.0960080,236.4332303
-0.1973057,-0.1973057,-0.0860080,273.6043936
-0.1873057,-0.1873057,-0.0760080,315.0917762
-0.1773057,-0.1773057,-0.0660080,355.9209575
-0.1673057,-0.1673057,-0.0560080,360.5108781
-0.1573057,-0.1573057,-0.0460080,363.0229327
-0.1473057,-0.1473057,-0.0360080,363.4261552
-0.1373057,-0.1373057,-0.0260080,360.8099199
-0.1273057,-0.1273057,-0.0160080,354.6031837
-0.1173057,-0.1173057,-0.0060080,345.8690517
-0.1073057,-0.1073057,0.0039920,335.5542888
-0.0973057,-0.0973057,0.0139920,323.2048868
-0.0873057,-0.0873057,0.0239920,309.6480234
-0.0773057,-0.0773057,0.0339920,296.4211078
-0.0673057,-0.0673057,0.0439920,283.7177073
-0.0573057,-0.0573057,0.0539920,271.1379776
-0.0473057,-0.0473057,0.0639920,258.2382672
-0.0373057,-0.0373057,0.0739920,244.5499780
-0.0273057,-0.0273057,0.0839920,229.3903527
-0.0173057,-0.0173057,0.0939920,208.2563176
-0.0073057,-0.0073057,0.1039920,167.7444888
0.0026943,0.0026943,0.1139920,134.7807347
0.0126943,0.0126943,0.1239920,108.3897897
0.0226943,0.0226943,0.1339920,87.1613883
0.0326943,0.0326943,0.1439920,69.6847293
0.0426943,0.0426943,0.1539920,55.0335414
0.0526943,0.0526943,0.1639920,42.9844450
0.0626943,0.0626943,0.1739920,33.1470866
0.0726943,0.0726943,0.1839920,25.0269103
0.0826943,0.0826943,0.1939920,18.1386384
0.0926943,0.0926943,0.2039920,12.0117162
0.1026943,0.1026943,0.2139920,6.3587933
0.1126943,0.1126943,0.2239920,1.4010499
0.1226943,0.1226943,0.2339920,-2.5092971
0.1326943,0.1326943,0.2439920,-5.3576647
0.1426943,0.1426943,0.2539920,-7.3457962
0.1526943,0.1526943,0.2639920,-8.7470390
0.1626943,0.1626943,0.2739920,-9.8391130
0.1726943,0.1726943,0.2839920,-10.7984233
0.1826943,0.1826943,0.2939920,-11.6415578
0.1926943,0.1926943,0.3039920,-12.2823583
0.2026943,0.2026943,0.3139920,-12.6906477
0.2126943,0.2126943,0.3239920,-12.9154095
0.2226943,0.2226943,0.3339920,-13.0159577
0.2326943,0.2326943,0.3439920,-13.0318381
0.2426943,0.2426943,0.3539920,-12.9427298
0.2526943,0.2526943,0.3639920,-12.7321653
0.2626943,0.2626943,0.3739920,-12.4277487
0.2726943,0.2726943,0.3839920,-12.0690681
0.2826943,0.2826943,0.3939920,-11.6916131
0.2926943,0.2926943,0.4039920,-11.3189294
0.3026943,0.3026943,0.4139920,-10.9631320
0.3126943,0.3126943,0.4239920,-10.6292719
0.3226943,0.3226943,0.4339920,-10.3187804
0.3326943,0.3326943,0.4439920,-10.0313401
0.3426943,0.3426943,0.4539920,-9.7658031
0.3526943,0.3526943,0.4639920,-9.5206461
0.3626943,0.3626943,0.4739920,-9.2942093
0.3726943,0.3726943,0.4839920,-9.0848263
0.3826943,0.3826943,0.4939920,-8.8908955
0.3926943,0.3926943,0.5039920,-8.7109169
0.4026943,0.4026943,0.5139920,-8.5435089
0.4126943,0.4126943,0.5239920,-8.3874135
0.4226943,0.4226943,0.5339920,-8.2414928
0.4326943,0.4326943,0.5439920,-8.1047235
0.4426943,0.4426943,0.5539920,-7.9761879
0.4526943,0.4526943,0.5639920,-7.8550645
0.4626943,0.4626943,0.5739920,-7.7406197
0.4726943,0.4726943,0.5839920,-7.6321978
0.4826943,0.4826943,0.5939920,-7.5292134
0.4926943,0.4926943,0.6039920,-7.4311437
0.5026943,0.5026943,0.6139920,-7.3375215
0.5126943,0.5126943,0.6239920,-7.2479291
0.5226943,0.5226943,0.6339920,-7.1619929
0.5326943,0.5326943,0.6439920,-7.0793784
0.5426943,0.5426943,0.6539920,-6.9997859
0.5526943,0.5526943,0.6639920,-6.9229465
0.5626943,0.5626943,0.6739920,-6.8486193
0.5726943,0.5726943,0.6839920,-6.7765876
0.5826943,0.5826943,0.6939920,-6.7066566
0.5926943,0.5926943,0.7039920,-6.6386512
0.6026943,0.6026943,0.7139920,-6.5724137
0.6126943,0.6126943,0.7239920,-6.5078021
0.6226943,0.6226943,0.7339920,-6.4446884
0.6326943,0.6326943,0.7439920,-6.3829569
0.6426943,0.6426943,0.7539920,-6.3225034
0.6526943,0.6526943,0.7639920,-6.2632337
0.6626943,0.6626943,0.7739920,-6.2050628
0.6726943,0.6726943,0.7839920,-6.1479135
0.6826943,0.6826943,0.7939920,-6.0917164
0.6926943,0.6926943,0.8039920,-6.0364085
0.7026943,0.7026943,0.8139920,-5.9819326
0.7126943,0.7126943,0.8239920,-5.9282373
0.7226943,0.7226943,0.8339920,-5.8752757
0.7326943,0.7326943,0.8439920,-5.8230055
0.7426943,0.7426943,0.8539920,-5.7713883
0.7526943,0.7526943,0.8639920,-5.7203893
0.7626943,0.7626943,0.8739920,-5.6699770
0.7726943,0.7726943,0.8839920,-5.6201228
0.7826943,0.7826943,0.8939920,-5.5708008
0.7926943,0.7926943,0.9039920,-5.5219875
0.8026943,0.8026943,0.9139920,-5.4736617
0.8126943,0.8126943,0.9239920,-5.4258040
0.8226943,0.8226943,0.9339920,-5.3783971
0.8326943,0.8326943,0.9439920,-5.3314250
0.8426943,0.8426943,0.9539920,-5.2848734
0.8526943,0.8526943,0.9639920,-5.2387295
0.8626943,0.8626943,0.9739920,-5.1929813
0.8726943,0.8726943,0.9839920,-5.1476184
0.8826943,0.8826943,0.9939920,-5.1026309
0.8926943,0.8926943,1.0039920,-5.0580104
0.9026943,0.9026943,1.0139920,-5.0137489
0.9126943,0.9126943,1.0239920,-4.9698392
0.9226943,0.9226943,1.0339920,-4.9262750
0.9326943,0.9326943,1.0439920,-4.8830505
0.9426943,0.9426943,1.0539920,-4.8401604
0.9526943,0.9526943,1.0639920,-4.7976000
0.9626943,0.9626943,1.0739920,-4.7553651
0.9726943,0.9726943,1.0839920,-4.7134516
0.9826943,0.9826943,1.0939920,-4.6718563
0.9926943,0.9926943,1.1039920,-4.6305759
1.0026943,1.0026943,1.1139920,-4.5896076
1.0126943,1.0126943,1.1239920,-4.5489487
1.0226943,1.0226943,1.1339920,-4.5085971
1.0326943,1.0326943,1.1439920,-4.4685505
1.0426943,1.0426943,1.1539920,-4.4288071
1.0526943,1.0526943,1.1639920,-4.3893650
1.0626943,1.0626943,1.1739920,-4.3502227
1.0726943,1.0726943,1.1839920,-4.3113788
1.0826943,1.0826943,1.1939920,-4.2728319
1.0926943,1.0926943,1.2039920,-4.2345806
1.1026943,1.1026943,1.2139920,-4.1966240
1.1126943,1.1126943,1.2239920,-4.1589609
1.1226943,1.1226943,1.2339920,-4.1215903
1.1326943,1.1326943,1.2439920,-4.0845111
1.1426943,1.1426943,1.2539920,-4.0477227
1.1526943,1.1526943,1.2639920,-4.0112239
1.1626943,1.1626943,1.2739920,-3.9750140
1.1726943,1.1726943,1.2839920,-3.9390922
1.1826943,1.1826943,1.2939920,-3.9034576
1.1926943,1.1926943,1.3039920,-3.8681095
1.2026943,1.2026943,1.3139920,-3.8330470
1.2126943,1.2126943,1.3239920,-3.7982694
1.2226943,1.2226943,1.3339920,-3.7637758
1.2326943,1.2326943,1.3439920,-3.7295655
1.2426943,1.2426943,1.3539920,-3.6956376
1.2526943,1.2526943,1.3639920,-3.6619913
1.2626943,1.2626943,1.3739920,-3.6286258
1.2726943,1.2726943,1.3839920,-3.5955401
1.2826943,1.2826943,1.3939920,-3.5627334
1.2926943,1.2926943,1.4039920,-3.5302049
1.3026943,1.3026943,1.4139920,-3.4979535
1.3126943,1.3126943,1.4239920,-3.4659783
1.3226943,1.3226943,1.4339920,-3.4342783
1.3326943,1.3326943,1.4439920,-3.4028526
1.3426943,1.3426943,1.4539920,-3.3717000
1.3526943,1.3526943,1.4639920,-3.3408196
1.3626943,1.3626943,1.4739920,-3.3102103
1.3726943,1.3726943,1.4839920,-3.2798708
1.3826943,1.3826943,1.4939920,-3.2498002
1.3926943,1.3926943,1.5039920,-3.2199972
1.4026943,1.4026943,1.5139920,-3.1904606
1.4126943,1.4126943,1.5239920,-3.1611892
1.4226943,1.4226943,1.5339920,-3.1321818
1.4326943,1.4326943,1.5439920,-3.1034371
1.4426943,1.4426943,1.5539920,-3.0749537
1.4526943,1.4526943,1.5639920,-3.0467304
1.4626943,1.4626943,1.5739920,-3.0187657
1.4726943,1.4726943,1.5839920,-2.9910584
1.4826943,1.4826943,1.5939920,-2.9636069
1.4926943,1.4926943,1.6039920,-2.9364100
1.5026943,1.5026943,1.6139920,-2.9094661
1.5126943,1.5126943,1.6239920,-2.8827737
1.5226943,1.5226943,1.6339920,-2.8563314
1.5326943,1.5326943,1.6439920,-2.8301377
1.5426943,1.5426943,1.6539920,-2.8041910
1.5526943,1.5526943,1.6639920,-2.7784898
1.5626943,1.5626943,1.6739920,-2.7530326
1.5726943,1.5726943,1.6839920,-2.7278176
1.5826943,1.5826943,1.6939920,-2.7028434
1.5926943,1.5926943,1.7039920,-2.6781083
