# r[nm],d[nm],daligned[nm],UC(d)[kJ/mol],UK(d)[kJ/mol],UCl(d)[kJ/mol],UC2A(d)[kJ/mol],UC4A(d)[kJ/mol],UCPlus(d)[kJ/mol],UCMinus(d)[kJ/mol],UCMoreLJ(d)[kJ/mol],UCLessLJ(d)[kJ/mol]
-1.0973057,-1.0973057,-0.9860080,346.2078157,82.0757942,1505.9881239,15.3905932,1061.5422893,315.4353037,343.3007132,405.3577771,262.0084658
-1.0923057,-1.0923057,-0.9810080,377.4676255,112.6924802,1695.7463766,16.1591438,1159.6705821,329.4674182,389.3996646,442.4723950,284.9626264
-1.0873057,-1.0873057,-0.9760080,352.7971461,99.9015832,1642.9904493,15.6909606,1089.4473002,295.1208479,395.9772692,413.4125137,266.4756440
-1.0823057,-1.0823057,-0.9710080,312.7031813,74.7005403,1469.3656127,14.4729902,972.2521414,255.6612474,356.4473387,366.1380937,236.6801663
-1.0773057,-1.0773057,-0.9660080,282.9806639,56.3700730,1342.1541067,13.2694056,883.7339038,227.0403614,326.1523478,331.0482759,214.5686001
-1.0723057,-1.0723057,-0.9610080,262.2664971,43.8576409,1254.2347050,12.3474345,821.8066996,207.6103404,305.2429921,306.5490466,199.2097548
-1.0673057,-1.0673057,-0.9560080,249.3933010,36.3240067,1199.9680875,11.7392353,783.4424344,196.0613901,292.3553478,291.3090506,189.6918880
-1.0623057,-1.0623057,-0.9510080,243.3965176,33.1111481,1174.9254136,11.3913019,765.6229154,191.3591703,286.4198987,284.1971579,185.2837773
-1.0573057,-1.0573057,-0.9460080,243.4949597,33.7247553,1175.6574197,11.2020561,765.9328521,192.6991367,286.6052707,284.2865754,185.4043591
-1.0523057,-1.0523057,-0.9410080,249.0725347,37.8021975,1199.5042707,11.0591423,782.5040682,199.4615124,292.2714819,290.8452198,189.5975569
-1.0473057,-1.0473057,-0.9360080,255.8823254,45.0638243,1204.3210226,10.8974540,805.5701049,211.1545304,281.0049235,299.1566048,194.2315885
-1.0423057,-1.0423057,-0.9310080,235.4089775,55.2788481,1111.4608188,10.7260757,742.9088508,207.2859732,257.9348230,274.8687866,179.2102867
-1.0373057,-1.0373057,-0.9260080,222.0417068,68.2258031,1049.7306120,10.5906139,703.1925726,194.7340138,243.0031183,259.1600740,169.1877105
-1.0323057,-1.0323057,-0.9210080,215.2044303,75.9922856,1016.3035152,10.5301927,682.8750878,188.6474974,234.9515932,251.1358265,164.0525721
-1.0273057,-1.0273057,-0.9160080,214.0872055,76.5509134,1008.1352215,10.5724674,679.4893599,188.1880045,232.9007334,249.8415027,163.1971171
-1.0223057,-1.0223057,-0.9110080,218.1691322,80.0822112,1022.8651094,10.7415373,691.4696230,192.8153270,236.2756351,254.6662661,166.2281399
-1.0173057,-1.0173057,-0.9060080,227.1510265,86.4953768,1059.0717695,11.0568347,717.9387485,202.2205565,244.7409046,265.2606198,172.9189029
-1.0123057,-1.0123057,-0.9010080,240.9076243,95.7053704,1116.1182568,11.5290816,758.5431116,216.2758265,258.1489472,281.4790067,183.1736592
-1.0073057,-1.0073057,-0.8960080,259.4486346,107.7166610,1193.9880160,12.1609194,813.3334344,234.9955213,276.4984882,303.3364972,196.9869811
-1.0023057,-1.0023057,-0.8910080,281.8244392,122.5768996,1292.6655552,12.9504362,881.4071084,258.2833857,299.4548180,329.8997408,213.4105489
-0.9973057,-0.9973057,-0.8860080,296.8315762,139.3445610,1348.2906904,13.8943112,920.0900241,277.0115190,315.6178400,347.1362661,225.2144077
-0.9923057,-0.9923057,-0.8810080,313.3570667,152.4804086,1417.0880526,14.9901030,968.6748413,293.7685272,331.2464841,366.6199375,237.5429352
-0.9873057,-0.9873057,-0.8760080,334.0653313,165.7680560,1503.7622331,16.2382846,1029.7029150,314.6040865,350.8472362,391.0468244,252.9491491
-0.9823057,-0.9823057,-0.8710080,359.0832840,181.5457477,1608.8351463,17.6441278,1103.5593821,339.6900626,374.6009149,420.5641488,271.5548398
-0.9773057,-0.9773057,-0.8660080,388.5535851,199.9731703,1732.4558549,19.2188667,1190.7196334,369.1849701,402.7376184,455.3445738,293.4646116
-0.9723057,-0.9723057,-0.8610080,422.6239320,221.1613383,1857.2962943,20.9794141,1291.7089205,403.2671828,435.5023610,495.5653129,318.7905361
-0.9673057,-0.9673057,-0.8560080,461.4298207,245.2275808,2014.6919086,22.9465054,1407.0312753,442.1239246,473.1281733,541.3814746,347.6439102
-0.9623057,-0.9623057,-0.8510080,505.0845620,272.2896795,2193.4360466,25.1419998,1536.8859008,485.9403937,515.8275144,592.9052149,380.1305193
-0.9573057,-0.9573057,-0.8460080,553.6895768,302.4592232,2394.2467922,27.5863783,1680.4967183,534.8885229,563.7893470,650.2217548,416.3511771
-0.9523057,-0.9523057,-0.8410080,607.3649414,335.8346838,2617.7614450,30.2970741,1837.8031454,589.1148912,617.1752452,713.4576182,456.4056050
-0.9473057,-0.9473057,-0.8360080,666.2642215,372.4941058,2864.4945691,33.2876699,1994.9357885,648.7274030,676.1130392,782.8186672,500.3925615
-0.9423057,-0.9423057,-0.8310080,730.5428353,412.4873468,3134.7932197,36.5676221,2183.9937094,713.7807931,740.6882272,858.5233848,548.3997786
-0.9373057,-0.9373057,-0.8260080,800.3067470,455.8278558,3428.7886991,40.1421045,2389.5839483,784.2624720,810.9335966,940.7132964,600.4855467
-0.9323057,-0.9323057,-0.8210080,875.5788742,502.4840097,3746.3443329,44.0115867,2611.6178702,860.0831551,886.8173474,1029.4154136,656.6595107
-0.9273057,-0.9273057,-0.8160080,956.2849772,552.3700661,4086.9988927,48.1703047,2849.7802707,941.0781484,968.2298736,1124.5366759,716.8674377
-0.9223057,-0.9223057,-0.8110080,1042.2456100,605.3368215,4449.9055003,52.5987645,3103.4863740,1027.0167219,1054.9692998,1225.8603580,780.9795914
-0.9173057,-0.9173057,-0.8060080,1133.1664055,660.7252438,4833.7661978,57.2136607,3371.8357626,1117.6000404,1146.7258929,1333.0360144,848.7804125
-0.9123057,-0.9123057,-0.8010080,1228.6249451,664.4906004,5236.7629683,61.5225874,3653.5637908,1193.4780370,1243.0655790,1445.5640336,919.9551577
-0.9073057,-0.9073057,-0.7960080,1241.9891617,660.1868176,5389.5111127,63.7962201,3700.1807658,1184.7794722,1299.1988513,1461.3077809,929.9609896
-0.9023057,-0.9023057,-0.7910080,1227.1715875,652.5361371,5322.9298955,63.6915595,3654.5980402,1170.7052420,1283.6379330,1443.8402494,918.9135527
-0.8973057,-0.8973057,-0.7860080,1207.3297460,641.7444224,5235.0642227,62.7944384,3594.0799538,1151.6091931,1263.0502988,1420.4499167,904.1202073
-0.8923057,-0.8923057,-0.7810080,1182.8924089,628.0580803,5127.7835813,61.5973641,3519.9230910,1127.9100866,1237.8747312,1391.6422355,885.9006300
-0.8873057,-0.8873057,-0.7760080,1154.3492463,611.7607985,5003.2187126,60.1535746,3433.6068116,1100.0872431,1208.6112496,1357.9944480,864.6199006
-0.8823057,-0.8823057,-0.7710080,1122.2449264,593.1702233,4863.7353831,58.4098021,3336.7750998,1068.6747983,1175.8150546,1320.1486299,840.6841036
-0.8773057,-0.8773057,-0.7660080,1087.1727226,572.6343576,4711.9059192,56.1856932,3231.2168615,1034.2554748,1140.0899705,1278.8041552,814.5355618
-0.8723057,-0.8723057,-0.7610080,1049.6093542,550.1368910,4550.4776042,53.2686255,3118.8440318,997.3222495,1101.8912535,1234.6110833,786.3406576
-0.8673057,-0.8673057,-0.7560080,971.2382435,502.5518284,4229.1183102,49.7607605,2894.2693687,920.0070921,1022.4693948,1142.1360929,728.0990711
-0.8623057,-0.8623057,-0.7510080,892.2019165,454.0014745,3895.3223435,46.0503313,2660.6786019,841.5182754,942.8855577,1048.9650036,669.1725190
-0.8573057,-0.8573057,-0.7460080,819.7633691,409.4717315,3589.3005292,42.4468806,2446.4941090,769.5576404,869.9690979,963.5716331,615.1650094
-0.8523057,-0.8523057,-0.7410080,754.0823692,369.0436587,3311.7905946,39.0985811,2252.2210983,704.2772261,803.8875123,886.1443218,566.1956780
-0.8473057,-0.8473057,-0.7360080,695.2100605,332.7320930,3063.0699069,36.0643042,2078.0431114,645.7215093,744.6986117,816.7433599,522.3026558
-0.8423057,-0.8423057,-0.7310080,643.1218897,300.5068139,2843.0922696,33.3654327,1923.9182717,593.8604380,692.3833414,755.3398030,483.4676365
-0.8373057,-0.8373057,-0.7260080,597.7471651,272.3114134,2651.6108255,31.0080839,1805.3068455,548.6190793,646.8752497,701.8503169,449.6379150
-0.8323057,-0.8323057,-0.7210080,558.9943941,248.0794557,2488.2834915,28.9916687,1690.6810084,509.9030297,608.0857330,656.1670467,420.7452765
-0.8273057,-0.8273057,-0.7160080,526.7719244,227.7476283,2352.7589321,27.3113837,1595.4319068,477.6191103,575.9243802,618.1819494,396.7213811
-0.8223057,-0.8223057,-0.7110080,501.0036839,211.2657566,2244.7421976,25.9565883,1519.3514146,451.6911446,550.3127713,587.8053494,377.5094796
-0.8173057,-0.8173057,-0.7060080,481.6399760,198.6036563,2164.0398482,24.9051586,1462.3049493,432.0707775,531.1856745,564.9786698,363.0724164
-0.8123057,-0.8123057,-0.7010080,468.6633698,189.7548573,2110.5847319,24.1143438,1424.2488723,418.7433823,518.4678676,549.6813909,353.3969559
-0.8073057,-0.8073057,-0.6960080,462.0897571,184.7372439,2084.4406957,23.5105832,1405.2337681,411.7291280,512.0406908,541.9323179,348.4945574
-0.8023057,-0.8023057,-0.6910080,461.9646727,183.5906600,2085.7875008,22.9837241,1405.3937948,411.0792770,511.8113181,541.7852455,348.3987751
-0.7973057,-0.7973057,-0.6860080,467.9426487,186.3703104,2105.4393180,22.3929707,1424.6082288,416.8488426,512.9472067,549.0093576,352.5466070
-0.7923057,-0.7923057,-0.6810080,451.0903275,188.9596085,2019.2074240,21.5941238,1368.1271640,406.6865339,491.7402920,528.9686095,340.2797262
-0.7873057,-0.7873057,-0.6760080,436.4427734,159.1847667,1963.7914820,20.5034169,1327.8823175,386.3321969,476.7674649,511.9158984,328.9515068
-0.7823057,-0.7823057,-0.6710080,394.4989509,129.6195427,1806.1147334,19.1668309,1215.0988658,339.4769247,433.6898990,462.5559165,297.6696619
-0.7773057,-0.7773057,-0.6660080,354.4140382,104.1294647,1638.8160117,17.7325963,1096.4617217,298.8753660,394.0953786,415.3088614,267.7779245
-0.7723057,-0.7723057,-0.6610080,320.2184602,82.3497217,1496.5400558,16.3479700,994.8683000,264.2537073,360.4449752,374.9893630,242.2905958
-0.7673057,-0.7673057,-0.6560080,291.3464245,63.9177169,1376.8381883,15.1027220,908.8611035,235.0213046,332.1532019,340.9359047,220.7813237
-0.7623057,-0.7623057,-0.6510080,267.2431000,48.4834354,1277.3258125,14.0322724,836.9705016,210.6062678,308.6498793,312.4990120,202.8327933
-0.7573057,-0.7573057,-0.6460080,247.3767921,35.7163375,1195.7297131,13.1372118,777.6950815,190.4667379,289.3914011,289.0550508,188.0460271
-0.7523057,-0.7523057,-0.6410080,231.2483619,25.3101199,1129.9216161,12.4003869,729.5744170,174.0987733,273.8687390,270.0175454,176.0471920
-0.7473057,-0.7473057,-0.6360080,218.3981232,16.9859049,1077.9415573,11.7960506,691.2442360,161.0417283,261.6130372,254.8457041,166.4924566
-0.7423057,-0.7423057,-0.6310080,208.4107872,10.4943721,1038.0143416,11.2900772,661.4658335,150.8819378,252.1995863,243.0505735,159.0714473
-0.7373057,-0.7373057,-0.6260080,200.9191342,5.6172923,1008.5619871,10.8406635,639.1419131,143.2554305,245.2508811,234.1995779,153.5098368
-0.7323057,-0.7323057,-0.6210080,195.6070743,2.1688587,988.2146283,10.4105778,623.3269069,137.8502918,240.4393666,227.9202468,149.5715422
-0.7273057,-0.7273057,-0.6160080,192.2126801,-0.0028470,975.8220129,9.9844248,613.2359555,134.4092056,237.4903880,223.9038531,147.0609459
-0.7223057,-0.7223057,-0.6110080,190.5316953,-1.0139886,970.4676273,9.5714349,608.2549049,132.7326276,236.1857849,221.9095868,145.8254896
-0.7173057,-0.7173057,-0.6060080,190.4218599,-0.9452619,971.4877789,9.1910837,607.9528943,132.6829382,236.3675902,221.7697893,145.7574594
-0.7123057,-0.7123057,-0.6010080,191.7740719,0.0682265,978.4973555,8.8614705,612.0988122,134.1709615,237.6383961,223.3818076,146.6925465
-0.7073057,-0.7073057,-0.5960080,193.0936133,1.1835933,966.2651261,8.6023262,619.7807730,136.2399949,235.1874077,225.3187976,147.2018776
-0.7023057,-0.7023057,-0.5910080,192.6624831,2.0559739,957.0905575,8.4425452,616.4497380,136.7309353,233.1858010,224.7171605,147.0093763
-0.6973057,-0.6973057,-0.5860080,196.0842909,4.9313736,970.4020379,8.4194042,626.1400295,140.4938913,236.2816595,228.6979986,149.6437235
-0.6923057,-0.6923057,-0.5810080,205.0771195,11.0708686,1007.5882580,8.5660941,652.7598972,149.7782087,245.0256677,239.3096403,156.3309444
-0.6873057,-0.6873057,-0.5760080,220.0835692,20.7818301,1071.4094824,8.8879107,698.1691278,164.9610770,260.0490747,257.1111931,167.3684101
-0.6823057,-0.6823057,-0.5710080,238.1096211,32.9349736,1165.9064111,9.3236096,749.6623031,182.7726493,278.9105300,278.1441295,181.0057036
-0.6773057,-0.6773057,-0.5660080,256.2464145,30.9083981,1183.3091229,9.7042699,801.8947544,201.3752376,259.6545169,299.3669331,194.8176432
-0.6723057,-0.6723057,-0.5610080,263.1105398,13.5737741,1141.7085708,9.8113812,813.9272113,203.0536846,249.1146953,307.4833439,199.8713339
-0.6673057,-0.6673057,-0.5560080,256.7327457,-3.5240840,1145.1401093,9.5947605,796.2979048,179.2079726,249.7102180,300.2102593,194.7890682
-0.6623057,-0.6623057,-0.5510080,242.9006951,-15.8381101,1117.7634299,9.2190718,756.9188886,164.8544173,248.0623699,283.7329295,184.7265200
-0.6573057,-0.6573057,-0.5460080,236.4105380,-27.2972774,1054.2866544,8.8551487,742.0027988,154.9567142,232.5696304,276.3816512,179.3951373
-0.6523057,-0.6523057,-0.5410080,229.3411933,-35.3302190,1023.3247999,8.5858026,724.6209340,143.2721618,224.9548173,268.1022480,174.1206007
-0.6473057,-0.6473057,-0.5360080,224.7623788,-39.3177549,1020.5554167,8.4405471,709.4099165,137.6110084,224.1499876,262.5188149,170.9514565
-0.6423057,-0.6423057,-0.5310080,225.2796922,-40.1105788,1042.8830959,8.4296156,710.4422956,137.5779320,229.3792992,263.0303867,171.4865635
-0.6373057,-0.6373057,-0.5260080,230.4527858,-40.9764820,1088.2024338,8.5538502,725.9627858,142.4117802,240.1113808,269.1620476,175.2723131
-0.6323057,-0.6323057,-0.5210080,234.6010586,-42.2751142,1133.6969334,8.8065640,741.8741106,148.3517450,252.5371700,273.9401753,178.4908440
-0.6273057,-0.6273057,-0.5160080,236.4258171,-41.3740963,1108.3937486,9.1754439,746.9755848,151.2169769,247.2370802,275.9670433,180.0771490
-0.6223057,-0.6223057,-0.5110080,241.1808500,-38.3009177,1103.3477282,9.6446302,762.5901529,156.8962869,246.0068620,281.7214567,183.4185452
-0.6173057,-0.6173057,-0.5060080,247.1604451,-33.4360748,1114.3737749,10.1962775,782.3045842,165.4263285,248.5949240,288.8636687,187.7909668
-0.6123057,-0.6123057,-0.5010080,253.6711385,-27.1082717,1138.1568999,10.8117485,799.3865676,176.2946680,254.2108921,296.3468109,192.8700336
-0.6073057,-0.6073057,-0.4960080,261.7997571,-19.5854707,1172.0539893,11.4728076,823.1235932,189.0790654,262.2255298,305.8503144,199.0721015
-0.6023057,-0.6023057,-0.4910080,271.6761674,-11.0863219,1213.9443683,12.1628370,852.4460506,203.4359424,272.1347700,317.4746685,206.4868435
-0.5973057,-0.5973057,-0.4860080,283.0022573,-1.7901040,1262.1172455,12.8678519,886.1531945,219.0845315,283.5325785,330.8222003,214.9480393
-0.5923057,-0.5923057,-0.4810080,295.4665393,8.1553339,1315.1865486,13.5771202,923.2714041,235.7935243,296.0904355,345.5146012,224.2464062
-0.5873057,-0.5873057,-0.4760080,308.8051669,18.6270405,1372.0258725,14.2833917,963.0096169,253.3693837,309.5416758,361.2385068,234.1926658
-0.5823057,-0.5823057,-0.4710080,322.8016961,29.5213399,1431.7180139,14.9829420,1004.7238623,271.6460195,323.6693546,377.7383049,244.6276942
-0.5773057,-0.5773057,-0.4660080,337.2794606,40.7487639,1493.5149684,15.6755254,1047.8891534,290.4759842,338.2966452,394.8056809,255.4203498
-0.5723057,-0.5723057,-0.4610080,352.0941216,52.2293238,1556.8054350,16.3639754,1092.0766608,309.7234340,353.2790524,412.2705432,266.4630120
-0.5673057,-0.5673057,-0.4560080,367.1272541,63.8880401,1621.0878403,17.0530845,1136.9347728,329.2587640,368.4979647,429.9934227,277.6671098
-0.5623057,-0.5623057,-0.4510080,382.2809073,75.6507676,1685.9477132,17.7477249,1182.1732174,348.9542501,383.8552588,447.8590832,288.9591175
-0.5573057,-0.5573057,-0.4460080,397.4730345,87.4404576,1751.0389026,18.4506405,1227.5498875,368.6797008,399.2688321,465.7711916,300.2771035
-0.5523057,-0.5523057,-0.4410080,412.6337532,99.1740745,1816.0686452,19.1605579,1272.8603730,388.2969431,414.6690626,483.6480032,311.5678531
-0.5473057,-0.5473057,-0.4360080,427.7024313,110.7604309,1865.1457382,19.8711985,1317.9304454,407.6471561,429.9962758,501.4190800,322.7845875
-0.5423057,-0.5423057,-0.4310080,442.6255645,122.0992062,1929.3389425,20.5715669,1362.6118590,426.4832578,445.1993440,519.0230081,333.8852954
-0.5373057,-0.5373057,-0.4260080,457.3552650,133.0813788,1992.8296513,21.2475698,1406.7818041,444.1414667,460.2355396,536.4058839,344.8316609
-0.5323057,-0.5323057,-0.4210080,471.8479160,143.5912180,2055.4811538,21.8845429,1450.3460664,459.4416756,475.0717212,553.5198692,355.5885270
-0.5273057,-0.5273057,-0.4160080,486.0621980,153.5098663,2117.2080112,22.4697372,1493.2447115,472.7321921,489.6868496,570.3202628,366.1238466
-0.5223057,-0.5223057,-0.4110080,499.9557064,162.7203954,2177.9916846,22.9936924,1535.4518556,484.9052721,504.0757161,586.7585870,376.4091599
-0.5173057,-0.5173057,-0.4060080,513.4773959,171.1140674,2237.9003162,23.4500074,1576.9111681,487.3927639,518.2536230,602.7694633,386.4044019
-0.5123057,-0.5123057,-0.4010080,524.6294730,178.5973801,2297.1111037,23.8339429,1591.9391528,483.8042805,532.2615721,616.1032726,394.4485957
-0.5073057,-0.5073057,-0.3960080,522.2215065,185.0993548,2318.8122877,24.1408043,1580.8222125,479.5663184,546.1542811,612.8317662,393.2698016
-0.5023057,-0.5023057,-0.3910080,517.6717008,190.5784446,2301.2611830,24.3648778,1567.9200712,474.6278965,554.5117621,607.4639928,389.8984904
-0.4973057,-0.4973057,-0.3860080,512.3808479,195.0284192,2280.8284729,24.4992321,1552.9001607,468.8881371,550.2209515,601.2257553,385.9573924
-0.4923057,-0.4923057,-0.3810080,506.2478994,198.4825781,2257.0384838,24.5363688,1535.4387747,462.2496336,544.7451756,593.9953443,381.3868744
-0.4873057,-0.4873057,-0.3760080,499.1774407,201.0146158,2229.4502072,24.4695550,1515.2368866,454.6236153,538.2599356,585.6601969,376.1160665
-0.4823057,-0.4823057,-0.3710080,491.0877469,202.7062549,2197.6807490,24.2945007,1492.0364194,445.9351962,530.6761265,576.1239427,370.0841025
-0.4773057,-0.4773057,-0.3660080,481.9159463,202.9529988,2161.4278573,24.0107973,1465.6358704,436.1284102,521.9256255,565.3124840,363.2440756
-0.4723057,-0.4723057,-0.3610080,471.6225937,197.9611514,2120.4899852,23.6224326,1435.9042149,425.1706771,511.9662179,553.1793899,355.5664496
-0.4673057,-0.4673057,-0.3560080,460.1953630,189.5528356,2074.7826269,23.1370088,1402.7922038,413.0564039,500.7859165,539.7102543,347.0418109
-0.4623057,-0.4623057,-0.3510080,447.6516470,180.2336363,2024.3500293,22.5639633,1366.3404307,399.8095158,488.4061779,524.9257713,337.6828092
-0.4573057,-0.4573057,-0.3460080,434.0399540,170.2231631,1969.3717959,21.9126824,1326.6838314,385.4848073,474.8834974,508.8833927,327.5252095
-0.4523057,-0.4523057,-0.3410080,419.4400934,159.5883835,1910.1643309,21.1914969,1284.0525808,370.1681047,460.3092078,491.6775551,316.6280559
-0.4473057,-0.4473057,-0.3360080,403.9622453,148.4091384,1847.1774889,20.4080951,1238.7696466,353.9753305,444.8076715,473.4385798,305.0730288
-0.4423057,-0.4423057,-0.3310080,387.7451043,136.7817183,1794.2551211,19.5711330,1191.2455164,337.0506470,428.5333044,454.3304607,292.9631405
-0.4373057,-0.4373057,-0.3260080,370.9533694,124.8022113,1723.0931056,18.6921440,1141.9708369,319.5639299,411.6669414,434.5478493,280.4209697
-0.4323057,-0.4323057,-0.3210080,353.7749140,112.0484952,1649.6608975,17.7866597,1091.5078609,301.7078798,394.4120109,414.3126246,267.5866673
-0.4273057,-0.4273057,-0.3160080,336.4180036,96.3559394,1575.2533448,16.8739416,1040.4817091,283.6951151,376.9909171,393.8704914,254.6159725
-0.4223057,-0.4223057,-0.3110080,319.1089309,80.3249038,1501.0242826,15.9755358,989.5725031,265.7556148,359.6419845,373.4880702,241.6784778
-0.4173057,-0.4173057,-0.3060080,302.0904113,66.5440551,1428.0884698,15.1133465,939.5094415,248.1348865,342.6172972,353.4509296,228.9563646
-0.4123057,-0.4123057,-0.3010080,285.6210397,55.5178923,1357.5863881,14.3077777,891.0678853,231.0932342,326.1817661,334.0629608,216.6438372
-0.4073057,-0.4073057,-0.2960080,269.9760843,47.4698206,1290.7086276,13.5760188,845.0705130,214.9065016,310.6137553,315.6474371,204.9475004
-0.4023057,-0.4023057,-0.2910080,255.4499089,41.6421076,1228.7121049,12.9303048,802.3936100,199.8686644,296.2076057,298.5500683,194.0879667
-0.3973057,-0.3973057,-0.2860080,242.3603729,34.0095662,1172.9412577,12.3762689,763.9795414,186.2966562,283.2784037,283.1443927,184.3030146
-0.3923057,-0.3923057,-0.2810080,231.0556484,25.8978382,1124.8590591,11.9123940,730.8564061,174.5378392,272.1693685,269.8399458,175.8526602
-0.3873057,-0.3873057,-0.2760080,221.9239689,19.1158764,1086.0904532,11.5326008,704.1657777,164.9805774,263.2622750,259.0937655,169.0265155
-0.3823057,-0.3823057,-0.2710080,215.4068824,14.0026929,1058.4804576,11.2332966,685.1994939,158.0684399,256.9914017,251.4259080,164.1538337
-0.3773057,-0.3773057,-0.2660080,212.0166218,10.8802712,1044.1694226,11.0214617,675.4472413,154.3186678,253.8615892,247.4397227,161.6166693
-0.3723057,-0.3723057,-0.2610080,212.3582592,10.1316789,1045.6884198,10.9151404,676.6593523,154.3456668,254.4711283,247.8477085,161.8666340
-0.3673057,-0.3673057,-0.2560080,217.1574103,12.2202099,1066.0783930,10.9315129,690.9341281,158.8904587,259.5403561,253.5039018,165.4458146
-0.3623057,-0.3623057,-0.2510080,227.2944457,17.7126638,1109.0374849,11.0691183,720.8401892,168.8572228,269.9470359,265.4440268,173.0125306
-0.3573057,-0.3573057,-0.2460080,243.8456974,27.3078564,1179.1018590,11.2965432,769.5698222,185.3581151,286.7696761,284.9349876,185.3673031
-0.3523057,-0.3523057,-0.2410080,256.5431494,41.4862166,1248.7465705,11.5596864,801.3117342,201.5049831,301.8454077,299.6775211,195.0866239
-0.3473057,-0.3473057,-0.2360080,254.9580527,43.7615897,1235.6407843,11.8179222,797.0527962,199.6720450,298.2774404,297.8335235,193.8961200
-0.3423057,-0.3423057,-0.2310080,259.6365017,40.4506005,1246.6831227,12.0937753,811.8080345,204.1814471,300.9870012,303.4328104,197.2675248
-0.3373057,-0.3373057,-0.2260080,271.2963059,38.7401122,1288.0744529,12.4811994,848.1652861,215.4955386,310.9101617,317.3171271,205.7676711
-0.3323057,-0.3323057,-0.2210080,286.6500782,41.7298289,1364.4749662,13.0934977,894.0657406,224.2505807,329.0857938,335.4676844,217.0735867
-0.3273057,-0.3273057,-0.2160080,301.2003239,50.2748966,1429.7792393,13.9947366,935.5373496,238.0200864,350.6634775,352.4069180,228.2785907
-0.3223057,-0.3223057,-0.2110080,325.2522954,65.2756124,1530.8188523,15.1199584,1006.3899786,262.0263687,374.9627634,380.7580596,246.2210453
-0.3173057,-0.3173057,-0.2060080,360.2632127,81.7618976,1681.3935030,16.1738806,1111.5667814,297.5228988,410.7724135,422.2557309,272.0049225
-0.3123057,-0.3123057,-0.2010080,352.1365261,75.0043655,1652.9213034,16.7884058,1083.2722921,289.9331764,407.8197407,412.3271701,266.4747392
-0.3073057,-0.3073057,-0.1960080,348.9281669,73.0465878,1639.1659542,17.0445011,1073.8787179,286.5350852,404.6193335,408.5468401,264.0778600
-0.3023057,-0.3023057,-0.1910080,353.8891752,76.2707512,1659.5157707,17.2827808,1088.4818969,291.2962074,409.3698092,414.3973651,267.7706921
-0.2973057,-0.2973057,-0.1860080,367.5224741,84.9805332,1715.9636787,17.5815804,1128.4956534,304.6739475,422.7539358,430.4721353,277.9270450
-0.2923057,-0.2923057,-0.1810080,390.6090014,99.6466094,1811.6418214,17.6685098,1196.1358269,327.3905478,445.5267976,457.6927698,295.1271279
-0.2873057,-0.2873057,-0.1760080,399.6076798,120.2656166,1834.6628310,17.2150570,1233.6748051,358.7210082,433.8609398,468.2844773,301.8724168
-0.2823057,-0.2823057,-0.1710080,370.5955857,127.0824883,1706.1950534,16.4320007,1147.3341334,332.4630262,398.2532656,434.1367584,280.1319764
-0.2773057,-0.2773057,-0.1660080,357.1037058,118.8698385,1626.9979626,15.7348998,1108.2975493,320.5901564,379.0939606,418.4174140,269.8364233
-0.2723057,-0.2723057,-0.1610080,355.4541548,71.6425409,1605.6312646,15.2150471,1103.2025282,313.8123114,363.4470738,416.4888750,268.5798904
-0.2673057,-0.2673057,-0.1560080,342.3271110,37.6826725,1480.5463775,14.7218245,1061.5494000,258.7405344,327.7854910,400.9916734,258.8093403
-0.2623057,-0.2623057,-0.1510080,306.6563798,13.9438683,1389.0625339,14.1289761,952.9218792,219.8663781,306.0161894,358.7065126,232.5862358
-0.2573057,-0.2573057,-0.1460080,280.0277681,-1.8343028,1345.5916411,13.5009648,873.6041937,193.6695376,295.6352389,327.3113673,212.7509617
-0.2523057,-0.2523057,-0.1410080,263.3744880,-11.3324283,1341.1915858,12.9978794,823.8587488,177.4676252,294.7544674,307.6857345,200.3125595
-0.2473057,-0.2473057,-0.1360080,254.6784253,-15.8037171,1305.6253822,12.7315958,797.7503287,169.2570227,301.9684625,297.4546083,193.7777295
-0.2423057,-0.2423057,-0.1310080,252.4078990,-16.1867119,1289.2947879,12.7405388,790.8171109,167.5342930,316.1783144,294.8195132,192.0074254
-0.2373057,-0.2373057,-0.1260080,255.4121633,-13.1889998,1292.5573275,13.0181044,799.6789616,171.1635540,326.7942076,298.4174681,194.1644277
-0.2323057,-0.2323057,-0.1210080,262.8405017,-7.3496674,1316.8775264,13.5369869,821.7427178,179.2775313,332.4874832,307.2287219,199.6354896
-0.2273057,-0.2273057,-0.1160080,274.0591252,0.9139313,1359.0908234,14.2617076,854.9884151,191.2034617,342.3691055,320.4936610,207.9555829
-0.2223057,-0.2223057,-0.1110080,288.5715491,11.2711121,1416.5286406,15.1546390,897.8240593,206.4075361,355.8568052,337.6247876,218.7514254
-0.2173057,-0.2173057,-0.1060080,305.9622113,23.4516670,1487.0389444,16.1797772,948.9673851,224.4534019,372.4445628,358.1352430,231.7075860
-0.2123057,-0.2123057,-0.1010080,325.8645640,37.2265338,1568.8356966,17.3057646,1007.3301316,244.9715501,391.7131820,381.5959067,246.5470408
-0.2073057,-0.2073057,-0.0960080,347.9439110,52.3939128,1660.3865316,18.5075018,1071.9337472,267.6373458,413.3036140,407.6134906,263.0190300
-0.2023057,-0.2023057,-0.0910080,371.8879982,68.7698268,1760.3352668,19.7648936,1141.8746820,292.1561034,436.8984581,435.8200704,280.8911389
-0.1973057,-0.1973057,-0.0860080,397.4028417,86.1823915,1851.8122569,21.0581106,1216.3183597,318.2540457,462.2102182,465.8695892,299.9448234
-0.1923057,-0.1923057,-0.0810080,424.2130278,104.4692366,1964.9731356,22.3601366,1294.4966203,345.6742480,488.9751669,497.4394612,319.9742615
-0.1873057,-0.1873057,-0.0760080,452.0655401,123.4776002,2083.1480367,23.6284444,1375.7040850,374.1768114,516.9518426,530.2353478,340.7882980
-0.1823057,-0.1823057,-0.0710080,480.7355805,143.0666491,2205.4168494,24.8001540,1459.3021346,403.5425511,545.9232255,563.9969773,362.2148659
-0.1773057,-0.1773057,-0.0660080,510.0329612,163.1094899,2330.9925323,25.8004294,1544.7350323,433.5794638,575.7014786,598.5039979,384.1068790
-0.1723057,-0.1723057,-0.0610080,539.7506324,181.4154232,2457.3537660,26.5723261,1631.5550744,464.1292759,606.0546667,633.5523020,406.2051504
-0.1673057,-0.1673057,-0.0560080,550.3429209,184.5431322,2493.1000271,27.1106667,1671.8041577,483.0277000,614.4607024,645.9786998,414.2457273
-0.1623057,-0.1623057,-0.0510080,550.5888198,185.8600465,2490.3227642,27.4616968,1671.6231385,482.8064359,613.5406352,646.2693311,414.4286485
-0.1573057,-0.1573057,-0.0460080,549.7796573,186.6956798,2482.9826053,27.6873618,1668.2757029,481.4492725,611.7372563,645.3169276,413.8242889
-0.1523057,-0.1523057,-0.0410080,547.8168398,186.9831636,2470.7323341,27.8328461,1661.5079402,479.0426192,608.6028615,643.0122728,412.3419123
-0.1473057,-0.1473057,-0.0360080,544.6427094,186.6707012,2453.3622949,27.9172030,1651.1622291,475.5962635,604.1929118,639.2869539,409.9411266
-0.1423057,-0.1423057,-0.0310080,540.2352123,185.7265160,2430.8217252,27.9394387,1637.1922287,471.1090945,598.5582196,634.1146258,406.6123794
-0.1373057,-0.1373057,-0.0260080,534.6119752,184.1411387,2403.2284055,27.8893186,1619.6694669,465.5970051,591.7314045,627.5153544,402.3728569
-0.1323057,-0.1323057,-0.0210080,527.8321734,181.9278719,2370.8660338,27.7573312,1598.7809041,459.1042596,583.7798873,619.5567786,397.2706985
-0.1273057,-0.1273057,-0.0160080,519.9939105,179.1214904,2334.1698589,27.5410378,1574.8178224,451.7056259,574.8068557,610.3515377,391.3827086
-0.1223057,-0.1223057,-0.0110080,511.2280075,175.7753891,2293.7021063,27.2466751,1548.1575776,443.5034164,564.9455552,600.0509233,384.8088797
-0.1173057,-0.1173057,-0.0060080,501.6890757,171.9575079,2250.1194985,26.8869773,1519.2406969,434.6215427,554.3516268,588.8351445,377.6654807
-0.1123057,-0.1123057,-0.0010080,491.5452038,167.7454395,2204.1356628,26.4775851,1488.5458392,425.1978549,543.1942333,576.9014259,370.0776561
-0.1073057,-0.1073057,0.0039920,480.9675548,163.2211563,2156.4814122,26.0340412,1456.5641815,415.3757093,531.6466802,564.4515320,362.1721798
-0.1023057,-0.1023057,0.0089920,470.1207806,158.4657785,2107.8657975,25.5700743,1423.7738607,405.2955427,519.8772197,551.6800608,354.0707665
-0.0973057,-0.0973057,0.0139920,459.1547583,153.5547609,2058.9405111,25.0969197,1390.6152478,395.0871006,508.0406462,538.7643358,345.8842100
-0.0923057,-0.0923057,0.0189920,448.1979189,148.5538020,2010.2697309,24.6231708,1357.4688708,384.8628263,496.2711774,525.8563028,337.7075541
-0.0873057,-0.0873057,0.0239920,437.3523223,143.5156943,1962.3069126,24.1548103,1324.6384445,374.7127710,484.6769768,513.0766123,329.6164623
-0.0823057,-0.0823057,0.0289920,426.6905775,138.4782410,1915.3794175,23.6952753,1292.3408684,364.7012328,473.3365253,500.5109678,321.6649013
-0.0773057,-0.0773057,0.0339920,416.2546382,133.4632818,1869.6812776,23.2455678,1260.7035438,354.8651957,462.2969118,488.2087466,313.8841876
-0.0723057,-0.0723057,0.0389920,406.0564227,128.4767924,1840.9160667,22.8044860,1229.7677993,345.2145142,451.5739897,476.1838173,306.2833704
-0.0673057,-0.0673057,0.0439920,396.0801144,123.5099592,1797.7349744,22.3690567,1199.4964308,335.7336885,441.1542417,464.4173655,298.8508493
-0.0623057,-0.0623057,0.0489920,386.2858966,118.5410882,1755.6085556,21.9351737,1169.7837025,326.3850017,430.9981212,452.8624193,291.5570547
-0.0573057,-0.0573057,0.0539920,376.6147953,113.5381695,1714.2706338,21.4983141,1140.4671772,317.1127344,421.0445778,441.4496582,284.3579653
-0.0523057,-0.0523057,0.0589920,366.9942461,108.4619053,1673.3878033,21.0540182,1111.3414267,307.8481460,411.2164184,430.0940185,277.1991976
-0.0473057,-0.0473057,0.0639920,357.3439852,103.2689997,1632.5834848,20.5976767,1082.1735397,298.5148949,401.4157293,418.7016074,270.0203882
-0.0423057,-0.0423057,0.0689920,347.5818927,97.9155116,1591.4638643,20.1232969,1052.7197667,289.0345795,390.0725271,407.1764952,262.7595939
-0.0373057,-0.0373057,0.0739920,337.6294766,92.3600852,1549.6432365,19.6216433,1022.7422210,279.3320949,370.3896756,395.4270512,255.3574657
-0.0323057,-0.0323057,0.0789920,327.4167579,86.5668902,1506.7674911,19.0792924,992.0244911,269.3405333,349.9619321,383.3715841,247.7609912
-0.0273057,-0.0273057,0.0839920,316.8863827,80.5081286,1462.5346418,18.4804552,960.3852170,259.0053950,330.4857384,370.9431124,239.9266476
-0.0223057,-0.0223057,0.0889920,305.9968365,74.1659976,1414.4962052,17.8115677,927.6889492,248.2879270,311.8155004,358.0931273,231.8228422
-0.0173057,-0.0173057,0.0939920,294.7246720,67.5336114,1339.2610628,17.0662580,893.8538740,237.1674611,293.7989564,344.7942420,223.4314582
-0.0123057,-0.0123057,0.0989920,283.0556508,60.5350812,1265.2218169,16.2487384,858.8562012,225.6403415,276.3056491,331.0378216,214.7093224
-0.0073057,-0.0073057,0.1039920,266.6555981,50.3194101,1193.2165973,15.3750037,800.7792249,211.9787716,259.2276770,311.8414003,202.2481234
-0.0023057,-0.0023057,0.1089920,240.7635743,35.1353436,1107.2612091,14.4697146,722.6103773,187.4948921,242.4566503,281.1247208,183.2685353
0.0026943,0.0026943,0.1139920,217.2857311,20.8345842,1007.5776681,13.5575073,652.9462375,164.0721612,225.5550340,253.4521489,165.7663625
0.0076943,0.0076943,0.1189920,196.3072579,7.9557605,918.4693520,12.6541464,590.6483295,143.0342978,198.2835216,228.7301258,150.1144552
0.0126943,0.0126943,0.1239920,177.5033315,-3.6569745,822.2802141,11.7647787,534.7451219,124.0884118,168.8692581,206.5737661,136.0806445
0.0176943,0.0176943,0.1289920,160.5963318,-14.1558769,714.9608033,10.8883592,484.4124875,106.9786466,143.5584879,186.6555709,123.4578394
0.0226943,0.0226943,0.1339920,145.3503713,-23.6701637,622.1270865,10.0222418,438.9542265,91.4886572,121.7179982,168.6980898,112.0659284
0.0276943,0.0276943,0.1389920,131.5615374,-32.3084719,541.4290086,9.1660266,397.7836926,77.4358923,102.7879646,152.4649545,101.7416239
0.0326943,0.0326943,0.1439920,119.0449040,-40.1622026,470.9386772,8.3258993,360.4069321,64.6662743,86.3087634,137.7482000,92.3333379
0.0376943,0.0376943,0.1489920,107.6269181,-47.3101657,409.0789207,7.5156923,326.4074509,53.0494427,71.9037602,124.3539652,83.7113202
0.0426943,0.0426943,0.1539920,97.1573716,-53.8336433,354.5595357,6.7521377,295.4314088,42.4745453,59.2642597,112.1016932,75.7858224
0.0476943,0.0476943,0.1589920,87.5336658,-59.8569349,306.3237860,6.0484540,267.1671551,32.8458803,48.1368586,100.8481251,68.5091701
0.0526943,0.0526943,0.1639920,78.7042706,-65.5701468,263.5039364,5.4111340,241.3126376,24.0740249,38.3129313,90.5103052,61.8547664
0.0576943,0.0576943,0.1689920,70.6413561,-71.1114135,225.3846161,4.8405045,217.5592910,16.0543695,29.6199265,81.0512052,55.7932017
0.0626943,0.0626943,0.1739920,63.3109296,-76.4339869,191.3728755,4.3329661,195.6547755,8.6472874,21.9140059,72.4414479,50.2833093
0.0676943,0.0676943,0.1789920,56.6629348,-81.4467968,160.9739001,3.8830728,175.4865513,1.7170909,15.0732241,64.6348557,45.2777234
0.0726943,0.0726943,0.1839920,50.6390983,-86.1943814,133.7714542,3.4847889,157.0347006,-4.7778330,8.9903685,57.5687826,40.7318940
0.0776943,0.0776943,0.1889920,45.1848873,-90.7993228,109.4122419,3.1320401,140.2616901,-10.7839613,3.5657390,51.1776727,36.6074066
0.0826943,0.0826943,0.1939920,40.2543778,-95.2781290,87.5934855,2.8188949,125.0717515,-16.2497642,-1.2975352,45.4043872,32.8694874
0.0876943,0.0876943,0.1989920,35.8071404,-99.5179730,68.0531192,2.5396315,111.3298018,-21.1836757,-5.6922420,40.2013497,29.4840316
0.0926943,0.0926943,0.2039920,31.8035585,-103.4080725,50.5620923,2.2888050,98.8985806,-25.6454656,-9.6996187,35.5250577,26.4173332
0.0976943,0.0976943,0.2089920,28.2032464,-106.9034644,34.9183520,2.0613003,87.6669529,-29.7127478,-13.3798428,31.3315318,23.6377493
0.1026943,0.1026943,0.2139920,24.9663783,-110.0086816,20.9421141,1.8522665,77.5515433,-33.4477655,-16.7661055,27.5757436,21.1173252
0.1076943,0.1076943,0.2189920,22.0557782,-112.7510214,8.4720329,1.6568916,68.4797587,-36.8806943,-19.8667774,24.2135402,18.8323019
0.1126943,0.1126943,0.2239920,19.4382547,-115.1650683,-2.6380233,1.4702505,60.3757697,-40.0165351,-22.6763512,21.2037914,16.7625865
0.1176943,0.1176943,0.2289920,17.0848618,-117.2859672,-12.5216312,1.2876372,53.1576566,-42.8533382,-25.1894362,18.5095904,14.8907801
0.1226943,0.1226943,0.2339920,14.9704615,-119.1472044,-21.3021465,1.1054850,46.7410279,-45.3950772,-27.4103366,16.0984562,13.2012400
0.1276943,0.1276943,0.2389920,13.0730344,-120.7806947,-29.0960303,0.9223314,41.0435674,-47.6547395,-29.3556517,13.9419714,11.6793788
0.1326943,0.1326943,0.2439920,11.3729678,-122.2180211,-36.0184651,0.7389977,35.9882106,-49.6519425,-31.0518242,12.0152207,10.3112500
0.1376943,0.1376943,0.2489920,9.8524265,-123.4915682,-42.1882699,0.5576746,31.5046098,-51.4095965,-32.5303383,10.2961621,9.0834179
0.1426943,0.1426943,0.2539920,8.4948942,-124.6340103,-47.7237708,0.3804458,27.5292503,-52.9516785,-33.8225403,8.7650006,7.9830529
0.1476943,0.1476943,0.2589920,7.2849564,-125.6753328,-52.7269441,0.2080971,24.0048789,-54.3023043,-34.9556420,7.4036735,6.9981141
0.1526943,0.1526943,0.2639920,6.2082916,-126.6383982,-57.2709596,0.0397547,20.8798967,-55.4853444,-35.9510751,6.1955554,6.1174527
0.1576943,0.1576943,0.2689920,5.2517258,-127.5355672,-61.4075538,-0.1264731,18.1080325,-56.5237537,-36.8253124,5.1253710,5.3307418
0.1626943,0.1626943,0.2739920,4.4031860,-128.3685499,-65.1837819,-0.2922046,15.6482183,-57.4384215,-37.5921122,4.1791741,4.6282389
0.1676943,0.1676943,0.2789920,3.6514851,-129.1316612,-68.6448731,-0.4578048,13.4644354,-58.2470308,-38.2650810,3.3442311,4.0004385
0.1726943,0.1726943,0.2839920,2.9859641,-129.8166404,-71.8213005,-0.6223586,11.5253803,-58.9634564,-38.8611282,2.6087446,3.4377111
0.1776943,0.1776943,0.2889920,2.3960710,-130.4167341,-74.7200673,-0.7841549,9.8039657,-59.5978057,-39.4079511,1.9614443,2.9301422
0.1826943,0.1826943,0.2939920,1.8710408,-130.9288391,-77.3330646,-0.9408575,8.2767425,-60.1569270,-39.9567245,1.3911390,2.4678766
0.1876943,0.1876943,0.2989920,1.3999789,-131.3538300,-79.6534067,-1.0891595,6.9232945,-60.6452176,-40.5856078,0.8864283,2.0420301
0.1926943,0.1926943,0.3039920,0.9725748,-131.6958101,-81.6861246,-1.2245882,5.7256046,-61.0655939,-41.3642830,0.4358999,1.6456829
0.1976943,0.1976943,0.3089920,0.5801864,-131.9609933,-83.4513192,-1.3423424,4.6673994,-61.4204555,-42.2923294,0.0289724,1.2742422
0.2026943,0.2026943,0.3139920,0.2165744,-132.1566534,-84.9951646,-1.4387975,3.7335084,-61.7124585,-43.2927059,-0.3430013,0.9249366
0.2076943,0.2076943,0.3189920,-0.1222390,-132.2903223,-86.4790955,-1.5123655,2.9093101,-61.9449691,-44.2729654,-0.6861341,0.5958707
0.2126943,0.2126943,0.3239920,-0.4388116,-132.3692664,-88.4199343,-1.5632792,2.1804123,-62.1221791,-45.1731046,-1.0043197,0.2852720
0.2176943,0.2176943,0.3289920,-0.7351960,-132.4001907,-91.3069551,-1.5929630,1.5327721,-62.2489661,-45.9696628,-1.3001507,-0.0087543
0.2226943,0.2226943,0.3339920,-1.0134400,-132.3891073,-94.5990005,-1.6035615,0.9533103,-62.3306086,-46.6615324,-1.5757952,-0.2880420
0.2276943,0.2276943,0.3389920,-1.2755891,-132.3413086,-97.6393667,-1.5976623,0.4307163,-62.3724477,-47.2574973,-1.8334150,-0.5539376
0.2326943,0.2326943,0.3439920,-1.5233248,-132.2614011,-100.2344194,-1.5780705,-0.0440656,-62.3795620,-47.7695045,-2.0750891,-0.8067526
0.2376943,0.2376943,0.3489920,-1.7573825,-132.1533717,-102.3918263,-1.5475862,-0.4779435,-62.3565192,-48.2094728,-2.3023683,-1.0452835
0.2426943,0.2426943,0.3539920,-1.9769788,-132.0206645,-104.1668773,-1.5088185,-0.8762225,-62.3072555,-48.5874893,-2.5156302,-1.2667855
0.2476943,0.2476943,0.3589920,-2.1796638,-131.8662571,-105.6196517,-1.4640646,-1.2432195,-62.2350886,-48.9108702,-2.7135706,-1.4676435
0.2526943,0.2526943,0.3639920,-2.3619061,-131.6927296,-106.8042755,-1.4152584,-1.5826405,-62.1428238,-49.1842790,-2.8932904,-1.6444492
0.2576943,0.2576943,0.3689920,-2.5201810,-131.5023228,-107.7665692,-1.3639712,-1.8975513,-62.0328886,-49.4106933,-3.0511289,-1.7948683
0.2626943,0.2626943,0.3739920,-2.6519356,-131.2969882,-108.5442401,-1.3114431,-2.1899580,-61.9074476,-49.5925568,-3.1838024,-1.9179654
0.2676943,0.2676943,0.3789920,-2.7560219,-131.0784277,-109.1679102,-1.2586285,-2.4602917,-61.7684746,-49.7325728,-3.2892237,-2.0141013
0.2726943,0.2726943,0.3839920,-2.8326534,-130.8481283,-109.6622969,-1.2062457,-2.7072821,-61.6177884,-49.8339935,-3.3667541,-2.0846567
0.2776943,0.2776943,0.3889920,-2.8831417,-130.6073904,-110.0473018,-1.1548218,-2.9284902,-61.4570622,-49.9005457,-3.4170575,-2.1317367
0.2826943,0.2826943,0.3939920,-2.9095909,-130.3573519,-110.3389859,-1.1047335,-3.1212659,-61.2878228,-49.9361983,-3.4418063,-2.1578987
0.2876943,0.2876943,0.3989920,-2.9146124,-130.0990095,-110.5504433,-1.0562398,-3.2836231,-61.1114472,-49.9449141,-3.4433746,-2.1659145
0.2926943,0.2926943,0.4039920,-2.9010724,-129.8332366,-110.6925458,-1.0095095,-3.4147060,-60.9291617,-49.9304581,-3.4245574,-2.1585737
0.2976943,0.2976943,0.4089920,-2.8718815,-129.5607995,-110.7745196,-0.9646427,-3.5148563,-60.7420458,-49.8962769,-3.3883278,-2.1385373
0.3026943,0.3026943,0.4139920,-2.8298353,-129.2823707,-110.8043488,-0.9216876,-3.5854478,-60.5510391,-49.8454395,-3.3376391,-2.1082429
0.3076943,0.3076943,0.4189920,-2.7775078,-128.9985414,-110.7890322,-0.8806543,-3.6286361,-60.3569520,-49.7806239,-3.2752813,-2.0698535
0.3126943,0.3126943,0.4239920,-2.7171919,-128.7098321,-110.7347384,-0.8415242,-3.6470963,-60.1604774,-49.7041316,-3.2037899,-2.0252419
0.3176943,0.3176943,0.4289920,-2.6508777,-128.4167013,-110.6469034,-0.8042587,-3.6437838,-59.9622032,-49.6179185,-3.1254000,-1.9759980
0.3226943,0.3226943,0.4339920,-2.5802564,-128.1195537,-110.5302988,-0.7688049,-3.6217316,-59.7626248,-49.5236329,-3.0420340,-1.9234496
0.3276943,0.3276943,0.4389920,-2.5067408,-127.8187471,-110.3890899,-0.7351001,-3.5838943,-59.5621570,-49.4226553,-2.9553130,-1.8686914
0.3326943,0.3326943,0.4439920,-2.4314937,-127.5145986,-110.2268910,-0.7030754,-3.5330395,-59.3611447,-49.3161360,-2.8665808,-1.8126149
0.3376943,0.3376943,0.4489920,-2.3554594,-127.2073892,-110.0468205,-0.6726584,-3.4716819,-59.1598729,-49.2050303,-2.7769352,-1.7559385
0.3426943,0.3426943,0.4539920,-2.2793955,-126.8973689,-109.8515551,-0.6437751,-3.4020516,-58.9585753,-49.0901290,-2.6872604,-1.6992349
0.3476943,0.3476943,0.4589920,-2.2039019,-126.5847602,-109.6433823,-0.6163513,-3.3260891,-58.7574422,-48.9720854,-2.5982593,-1.6429553
0.3526943,0.3526943,0.4639920,-2.1294471,-126.2697618,-109.4242501,-0.5903137,-3.2454556,-58.5566268,-48.8514382,-2.5104820,-1.5874510
0.3576943,0.3576943,0.4689920,-2.0563912,-125.9525510,-109.1958123,-0.5655909,-3.1615547,-58.3562513,-48.7286305,-2.4243522,-1.5329909
0.3626943,0.3626943,0.4739920,-1.9850052,-125.6332867,-108.9594699,-0.5421135,-3.0755591,-58.1564114,-48.6040267,-2.3401895,-1.4797772
0.3676943,0.3676943,0.4789920,-1.9154875,-125.3121116,-108.7164068,-0.5198147,-2.9884379,-57.9571809,-48.4779257,-2.2582280,-1.4279576
0.3726943,0.3726943,0.4839920,-1.8479780,-124.9891537,-108.4676227,-0.4986306,-2.9009843,-57.7586152,-48.3505723,-2.1786332,-1.3776359
0.3776943,0.3776943,0.4889920,-1.7825693,-124.6645283,-108.2139600,-0.4785001,-2.8138412,-57.5607541,-48.2221667,-2.1015143,-1.3288808
0.3826943,0.3826943,0.4939920,-1.7193160,-124.3383394,-107.9561284,-0.4593654,-2.7275239,-57.3636249,-48.0928724,-2.0269364,-1.2817327
0.3876943,0.3876943,0.4989920,-1.6582427,-124.0106809,-107.6947247,-0.4411713,-2.6424407,-57.1672439,-47.9628223,-1.9549286,-1.2362097
0.3926943,0.3926943,0.5039920,-1.5993503,-123.6816380,-107.4302508,-0.4238656,-2.5589103,-56.9716188,-47.8321246,-1.8854922,-1.1923122
0.3976943,0.3976943,0.5089920,-1.5426209,-123.3512876,-107.1631283,-0.4073992,-2.4771771,-56.7767502,-47.7008668,-1.8186063,-1.1500269
0.4026943,0.4026943,0.5139920,-1.4880226,-123.0196998,-106.8937112,-0.3917256,-2.3974238,-56.5826327,-47.5691196,-1.7542333,-1.1093297
0.4076943,0.4076943,0.5189920,-1.4355121,-122.6869381,-106.6222965,-0.3768009,-2.3197826,-56.3892562,-47.4369396,-1.6923223,-1.0701885
0.4126943,0.4126943,0.5239920,-1.3850382,-122.3530606,-106.3491332,-0.3625837,-2.2443441,-56.1966068,-47.3043724,-1.6328129,-1.0325649
0.4176943,0.4176943,0.5289920,-1.3365436,-122.0181203,-106.0744299,-0.3490353,-2.1711651,-56.0046675,-47.1714540,-1.5756376,-0.9964164
0.4226943,0.4226943,0.5339920,-1.2899671,-121.6821655,-105.7983613,-0.3361189,-2.1002748,-55.8134191,-47.0382129,-1.5207241,-0.9616972
0.4276943,0.4276943,0.5389920,-1.2452444,-121.3452406,-105.5210735,-0.3238002,-2.0316802,-55.6228406,-46.9046715,-1.4679966,-0.9283595
0.4326943,0.4326943,0.5439920,-1.2023098,-121.0073864,-105.2426886,-0.3120466,-1.9653706,-55.4329096,-46.7708471,-1.4173778,-0.8963544
0.4376943,0.4376943,0.5489920,-1.1610972,-120.6686405,-104.9633086,-0.3008278,-1.9013211,-55.2436029,-46.6367530,-1.3687895,-0.8656326
0.4426943,0.4426943,0.5539920,-1.1215403,-120.3290372,-104.6830188,-0.2901151,-1.8394958,-55.0548967,-46.5023992,-1.3221535,-0.8361446
0.4476943,0.4476943,0.5589920,-1.0835734,-119.9886088,-104.4018899,-0.2798815,-1.7798501,-54.8667670,-46.3677931,-1.2773924,-0.8078417
0.4526943,0.4526943,0.5639920,-1.0471321,-119.6473847,-104.1199813,-0.2701016,-1.7223329,-54.6791896,-46.2329401,-1.2344303,-0.7806759
0.4576943,0.4576943,0.5689920,-1.0121534,-119.3053925,-103.8373421,-0.2607516,-1.6668883,-54.4921404,-46.0978440,-1.1931926,-0.7546000
0.4626943,0.4626943,0.5739920,-0.9785757,-118.9626580,-103.5540134,-0.2518090,-1.6134569,-54.3055958,-45.9625072,-1.1536069,-0.7295684
0.4676943,0.4676943,0.5789920,-0.9463394,-118.6192052,-103.2700293,-0.2432527,-1.5619770,-54.1195324,-45.8269315,-1.1156030,-0.7055366
0.4726943,0.4726943,0.5839920,-0.9153871,-118.2750565,-102.9854183,-0.2350628,-1.5123855,-53.9339274,-45.6911177,-1.0791127,-0.6824618
0.4776943,0.4776943,0.5889920,-0.8856629,-117.9302331,-102.7002041,-0.2272206,-1.4646186,-53.7487587,-45.5550662,-1.0440707,-0.6603024
0.4826943,0.4826943,0.5939920,-0.8571135,-117.5847552,-102.4144066,-0.2197084,-1.4186126,-53.5640048,-45.4187771,-1.0104137,-0.6390187
0.4876943,0.4876943,0.5989920,-0.8296874,-117.2386417,-102.1280425,-0.2125097,-1.3743040,-53.3796448,-45.2822503,-0.9780812,-0.6185723
0.4926943,0.4926943,0.6039920,-0.8033354,-116.8919106,-101.8411259,-0.2056086,-1.3316303,-53.1956588,-45.1454856,-0.9470149,-0.5989265
0.4976943,0.4976943,0.6089920,-0.7780101,-116.5445792,-101.5536688,-0.1989906,-1.2905301,-53.0120274,-45.0084828,-0.9171591,-0.5800460
0.5026943,0.5026943,0.6139920,-0.7536663,-116.1966641,-101.2656815,-0.1926417,-1.2509432,-52.8287322,-44.8712418,-0.8884606,-0.5618972
0.5076943,0.5076943,0.6189920,-0.7302608,-115.8481811,-100.9771732,-0.1865486,-1.2128111,-52.6457557,-44.7337627,-0.8608683,-0.5444478
0.5126943,0.5126943,0.6239920,-0.7077523,-115.4991456,-100.6881517,-0.1806991,-1.1760770,-52.4630810,-44.5960455,-0.8343335,-0.5276671
0.5176943,0.5176943,0.6289920,-0.6861013,-115.1495725,-100.3986244,-0.1750814,-1.1406855,-52.2806922,-44.4580908,-0.8088097,-0.5115257
0.5226943,0.5226943,0.6339920,-0.6652703,-114.7994764,-100.1085977,-0.1696844,-1.1065834,-52.0985741,-44.3198990,-0.7842525,-0.4959955
0.5276943,0.5276943,0.6389920,-0.6452232,-114.4488714,-99.8180780,-0.1644977,-1.0737192,-51.9167124,-44.1814711,-0.7606197,-0.4810497
0.5326943,0.5326943,0.6439920,-0.6259259,-114.0977713,-99.5270713,-0.1595115,-1.0420431,-51.7350935,-44.0428081,-0.7378707,-0.4666629
0.5376943,0.5376943,0.6489920,-0.6073458,-113.7461898,-99.2355832,-0.1547163,-1.0115072,-51.5537048,-43.9039115,-0.7159672,-0.4528106
0.5426943,0.5426943,0.6539920,-0.5894516,-113.3941404,-98.9436197,-0.1501033,-0.9820657,-51.3725343,-43.7647829,-0.6948725,-0.4394698
0.5476943,0.5476943,0.6589920,-0.5722139,-113.0416363,-98.6511866,-0.1456643,-0.9536742,-51.1915708,-43.6254241,-0.6745515,-0.4266183
0.5526943,0.5526943,0.6639920,-0.5556043,-112.6886906,-98.3582896,-0.1413912,-0.9262904,-51.0108037,-43.4858373,-0.6549711,-0.4142351
0.5576943,0.5576943,0.6689920,-0.5395959,-112.3353165,-98.0649349,-0.1372766,-0.8998735,-50.8302235,-43.3460250,-0.6360995,-0.4023002
0.5626943,0.5626943,0.6739920,-0.5241631,-111.9815269,-97.7711287,-0.1333134,-0.8743844,-50.6498209,-43.2059898,-0.6179064,-0.3907943
0.5676943,0.5676943,0.6789920,-0.5092814,-111.6273349,-97.4768775,-0.1294947,-0.8497858,-50.4695877,-43.0657347,-0.6003631,-0.3796993
0.5726943,0.5726943,0.6839920,-0.4949277,-111.2727533,-97.1821879,-0.1258144,-0.8260417,-50.2895161,-42.9252628,-0.5834421,-0.3689979
0.5776943,0.5776943,0.6889920,-0.4810796,-110.9177951,-96.8870670,-0.1222662,-0.8031179,-50.1095991,-42.7845775,-0.5671173,-0.3586734
0.5826943,0.5826943,0.6939920,-0.4677161,-110.5624733,-96.5915219,-0.1188444,-0.7809815,-49.9298302,-42.6436825,-0.5513637,-0.3487103
0.5876943,0.5876943,0.6989920,-0.4548171,-110.2068008,-96.2955601,-0.1155437,-0.7596010,-49.7502036,-42.5025816,-0.5361577,-0.3390934
0.5926943,0.5926943,0.7039920,-0.4423633,-109.8507908,-95.9991895,-0.1123588,-0.7389463,-49.5707139,-42.3612788,-0.5214765,-0.3298084
0.5976943,0.5976943,0.7089920,-0.4303365,-109.4944562,-95.7024182,-0.1092847,-0.7189886,-49.3913564,-42.2197784,-0.5072987,-0.3208418
0.6026943,0.6026943,0.7139920,-0.4187191,-109.1378102,-95.4052546,-0.1063169,-0.6997004,-49.2121269,-42.0780848,-0.4936035,-0.3121804
0.6076943,0.6076943,0.7189920,-0.4074946,-108.7808661,-95.1077072,-0.1034508,-0.6810553,-49.0330217,-41.9362027,-0.4803716,-0.3038119
0.6126943,0.6126943,0.7239920,-0.3966471,-108.4236371,-94.8097851,-0.1006823,-0.6630280,-48.8540377,-41.7941367,-0.4675840,-0.2957245
0.6176943,0.6176943,0.7289920,-0.3861614,-108.0661366,-94.5114975,-0.0980072,-0.6455944,-48.6751719,-41.6518919,-0.4552230,-0.2879068
0.6226943,0.6226943,0.7339920,-0.3760231,-107.7083780,-94.2128539,-0.0954219,-0.6287316,-48.4964223,-41.5094733,-0.4432715,-0.2803482
0.6276943,0.6276943,0.7389920,-0.3662185,-107.3503748,-93.9138639,-0.0929226,-0.6124172,-48.3177868,-41.3668861,-0.4317134,-0.2730383
0.6326943,0.6326943,0.7439920,-0.3567343,-106.9921406,-93.6145377,-0.0905058,-0.5966303,-48.1392641,-41.2241358,-0.4205330,-0.2659673
0.6376943,0.6376943,0.7489920,-0.3475580,-106.6336892,-93.3148853,-0.0881684,-0.5813507,-47.9608531,-41.0812278,-0.4097156,-0.2591258
0.6426943,0.6426943,0.7539920,-0.3386777,-106.2750341,-93.0149172,-0.0859070,-0.5665589,-47.7825531,-40.9381677,-0.3992470,-0.2525050
0.6476943,0.6476943,0.7589920,-0.3300818,-105.9161894,-92.7146442,-0.0837187,-0.5522365,-47.6043639,-40.7949612,-0.3891138,-0.2460963
0.6526943,0.6526943,0.7639920,-0.3217594,-105.5571688,-92.4140769,-0.0816007,-0.5383657,-47.4262855,-40.6516141,-0.3793030,-0.2398915
0.6576943,0.6576943,0.7689920,-0.3137001,-105.1979864,-92.1132266,-0.0795501,-0.5249296,-47.2483181,-40.5081324,-0.3698023,-0.2338827
0.6626943,0.6626943,0.7739920,-0.3058938,-104.8386561,-91.8121044,-0.0775645,-0.5119120,-47.0704626,-40.3645220,-0.3605999,-0.2280627
0.6676943,0.6676943,0.7789920,-0.2983310,-104.4791922,-91.5107218,-0.0756412,-0.4992972,-46.8927198,-40.2207890,-0.3516846,-0.2224242
0.6726943,0.6726943,0.7839920,-0.2910025,-104.1196086,-91.2090903,-0.0737780,-0.4870705,-46.7150910,-40.0769396,-0.3430455,-0.2169604
0.6776943,0.6776943,0.7889920,-0.2838997,-103.7599198,-90.9072215,-0.0719725,-0.4752175,-46.5375777,-39.9329799,-0.3346723,-0.2116648
0.6826943,0.6826943,0.7939920,-0.2770141,-103.4001398,-90.6051274,-0.0702226,-0.4637246,-46.3601817,-39.7889163,-0.3265553,-0.2065312
0.6876943,0.6876943,0.7989920,-0.2703377,-103.0402832,-90.3028200,-0.0685262,-0.4525787,-46.1829050,-39.6447551,-0.3186849,-0.2015535
0.6926943,0.6926943,0.8039920,-0.2638629,-102.6803640,-90.0003112,-0.0668814,-0.4417673,-46.0057499,-39.5005026,-0.3110522,-0.1967262
0.6976943,0.6976943,0.8089920,-0.2575824,-102.3203969,-89.6976134,-0.0652861,-0.4312783,-45.8287188,-39.3561653,-0.3036484,-0.1920437
0.7026943,0.7026943,0.8139920,-0.2514890,-101.9603961,-89.3947388,-0.0637386,-0.4211002,-45.6518143,-39.2117496,-0.2964653,-0.1875007
0.7076943,0.7076943,0.8189920,-0.2455762,-101.6003762,-89.0916998,-0.0622372,-0.4112220,-45.4750393,-39.0672620,-0.2894950,-0.1830923
0.7126943,0.7126943,0.8239920,-0.2398373,-101.2403515,-88.7885088,-0.0607803,-0.4016330,-45.2983969,-38.9227090,-0.2827298,-0.1788137
0.7176943,0.7176943,0.8289920,-0.2342664,-100.8803365,-88.4851783,-0.0593661,-0.3923231,-45.1218901,-38.7780972,-0.2761625,-0.1746602
0.7226943,0.7226943,0.8339920,-0.2288573,-100.5203458,-88.1817211,-0.0579932,-0.3832825,-44.9455225,-38.6334331,-0.2697861,-0.1706274
0.7276943,0.7276943,0.8389920,-0.2236045,-100.1603937,-87.8781496,-0.0566601,-0.3745020,-44.7692974,-38.4887234,-0.2635939,-0.1667111
0.7326943,0.7326943,0.8439920,-0.2185025,-99.8004947,-87.5744765,-0.0553654,-0.3659724,-44.5932185,-38.3439745,-0.2575794,-0.1629072
0.7376943,0.7376943,0.8489920,-0.2135461,-99.4406633,-87.2707147,-0.0541079,-0.3576851,-44.4172896,-38.1991931,-0.2517366,-0.1592119
0.7426943,0.7426943,0.8539920,-0.2087302,-99.0809139,-86.9668768,-0.0528861,-0.3496320,-44.2415147,-38.0543858,-0.2460594,-0.1556214
0.7476943,0.7476943,0.8589920,-0.2040501,-98.7212609,-86.6629755,-0.0516988,-0.3418050,-44.0658976,-37.9095591,-0.2405423,-0.1521321
0.7526943,0.7526943,0.8639920,-0.1995010,-98.3617187,-86.3590237,-0.0505450,-0.3341964,-43.8904425,-37.7647197,-0.2351797,-0.1487405
0.7576943,0.7576943,0.8689920,-0.1950787,-98.0023017,-86.0550341,-0.0494234,-0.3267991,-43.7151536,-37.6198741,-0.2299665,-0.1454434
0.7626943,0.7626943,0.8739920,-0.1907788,-97.6430241,-85.7510195,-0.0483329,-0.3196058,-43.5400352,-37.4750289,-0.2248976,-0.1422375
0.7676943,0.7676943,0.8789920,-0.1865972,-97.2839002,-85.4469927,-0.0472725,-0.3126099,-43.3650917,-37.3301906,-0.2199682,-0.1391199
0.7726943,0.7726943,0.8839920,-0.1825301,-96.9249442,-85.1429664,-0.0462412,-0.3058047,-43.1903275,-37.1853658,-0.2151736,-0.1360876
0.7776943,0.7776943,0.8889920,-0.1785735,-96.5661704,-84.8389533,-0.0452380,-0.2991841,-43.0157471,-37.0405610,-0.2105095,-0.1331377
0.7826943,0.7826943,0.8939920,-0.1747239,-96.2075927,-84.5349662,-0.0442620,-0.2927420,-42.8413551,-36.8957826,-0.2059714,-0.1302676
0.7876943,0.7876943,0.8989920,-0.1709778,-95.8492252,-84.2310177,-0.0433123,-0.2864726,-42.6671561,-36.7510373,-0.2015554,-0.1274746
0.7926943,0.7926943,0.9039920,-0.1673318,-95.4910819,-83.9271205,-0.0423881,-0.2803704,-42.4931549,-36.6063313,-0.1972574,-0.1247564
0.7976943,0.7976943,0.9089920,-0.1637828,-95.1331767,-83.6232871,-0.0414884,-0.2744299,-42.3193560,-36.4616710,-0.1930736,-0.1221103
0.8026943,0.8026943,0.9139920,-0.1603275,-94.7755233,-83.3195301,-0.0406126,-0.2686460,-42.1457644,-36.3170630,-0.1890004,-0.1195342
0.8076943,0.8076943,0.9189920,-0.1569630,-94.4181356,-83.0158620,-0.0397598,-0.2630138,-41.9723847,-36.1725135,-0.1850341,-0.1170257
0.8126943,0.8126943,0.9239920,-0.1536864,-94.0610272,-82.7122953,-0.0389294,-0.2575283,-41.7992217,-36.0280288,-0.1811716,-0.1145828
0.8176943,0.8176943,0.9289920,-0.1504949,-93.7042116,-82.4088423,-0.0381206,-0.2521851,-41.6262804,-35.8836151,-0.1774093,-0.1122034
0.8226943,0.8226943,0.9339920,-0.1473859,-93.3477023,-82.1055154,-0.0373327,-0.2469797,-41.4535655,-35.7392788,-0.1737443,-0.1098854
0.8276943,0.8276943,0.9389920,-0.1443568,-92.9915126,-81.8023267,-0.0365651,-0.2419078,-41.2810819,-35.5950260,-0.1701735,-0.1076271
0.8326943,0.8326943,0.9439920,-0.1414051,-92.6356559,-81.4992886,-0.0358171,-0.2369652,-41.1088345,-35.4508628,-0.1666939,-0.1054264
0.8376943,0.8376943,0.9489920,-0.1385285,-92.2801453,-81.1964130,-0.0350882,-0.2321481,-40.9368281,-35.3067953,-0.1633028,-0.1032816
0.8426943,0.8426943,0.9539920,-0.1357245,-91.9249938,-80.8937119,-0.0343777,-0.2274525,-40.7650677,-35.1628297,-0.1599974,-0.1011911
0.8476943,0.8476943,0.9589920,-0.1329911,-91.5702145,-80.5911975,-0.0336851,-0.2228748,-40.5935581,-35.0189718,-0.1567751,-0.0991532
0.8526943,0.8526943,0.9639920,-0.1303260,-91.2158200,-80.2888814,-0.0330099,-0.2184113,-40.4223041,-34.8752277,-0.1536334,-0.0971662
0.8576943,0.8576943,0.9689920,-0.1277272,-90.8618232,-79.9867755,-0.0323514,-0.2140588,-40.2513107,-34.7316032,-0.1505698,-0.0952286
0.8626943,0.8626943,0.9739920,-0.1251927,-90.5082367,-79.6848914,-0.0317093,-0.2098137,-40.0805826,-34.5881042,-0.1475820,-0.0933390
0.8676943,0.8676943,0.9789920,-0.1227206,-90.1550729,-79.3832408,-0.0310830,-0.2056730,-39.9101248,-34.4447365,-0.1446678,-0.0914959
0.8726943,0.8726943,0.9839920,-0.1203090,-89.8023442,-79.0818351,-0.0304721,-0.2016336,-39.7399419,-34.3015058,-0.1418250,-0.0896979
0.8776943,0.8776943,0.9889920,-0.1179562,-89.4500628,-78.7806856,-0.0298760,-0.1976924,-39.5700387,-34.1584179,-0.1390514,-0.0879437
0.8826943,0.8826943,0.9939920,-0.1156604,-89.0982408,-78.4798038,-0.0292944,-0.1938466,-39.4004201,-34.0154784,-0.1363450,-0.0862321
0.8876943,0.8876943,0.9989920,-0.1134199,-88.7468902,-78.1792008,-0.0287269,-0.1900935,-39.2310908,-33.8726927,-0.1337039,-0.0845617
0.8926943,0.8926943,1.0039920,-0.1112332,-88.3960229,-77.8788877,-0.0281729,-0.1864302,-39.0620555,-33.7300666,-0.1311261,-0.0829313
0.8976943,0.8976943,1.0089920,-0.1090987,-88.0456506,-77.5788754,-0.0276322,-0.1828543,-38.8933187,-33.5876054,-0.1286098,-0.0813399
0.9026943,0.9026943,1.0139920,-0.1070148,-87.6957847,-77.2791748,-0.0271044,-0.1793632,-38.7248853,-33.4453146,-0.1261533,-0.0797863
0.9076943,0.9076943,1.0189920,-0.1049802,-87.3464369,-76.9797967,-0.0265890,-0.1759545,-38.5567597,-33.3031994,-0.1237548,-0.0782694
0.9126943,0.9126943,1.0239920,-0.1029935,-86.9976183,-76.6807518,-0.0260858,-0.1726258,-38.3889465,-33.1612652,-0.1214127,-0.0767881
0.9176943,0.9176943,1.0289920,-0.1010532,-86.6493401,-76.3820506,-0.0255943,-0.1693750,-38.2214503,-33.0195173,-0.1191255,-0.0753415
0.9226943,0.9226943,1.0339920,-0.0991581,-86.3016135,-76.0837034,-0.0251143,-0.1661997,-38.0542755,-32.8779607,-0.1168914,-0.0739285
0.9276943,0.9276943,1.0389920,-0.0973068,-85.9544491,-75.7857207,-0.0246454,-0.1630979,-37.8874266,-32.7366005,-0.1147091,-0.0725483
0.9326943,0.9326943,1.0439920,-0.0954983,-85.6078579,-75.4881126,-0.0241873,-0.1600676,-37.7209080,-32.5954419,-0.1125771,-0.0712000
0.9376943,0.9376943,1.0489920,-0.0937312,-85.2618504,-75.1908892,-0.0237397,-0.1571067,-37.5547240,-32.4544898,-0.1104940,-0.0698825
0.9426943,0.9426943,1.0539920,-0.0920045,-84.9164370,-74.8940604,-0.0233024,-0.1542134,-37.3888789,-32.3137492,-0.1084585,-0.0685951
0.9476943,0.9476943,1.0589920,-0.0903170,-84.5716281,-74.5976362,-0.0228750,-0.1513858,-37.2233770,-32.1732248,-0.1064693,-0.0673370
0.9526943,0.9526943,1.0639920,-0.0886677,-84.2274338,-74.3016261,-0.0224573,-0.1486221,-37.0582225,-32.0329215,-0.1045250,-0.0661073
0.9576943,0.9576943,1.0689920,-0.0870555,-83.8838641,-74.0060399,-0.0220489,-0.1459205,-36.8934195,-31.8928440,-0.1026245,-0.0649054
0.9626943,0.9626943,1.0739920,-0.0854795,-83.5409290,-73.7108870,-0.0216498,-0.1432794,-36.7289721,-31.7529969,-0.1007665,-0.0637303
0.9676943,0.9676943,1.0789920,-0.0839385,-83.1986381,-73.4161767,-0.0212595,-0.1406972,-36.5648845,-31.6133850,-0.0989500,-0.0625814
0.9726943,0.9726943,1.0839920,-0.0824318,-82.8570011,-73.1219184,-0.0208779,-0.1381722,-36.4011605,-31.4740127,-0.0971738,-0.0614581
0.9776943,0.9776943,1.0889920,-0.0809584,-82.5160273,-72.8281211,-0.0205047,-0.1357030,-36.2378042,-31.3348845,-0.0954369,-0.0603595
0.9826943,0.9826943,1.0939920,-0.0795173,-82.1757261,-72.5347938,-0.0201398,-0.1332881,-36.0748194,-31.1960048,-0.0937382,-0.0592852
0.9876943,0.9876943,1.0989920,-0.0781079,-81.8361066,-72.2419454,-0.0197828,-0.1309260,-35.9122099,-31.0573779,-0.0920766,-0.0582343
0.9926943,0.9926943,1.1039920,-0.0767291,-81.4971777,-71.9495846,-0.0194336,-0.1286154,-35.7499796,-30.9190083,-0.0904513,-0.0572064
0.9976943,0.9976943,1.1089920,-0.0753802,-81.1589485,-71.6577202,-0.0190920,-0.1263548,-35.5881322,-30.7809000,-0.0888612,-0.0562007
1.0026943,1.0026943,1.1139920,-0.0740605,-80.8214274,-71.3663605,-0.0187578,-0.1241431,-35.4266713,-30.6430572,-0.0873055,-0.0552168
1.0076943,1.0076943,1.1189920,-0.0727692,-80.4846232,-71.0755139,-0.0184307,-0.1219789,-35.2656005,-30.5054842,-0.0857832,-0.0542540
1.0126943,1.0126943,1.1239920,-0.0715055,-80.1485442,-70.7851887,-0.0181107,-0.1198610,-35.1049234,-30.3681847,-0.0842935,-0.0533118
1.0176943,1.0176943,1.1289920,-0.0702687,-79.8131987,-70.4953931,-0.0177975,-0.1177882,-34.9446435,-30.2311630,-0.0828355,-0.0523898
1.0226943,1.0226943,1.1339920,-0.0690582,-79.4785947,-70.2061351,-0.0174909,-0.1157594,-34.7847642,-30.0944227,-0.0814085,-0.0514872
1.0276943,1.0276943,1.1389920,-0.0678733,-79.1447403,-69.9174225,-0.0171908,-0.1137734,-34.6252889,-29.9579679,-0.0800117,-0.0506038
1.0326943,1.0326943,1.1439920,-0.0667133,-78.8116433,-69.6292631,-0.0168971,-0.1118292,-34.4662209,-29.8218023,-0.0786442,-0.0497389
1.0376943,1.0376943,1.1489920,-0.0655776,-78.4793114,-69.3416645,-0.0166094,-0.1099257,-34.3075634,-29.6859295,-0.0773054,-0.0488922
1.0426943,1.0426943,1.1539920,-0.0644655,-78.1477520,-69.0546343,-0.0163278,-0.1080619,-34.1493198,-29.5503534,-0.0759945,-0.0480631
1.0476943,1.0476943,1.1589920,-0.0633766,-77.8169727,-68.7681799,-0.0160520,-0.1062368,-33.9914930,-29.4150773,-0.0747108,-0.0472512
1.0526943,1.0526943,1.1639920,-0.0623102,-77.4869806,-68.4823085,-0.0157820,-0.1044495,-33.8340862,-29.2801050,-0.0734537,-0.0464562
1.0576943,1.0576943,1.1689920,-0.0612658,-77.1577829,-68.1970273,-0.0155175,-0.1026989,-33.6771025,-29.1454398,-0.0722225,-0.0456775
1.0626943,1.0626943,1.1739920,-0.0602428,-76.8293865,-67.9123434,-0.0152584,-0.1009842,-33.5205447,-29.0110852,-0.0710165,-0.0449148
1.0676943,1.0676943,1.1789920,-0.0592406,-76.5017983,-67.6282636,-0.0150046,-0.0993045,-33.3644158,-28.8770446,-0.0698352,-0.0441676
1.0726943,1.0726943,1.1839920,-0.0582589,-76.1750249,-67.3447947,-0.0147560,-0.0976590,-33.2087186,-28.7433211,-0.0686778,-0.0434357
1.0776943,1.0776943,1.1889920,-0.0572970,-75.8490729,-67.0619435,-0.0145124,-0.0960468,-33.0534559,-28.6099180,-0.0675440,-0.0427185
1.0826943,1.0826943,1.1939920,-0.0563546,-75.5239488,-66.7797164,-0.0142737,-0.0944671,-32.8986305,-28.4768386,-0.0664330,-0.0420159
1.0876943,1.0876943,1.1989920,-0.0554310,-75.1996587,-66.4981199,-0.0140398,-0.0929191,-32.7442449,-28.3440859,-0.0653443,-0.0413273
1.0926943,1.0926943,1.2039920,-0.0545260,-74.8762088,-66.2171603,-0.0138106,-0.0914021,-32.5903019,-28.2116629,-0.0642774,-0.0406526
1.0976943,1.0976943,1.2089920,-0.0536390,-74.5536052,-65.9368439,-0.0135860,-0.0899154,-32.4368039,-28.0795727,-0.0632318,-0.0399913
1.1026943,1.1026943,1.2139920,-0.0527696,-74.2318537,-65.6571767,-0.0133658,-0.0884581,-32.2837535,-27.9478181,-0.0622069,-0.0393431
1.1076943,1.1076943,1.2189920,-0.0519174,-73.9109599,-65.3781646,-0.0131500,-0.0870297,-32.1311531,-27.8164022,-0.0612023,-0.0387077
1.1126943,1.1126943,1.2239920,-0.0510820,-73.5909297,-65.0998136,-0.0129384,-0.0856293,-31.9790051,-27.6853275,-0.0602175,-0.0380848
1.1176943,1.1176943,1.2289920,-0.0502630,-73.2717683,-64.8221294,-0.0127310,-0.0842565,-31.8273117,-27.5545970,-0.0592519,-0.0374742
1.1226943,1.1226943,1.2339920,-0.0494599,-72.9534811,-64.5451176,-0.0125276,-0.0829104,-31.6760753,-27.4242134,-0.0583053,-0.0368755
1.1276943,1.1276943,1.2389920,-0.0486725,-72.6360734,-64.2687836,-0.0123282,-0.0815906,-31.5252981,-27.2941792,-0.0573771,-0.0362884
1.1326943,1.1326943,1.2439920,-0.0479004,-72.3195502,-63.9931330,-0.0121327,-0.0802963,-31.3749821,-27.1644970,-0.0564669,-0.0357128
1.1376943,1.1376943,1.2489920,-0.0471432,-72.0039165,-63.7181710,-0.0119409,-0.0790270,-31.2251296,-27.0351695,-0.0555742,-0.0351482
1.1426943,1.1426943,1.2539920,-0.0464005,-71.6891772,-63.4439028,-0.0117528,-0.0777822,-31.0757425,-26.9061989,-0.0546988,-0.0345945
1.1476943,1.1476943,1.2589920,-0.0456721,-71.3753368,-63.1703334,-0.0115684,-0.0765612,-30.9268228,-26.7775879,-0.0538401,-0.0340514
1.1526943,1.1526943,1.2639920,-0.0449576,-71.0624000,-62.8974678,-0.0113874,-0.0753635,-30.7783725,-26.6493387,-0.0529978,-0.0335187
1.1576943,1.1576943,1.2689920,-0.0442567,-70.7503713,-62.6253108,-0.0112099,-0.0741886,-30.6303934,-26.5214537,-0.0521715,-0.0329961
1.1626943,1.1626943,1.2739920,-0.0435691,-70.4392550,-62.3538673,-0.0110358,-0.0730359,-30.4828873,-26.3939350,-0.0513609,-0.0324835
1.1676943,1.1676943,1.2789920,-0.0428944,-70.1290552,-62.0831418,-0.0108649,-0.0719050,-30.3358561,-26.2667850,-0.0505656,-0.0319805
1.1726943,1.1726943,1.2839920,-0.0422325,-69.8197762,-61.8131388,-0.0106973,-0.0707954,-30.1893013,-26.1400058,-0.0497853,-0.0314870
1.1776943,1.1776943,1.2889920,-0.0415829,-69.5114218,-61.5438629,-0.0105328,-0.0697066,-30.0432248,-26.0135994,-0.0490196,-0.0310027
1.1826943,1.1826943,1.2939920,-0.0409455,-69.2039959,-61.2753182,-0.0103713,-0.0686381,-29.8976280,-25.8875679,-0.0482681,-0.0305274
1.1876943,1.1876943,1.2989920,-0.0403199,-68.8975023,-61.0075091,-0.0102129,-0.0675895,-29.7525125,-25.7619134,-0.0475307,-0.0300610
1.1926943,1.1926943,1.3039920,-0.0397060,-68.5919446,-60.7404397,-0.0100574,-0.0665603,-29.6078799,-25.6366377,-0.0468069,-0.0296033
1.1976943,1.1976943,1.3089920,-0.0391033,-68.2873263,-60.4741138,-0.0099048,-0.0655501,-29.4637316,-25.5117427,-0.0460965,-0.0291540
1.2026943,1.2026943,1.3139920,-0.0385118,-67.9836508,-60.2085356,-0.0097550,-0.0645585,-29.3200690,-25.3872303,-0.0453992,-0.0287130
1.2076943,1.2076943,1.3189920,-0.0379311,-67.6809215,-59.9437087,-0.0096079,-0.0635851,-29.1768934,-25.2631023,-0.0447147,-0.0282800
1.2126943,1.2126943,1.3239920,-0.0373610,-67.3791414,-59.6796370,-0.0094635,-0.0626295,-29.0342062,-25.1393604,-0.0440426,-0.0278550
1.2176943,1.2176943,1.3289920,-0.0368013,-67.0783137,-59.4163240,-0.0093218,-0.0616913,-28.8920085,-25.0160064,-0.0433829,-0.0274377
1.2226943,1.2226943,1.3339920,-0.0362518,-66.7784413,-59.1537732,-0.0091826,-0.0607701,-28.7503017,-24.8930418,-0.0427350,-0.0270280
1.2276943,1.2276943,1.3389920,-0.0357122,-66.4795271,-58.8919881,-0.0090459,-0.0598655,-28.6090868,-24.7704683,-0.0420989,-0.0266257
1.2326943,1.2326943,1.3439920,-0.0351823,-66.1815738,-58.6309719,-0.0089117,-0.0589773,-28.4683649,-24.6482874,-0.0414743,-0.0262306
1.2376943,1.2376943,1.3489920,-0.0346619,-65.8845842,-58.3707280,-0.0087800,-0.0581050,-28.3281372,-24.5265007,-0.0408608,-0.0258427
1.2426943,1.2426943,1.3539920,-0.0341509,-65.5885606,-58.1112595,-0.0086505,-0.0572483,-28.1884046,-24.4051095,-0.0402584,-0.0254616
1.2476943,1.2476943,1.3589920,-0.0336489,-65.2935057,-57.8525695,-0.0085234,-0.0564068,-28.0491681,-24.2841154,-0.0396667,-0.0250874
1.2526943,1.2526943,1.3639920,-0.0331559,-64.9994217,-57.5946608,-0.0083985,-0.0555804,-27.9104286,-24.1635196,-0.0390855,-0.0247198
1.2576943,1.2576943,1.3689920,-0.0326716,-64.7063109,-57.3375364,-0.0082759,-0.0547685,-27.7721870,-24.0433236,-0.0385146,-0.0243587
1.2626943,1.2626943,1.3739920,-0.0321959,-64.4141754,-57.0811990,-0.0081554,-0.0539710,-27.6344442,-23.9235285,-0.0379538,-0.0240041
1.2676943,1.2676943,1.3789920,-0.0317285,-64.1230173,-56.8256513,-0.0080370,-0.0531876,-27.4972008,-23.8041357,-0.0374028,-0.0236556
1.2726943,1.2726943,1.3839920,-0.0312693,-63.8328386,-56.5708961,-0.0079207,-0.0524178,-27.3604577,-23.6851462,-0.0368615,-0.0233132
1.2776943,1.2776943,1.3889920,-0.0308182,-63.5436411,-56.3169356,-0.0078065,-0.0516615,-27.2242155,-23.5665614,-0.0363297,-0.0229769
1.2826943,1.2826943,1.3939920,-0.0303749,-63.2554266,-56.0637725,-0.0076942,-0.0509184,-27.0884750,-23.4483822,-0.0358071,-0.0226464
1.2876943,1.2876943,1.3989920,-0.0299393,-62.9681967,-55.8114090,-0.0075839,-0.0501882,-26.9532367,-23.3306098,-0.0352936,-0.0223216
1.2926943,1.2926943,1.4039920,-0.0295112,-62.6819531,-55.5598474,-0.0074755,-0.0494706,-26.8185012,-23.2132451,-0.0347889,-0.0220025
1.2976943,1.2976943,1.4089920,-0.0290905,-62.3966973,-55.3090900,-0.0073689,-0.0487654,-26.6842690,-23.0962892,-0.0342930,-0.0216888
1.3026943,1.3026943,1.4139920,-0.0286771,-62.1124307,-55.0591387,-0.0072642,-0.0480723,-26.5505407,-22.9797430,-0.0338056,-0.0213805
1.3076943,1.3076943,1.4189920,-0.0282707,-61.8291545,-54.8099957,-0.0071613,-0.0473911,-26.4173166,-22.8636074,-0.0333266,-0.0210776
1.3126943,1.3126943,1.4239920,-0.0278713,-61.5468701,-54.5616628,-0.0070601,-0.0467215,-26.2845972,-22.7478833,-0.0328557,-0.0207798
1.3176943,1.3176943,1.4289920,-0.0274786,-61.2655787,-54.3141420,-0.0069607,-0.0460633,-26.1523829,-22.6325714,-0.0323929,-0.0204870
1.3226943,1.3226943,1.4339920,-0.0270927,-60.9852812,-54.0674349,-0.0068629,-0.0454163,-26.0206740,-22.5176727,-0.0319379,-0.0201993
1.3276943,1.3276943,1.4389920,-0.0267132,-60.7059787,-53.8215434,-0.0067668,-0.0447802,-25.8894708,-22.4031878,-0.0314906,-0.0199164
1.3326943,1.3326943,1.4439920,-0.0263402,-60.4276720,-53.5764691,-0.0066723,-0.0441549,-25.7587735,-22.2891174,-0.0310508,-0.0196383
1.3376943,1.3376943,1.4489920,-0.0259734,-60.1503621,-53.3322135,-0.0065794,-0.0435400,-25.6285825,-22.1754623,-0.0306185,-0.0193648
1.3426943,1.3426943,1.4539920,-0.0256128,-59.8740497,-53.0887781,-0.0064881,-0.0429355,-25.4988978,-22.0622231,-0.0301933,-0.0190959
1.3476943,1.3476943,1.4589920,-0.0252582,-59.5987354,-52.8461643,-0.0063983,-0.0423410,-25.3697196,-21.9494003,-0.0297753,-0.0188316
1.3526943,1.3526943,1.4639920,-0.0249095,-59.3244198,-52.6043735,-0.0063100,-0.0417565,-25.2410481,-21.8369945,-0.0293643,-0.0185716
1.3576943,1.3576943,1.4689920,-0.0245666,-59.0511035,-52.3634069,-0.0062231,-0.0411817,-25.1128832,-21.7250064,-0.0289600,-0.0183159
1.3626943,1.3626943,1.4739920,-0.0242293,-58.7787870,-52.1232657,-0.0061377,-0.0406163,-24.9852252,-21.6134363,-0.0285625,-0.0180645
1.3676943,1.3676943,1.4789920,-0.0238976,-58.5074705,-51.8839510,-0.0060537,-0.0400603,-24.8580739,-21.5022847,-0.0281715,-0.0178172
1.3726943,1.3726943,1.4839920,-0.0235714,-58.2371544,-51.6454640,-0.0059711,-0.0395135,-24.7314293,-21.3915521,-0.0277869,-0.0175740
1.3776943,1.3776943,1.4889920,-0.0232506,-57.9678390,-51.4078056,-0.0058898,-0.0389756,-24.6052915,-21.2812388,-0.0274087,-0.0173348
1.3826943,1.3826943,1.4939920,-0.0229349,-57.6995244,-51.1709767,-0.0058099,-0.0384465,-24.4796603,-21.1713453,-0.0270366,-0.0170994
1.3876943,1.3876943,1.4989920,-0.0226245,-57.4322107,-50.9349783,-0.0057312,-0.0379260,-24.3545356,-21.0618719,-0.0266706,-0.0168680
1.3926943,1.3926943,1.5039920,-0.0223190,-57.1658979,-50.6998110,-0.0056539,-0.0374140,-24.2299172,-20.9528187,-0.0263105,-0.0166402
1.3976943,1.3976943,1.5089920,-0.0220186,-56.9005860,-50.4654756,-0.0055777,-0.0369103,-24.1058050,-20.8441863,-0.0259563,-0.0164162
1.4026943,1.4026943,1.5139920,-0.0217229,-56.6362749,-50.2319728,-0.0055029,-0.0364147,-23.9821987,-20.7359746,-0.0256078,-0.0161958
1.4076943,1.4076943,1.5189920,-0.0214321,-56.3729644,-49.9993033,-0.0054292,-0.0359271,-23.8590981,-20.6281841,-0.0252649,-0.0159789
1.4126943,1.4126943,1.5239920,-0.0211459,-56.1106543,-49.7674674,-0.0053567,-0.0354474,-23.7365030,-20.5208148,-0.0249276,-0.0157656
1.4176943,1.4176943,1.5289920,-0.0208642,-55.8493442,-49.5364658,-0.0052854,-0.0349753,-23.6144131,-20.4138669,-0.0245956,-0.0155556
1.4226943,1.4226943,1.5339920,-0.0205871,-55.5890340,-49.3062989,-0.0052152,-0.0345107,-23.4928279,-20.3073405,-0.0242689,-0.0153490
1.4276943,1.4276943,1.5389920,-0.0203144,-55.3297230,-49.0769670,-0.0051461,-0.0340536,-23.3717472,-20.2012357,-0.0239474,-0.0151457
1.4326943,1.4326943,1.5439920,-0.0200460,-55.0714109,-48.8484704,-0.0050781,-0.0336037,-23.2511706,-20.0955525,-0.0236311,-0.0149456
1.4376943,1.4376943,1.5489920,-0.0197819,-54.8140971,-48.6208094,-0.0050112,-0.0331609,-23.1310976,-19.9902910,-0.0233197,-0.0147487
1.4426943,1.4426943,1.5539920,-0.0195219,-54.5577811,-48.3939841,-0.0049454,-0.0327251,-23.0115278,-19.8854513,-0.0230132,-0.0145548
1.4476943,1.4476943,1.5589920,-0.0192661,-54.3024621,-48.1679948,-0.0048806,-0.0322962,-22.8924608,-19.7810332,-0.0227116,-0.0143641
1.4526943,1.4526943,1.5639920,-0.0190142,-54.0481395,-47.9428415,-0.0048168,-0.0318740,-22.7738961,-19.6770367,-0.0224147,-0.0141763
1.4576943,1.4576943,1.5689920,-0.0187663,-53.7948125,-47.7185242,-0.0047540,-0.0314584,-22.6558331,-19.5734617,-0.0221224,-0.0139915
1.4626943,1.4626943,1.5739920,-0.0185222,-53.5424803,-47.4950430,-0.0046922,-0.0310492,-22.5382713,-19.4703082,-0.0218347,-0.0138095
1.4676943,1.4676943,1.5789920,-0.0182820,-53.2911421,-47.2723977,-0.0046313,-0.0306465,-22.4212102,-19.3675760,-0.0215515,-0.0136304
1.4726943,1.4726943,1.5839920,-0.0180455,-53.0407969,-47.0505881,-0.0045714,-0.0302500,-22.3046491,-19.2652650,-0.0212727,-0.0134540
1.4776943,1.4776943,1.5889920,-0.0178126,-52.7914438,-46.8296143,-0.0045124,-0.0298596,-22.1885875,-19.1633749,-0.0209982,-0.0132804
1.4826943,1.4826943,1.5939920,-0.0175833,-52.5430818,-46.6094758,-0.0044544,-0.0294753,-22.0730246,-19.0619056,-0.0207279,-0.0131095
1.4876943,1.4876943,1.5989920,-0.0173576,-52.2957097,-46.3901725,-0.0043972,-0.0290969,-21.9579599,-18.9608568,-0.0204618,-0.0129412
1.4926943,1.4926943,1.6039920,-0.0171353,-52.0493265,-46.1717040,-0.0043409,-0.0287242,-21.8433926,-18.8602284,-0.0201998,-0.0127755
1.4976943,1.4976943,1.6089920,-0.0169164,-51.8039310,-45.9540700,-0.0042854,-0.0283573,-21.7293221,-18.7600200,-0.0199418,-0.0126123
1.5026943,1.5026943,1.6139920,-0.0167009,-51.5595220,-45.7372700,-0.0042308,-0.0279960,-21.6157476,-18.6602313,-0.0196877,-0.0124516
1.5076943,1.5076943,1.6189920,-0.0164886,-51.3160983,-45.5213036,-0.0041771,-0.0276402,-21.5026683,-18.5608620,-0.0194375,-0.0122933
1.5126943,1.5126943,1.6239920,-0.0162796,-51.0736586,-45.3061702,-0.0041241,-0.0272898,-21.3900836,-18.4619117,-0.0191910,-0.0121375
1.5176943,1.5176943,1.6289920,-0.0160737,-50.8322014,-45.0918693,-0.0040720,-0.0269447,-21.2779926,-18.3633802,-0.0189483,-0.0119840
1.5226943,1.5226943,1.6339920,-0.0158710,-50.5917256,-44.8784004,-0.0040206,-0.0266047,-21.1663945,-18.2652670,-0.0187093,-0.0118328
1.5276943,1.5276943,1.6389920,-0.0156713,-50.3522295,-44.6657627,-0.0039700,-0.0262700,-21.0552885,-18.1675716,-0.0184739,-0.0116839
1.5326943,1.5326943,1.6439920,-0.0154745,-50.1137118,-44.4539557,-0.0039202,-0.0259402,-20.9446737,-18.0702938,-0.0182420,-0.0115372
1.5376943,1.5376943,1.6489920,-0.0152808,-49.8761709,-44.2429785,-0.0038711,-0.0256154,-20.8345492,-17.9734330,-0.0180136,-0.0113928
1.5426943,1.5426943,1.6539920,-0.0150899,-49.6396053,-44.0328304,-0.0038228,-0.0252954,-20.7249142,-17.8769887,-0.0177886,-0.0112505
1.5476943,1.5476943,1.6589920,-0.0149019,-49.4040134,-43.8235106,-0.0037752,-0.0249802,-20.6157678,-17.7809606,-0.0175669,-0.0111103
1.5526943,1.5526943,1.6639920,-0.0147166,-49.1693936,-43.6150183,-0.0037282,-0.0246697,-20.5071090,-17.6853480,-0.0173486,-0.0109722
1.5576943,1.5576943,1.6689920,-0.0145342,-48.9357442,-43.4073525,-0.0036820,-0.0243638,-20.3989369,-17.5901504,-0.0171334,-0.0108361
1.5626943,1.5626943,1.6739920,-0.0143544,-48.7030636,-43.2005124,-0.0036365,-0.0240624,-20.2912505,-17.4953673,-0.0169215,-0.0107021
1.5676943,1.5676943,1.6789920,-0.0141772,-48.4713499,-42.9944970,-0.0035916,-0.0237654,-20.1840490,-17.4009982,-0.0167127,-0.0105700
1.5726943,1.5726943,1.6839920,-0.0140027,-48.2406014,-42.7893053,-0.0035474,-0.0234728,-20.0773311,-17.3070424,-0.0165069,-0.0104399
1.5776943,1.5776943,1.6889920,-0.0138307,-48.0108164,-42.5849363,-0.0035038,-0.0231845,-19.9710961,-17.2134993,-0.0163042,-0.0103117
1.5826943,1.5826943,1.6939920,-0.0136612,-47.7819929,-42.3813889,-0.0034609,-0.0229005,-19.8653428,-17.1203684,-0.0161044,-0.0101853
1.5876943,1.5876943,1.6989920,-0.0134943,-47.5541292,-42.1786620,-0.0034186,-0.0226205,-19.7600702,-17.0276490,-0.0159076,-0.0100608
1.5926943,1.5926943,1.7039920,-0.0133297,-47.3272232,-41.9767545,-0.0033769,-0.0223447,-19.6552772,-16.9353405,-0.0157136,-0.0099381
1.5976943,1.5976943,1.7089920,-0.0131675,-47.1012731,-41.7756651,-0.0033358,-0.0220728,-19.5509628,-16.8434421,-0.0155224,-0.0098172
1.6026943,1.6026943,1.7139920,-0.0130077,-46.8762769,-41.5753928,-0.0032954,-0.0218049,-19.4471259,-16.7519532,-0.0153340,-0.0096981
1.6076943,1.6076943,1.7189920,-0.0128502,-46.6522326,-41.3759362,-0.0032555,-0.0215409,-19.3437654,-16.6608731,-0.0151483,-0.0095806
1.6126943,1.6126943,1.7239920,-0.0126950,-46.4291382,-41.1772941,-0.0032161,-0.0212806,-19.2408801,-16.5702011,-0.0149653,-0.0094649
1.6176943,1.6176943,1.7289920,-0.0125419,-46.2069916,-40.9794652,-0.0031774,-0.0210241,-19.1384691,-16.4799365,-0.0147849,-0.0093508
1.6226943,1.6226943,1.7339920,-0.0123911,-45.9857908,-40.7824482,-0.0031392,-0.0207713,-19.0365310,-16.3900784,-0.0146071,-0.0092384
1.6276943,1.6276943,1.7389920,-0.0122425,-45.7655335,-40.5862417,-0.0031015,-0.0205221,-18.9350648,-16.3006262,-0.0144319,-0.0091275
1.6326943,1.6326943,1.7439920,-0.0120959,-45.5462178,-40.3908443,-0.0030644,-0.0202764,-18.8340693,-16.2115791,-0.0142592,-0.0090183
1.6376943,1.6376943,1.7489920,-0.0119515,-45.3278414,-40.1962547,-0.0030278,-0.0200343,-18.7335433,-16.1229362,-0.0140889,-0.0089106
1.6426943,1.6426943,1.7539920,-0.0118091,-45.1104021,-40.0024712,-0.0029917,-0.0197956,-18.6334856,-16.0346968,-0.0139210,-0.0088044
1.6476943,1.6476943,1.7589920,-0.0116687,-44.8938977,-39.8094926,-0.0029562,-0.0195602,-18.5338951,-15.9468601,-0.0137555,-0.0086997
1.6526943,1.6526943,1.7639920,-0.0115303,-44.6783260,-39.6173173,-0.0029211,-0.0193282,-18.4347704,-15.8594252,-0.0135923,-0.0085966
1.6576943,1.6576943,1.7689920,-0.0113938,-44.4636847,-39.4259437,-0.0028865,-0.0190995,-18.3361105,-15.7723913,-0.0134315,-0.0084948
1.6626943,1.6626943,1.7739920,-0.0112593,-44.2499715,-39.2353703,-0.0028525,-0.0188740,-18.2379140,-15.6857575,-0.0132729,-0.0083945
1.6676943,1.6676943,1.7789920,-0.0111266,-44.0371841,-39.0455956,-0.0028189,-0.0186516,-18.1401797,-15.5995230,-0.0131165,-0.0082956
1.6726943,1.6726943,1.7839920,-0.0109959,-43.8253202,-38.8566179,-0.0027857,-0.0184323,-18.0429063,-15.5136869,-0.0129623,-0.0081981
1.6776943,1.6776943,1.7889920,-0.0108669,-43.6143774,-38.6684355,-0.0027531,-0.0182162,-17.9460927,-15.4282483,-0.0128103,-0.0081020
1.6826943,1.6826943,1.7939920,-0.0107397,-43.4043534,-38.4810470,-0.0027208,-0.0180030,-17.8497374,-15.3432062,-0.0126604,-0.0080071
1.6876943,1.6876943,1.7989920,-0.0106143,-43.1952457,-38.2944505,-0.0026891,-0.0177928,-17.7538392,-15.2585598,-0.0125126,-0.0079136
1.6926943,1.6926943,1.8039920,-0.0104906,-42.9870519,-38.1086443,-0.0026578,-0.0175854,-17.6583969,-15.1743082,-0.0123668,-0.0078214
1.6976943,1.6976943,1.8089920,-0.0103687,-42.7797697,-37.9236269,-0.0026269,-0.0173810,-17.5634091,-15.0904503,-0.0122230,-0.0077305
1.7026943,1.7026943,1.8139920,-0.0102484,-42.5733964,-37.7393963,-0.0025964,-0.0171794,-17.4688744,-15.0069853,-0.0120812,-0.0076408
1.7076943,1.7076943,1.8189920,-0.0101298,-42.3679298,-37.5559509,-0.0025663,-0.0169805,-17.3747917,-14.9239122,-0.0119414,-0.0075524
1.7126943,1.7126943,1.8239920,-0.0100128,-42.1633671,-37.3732888,-0.0025367,-0.0167844,-17.2811594,-14.8412300,-0.0118035,-0.0074652
1.7176943,1.7176943,1.8289920,-0.0098974,-41.9597061,-37.1914083,-0.0025075,-0.0165910,-17.1879764,-14.7589378,-0.0116675,-0.0073792
1.7226943,1.7226943,1.8339920,-0.0097836,-41.7569441,-37.0103075,-0.0024786,-0.0164002,-17.0952413,-14.6770345,-0.0115333,-0.0072943
1.7276943,1.7276943,1.8389920,-0.0096714,-41.5550785,-36.8299847,-0.0024502,-0.0162120,-17.0029526,-14.5955191,-0.0114010,-0.0072106
1.7326943,1.7326943,1.8439920,-0.0095606,-41.3541069,-36.6504378,-0.0024222,-0.0160264,-16.9111090,-14.5143907,-0.0112704,-0.0071280
1.7376943,1.7376943,1.8489920,-0.0094514,-41.1540267,-36.4716650,-0.0023945,-0.0158433,-16.8197093,-14.4336483,-0.0111417,-0.0070466
1.7426943,1.7426943,1.8539920,-0.0093436,-40.9548352,-36.2936645,-0.0023672,-0.0156627,-16.7287518,-14.3532907,-0.0110147,-0.0069663
1.7476943,1.7476943,1.8589920,-0.0092374,-40.7565298,-36.1164343,-0.0023403,-0.0154845,-16.6382354,-14.2733169,-0.0108894,-0.0068870
1.7526943,1.7526943,1.8639920,-0.0091325,-40.5591080,-35.9399725,-0.0023137,-0.0153087,-16.5481586,-14.1937260,-0.0107657,-0.0068088
1.7576943,1.7576943,1.8689920,-0.0090290,-40.3625671,-35.7642771,-0.0022875,-0.0151353,-16.4585200,-14.1145169,-0.0106438,-0.0067317
1.7626943,1.7626943,1.8739920,-0.0089270,-40.1669044,-35.5893462,-0.0022616,-0.0149642,-16.3693182,-14.0356884,-0.0105235,-0.0066556
1.7676943,1.7676943,1.8789920,-0.0088263,-39.9721173,-35.4151777,-0.0022361,-0.0147954,-16.2805518,-13.9572396,-0.0104048,-0.0065805
1.7726943,1.7726943,1.8839920,-0.0087269,-39.7782032,-35.2417697,-0.0022110,-0.0146289,-16.1922194,-13.8791693,-0.0102876,-0.0065065
1.7776943,1.7776943,1.8889920,-0.0086289,-39.5851593,-35.0691201,-0.0021861,-0.0144645,-16.1043195,-13.8014765,-0.0101721,-0.0064334
1.7826943,1.7826943,1.8939920,-0.0085322,-39.3929829,-34.8972270,-0.0021616,-0.0143024,-16.0168508,-13.7241601,-0.0100581,-0.0063613
1.7876943,1.7876943,1.8989920,-0.0084367,-39.2016713,-34.7260882,-0.0021375,-0.0141424,-15.9298117,-13.6472190,-0.0099456,-0.0062901
1.7926943,1.7926943,1.9039920,-0.0083426,-39.0112219,-34.5557017,-0.0021136,-0.0139845,-15.8432009,-13.5706520,-0.0098345,-0.0062199
1.7976943,1.7976943,1.9089920,-0.0082496,-38.8216318,-34.3860655,-0.0020901,-0.0138288,-15.7570169,-13.4944581,-0.0097250,-0.0061506
1.8026943,1.8026943,1.9139920,-0.0081579,-38.6328984,-34.2171774,-0.0020668,-0.0136750,-15.6712583,-13.4186361,-0.0096169,-0.0060823
1.8076943,1.8076943,1.9189920,-0.0080674,-38.4450189,-34.0490353,-0.0020439,-0.0135233,-15.5859236,-13.3431849,-0.0095102,-0.0060148
1.8126943,1.8126943,1.9239920,-0.0079781,-38.2579905,-33.8816371,-0.0020213,-0.0133736,-15.5010113,-13.2681034,-0.0094049,-0.0059482
1.8176943,1.8176943,1.9289920,-0.0078900,-38.0718105,-33.7149808,-0.0019989,-0.0132258,-15.4165200,-13.1933905,-0.0093010,-0.0058825
1.8226943,1.8226943,1.9339920,-0.0078030,-37.8864761,-33.5490641,-0.0019769,-0.0130800,-15.3324483,-13.1190450,-0.0091985,-0.0058176
1.8276943,1.8276943,1.9389920,-0.0077171,-37.7019845,-33.3838850,-0.0019552,-0.0129361,-15.2487946,-13.0450657,-0.0090972,-0.0057536
1.8326943,1.8326943,1.9439920,-0.0076324,-37.5183329,-33.2194411,-0.0019337,-0.0127940,-15.1655575,-12.9714515,-0.0089974,-0.0056904
1.8376943,1.8376943,1.9489920,-0.0075487,-37.3355185,-33.0557305,-0.0019125,-0.0126538,-15.0827355,-12.8982012,-0.0088988,-0.0056281
1.8426943,1.8426943,1.9539920,-0.0074662,-37.1535385,-32.8927509,-0.0018916,-0.0125154,-15.0003272,-12.8253138,-0.0088014,-0.0055665
1.8476943,1.8476943,1.9589920,-0.0073847,-36.9723901,-32.7305000,-0.0018709,-0.0123788,-14.9183310,-12.7527879,-0.0087054,-0.0055058
1.8526943,1.8526943,1.9639920,-0.0073043,-36.7920705,-32.5689758,-0.0018506,-0.0122440,-14.8367455,-12.6806224,-0.0086106,-0.0054458
1.8576943,1.8576943,1.9689920,-0.0072249,-36.6125769,-32.4081759,-0.0018305,-0.0121109,-14.7555691,-12.6088162,-0.0085170,-0.0053866
1.8626943,1.8626943,1.9739920,-0.0071465,-36.4339064,-32.2480983,-0.0018106,-0.0119795,-14.6748005,-12.5373681,-0.0084246,-0.0053282
1.8676943,1.8676943,1.9789920,-0.0070691,-36.2560561,-32.0887405,-0.0017910,-0.0118498,-14.5944380,-12.4662768,-0.0083333,-0.0052705
1.8726943,1.8726943,1.9839920,-0.0069927,-36.0790233,-31.9301005,-0.0017716,-0.0117218,-14.5144803,-12.3955412,-0.0082433,-0.0052135
1.8776943,1.8776943,1.9889920,-0.0069173,-35.9028050,-31.7721759,-0.0017525,-0.0115953,-14.4349257,-12.3251601,-0.0081544,-0.0051573
1.8826943,1.8826943,1.9939920,-0.0068429,-35.7273985,-31.6149645,-0.0017337,-0.0114705,-14.3557729,-12.2551323,-0.0080666,-0.0051018
1.8876943,1.8876943,1.9989920,-0.0067694,-35.5528009,-31.4584640,-0.0017151,-0.0113473,-14.2770203,-12.1854565,-0.0079800,-0.0050470
1.8926943,1.8926943,2.0039920,-0.0066968,-35.3790093,-31.3026722,-0.0016967,-0.0112257,-14.1986663,-12.1161316,-0.0078944,-0.0049929
1.8976943,1.8976943,2.0089920,-0.0066251,-35.2060208,-31.1475868,-0.0016785,-0.0111055,-14.1207096,-12.0471564,-0.0078100,-0.0049394
1.9026943,1.9026943,2.0139920,-0.0065544,-35.0338327,-30.9932055,-0.0016606,-0.0109870,-14.0431485,-11.9785296,-0.0077266,-0.0048867
1.9076943,1.9076943,2.0189920,-0.0064845,-34.8624419,-30.8395260,-0.0016429,-0.0108698,-13.9659816,-11.9102500,-0.0076442,-0.0048346
1.9126943,1.9126943,2.0239920,-0.0064155,-34.6918456,-30.6865460,-0.0016254,-0.0107542,-13.8892074,-11.8423165,-0.0075629,-0.0047832
1.9176943,1.9176943,2.0289920,-0.0063474,-34.5220411,-30.5342632,-0.0016082,-0.0106400,-13.8128244,-11.7747277,-0.0074826,-0.0047324
1.9226943,1.9226943,2.0339920,-0.0062802,-34.3530252,-30.3826753,-0.0015911,-0.0105273,-13.7368310,-11.7074825,-0.0074033,-0.0046823
1.9276943,1.9276943,2.0389920,-0.0062138,-34.1847953,-30.2317800,-0.0015743,-0.0104160,-13.6612257,-11.6405796,-0.0073250,-0.0046327
1.9326943,1.9326943,2.0439920,-0.0061482,-34.0173484,-30.0815750,-0.0015577,-0.0103060,-13.5860071,-11.5740177,-0.0072477,-0.0045838
1.9376943,1.9376943,2.0489920,-0.0060834,-33.8506816,-29.9320579,-0.0015413,-0.0101974,-13.5111735,-11.5077958,-0.0071713,-0.0045356
1.9426943,1.9426943,2.0539920,-0.0060194,-33.6847920,-29.7832264,-0.0015251,-0.0100902,-13.4367236,-11.4419124,-0.0070959,-0.0044879
1.9476943,1.9476943,2.0589920,-0.0059563,-33.5196768,-29.6350782,-0.0015091,-0.0099843,-13.3626557,-11.3763665,-0.0070215,-0.0044408
1.9526943,1.9526943,2.0639920,-0.0058939,-33.3553330,-29.4876109,-0.0014933,-0.0098797,-13.2889684,-11.3111567,-0.0069479,-0.0043943
1.9576943,1.9576943,2.0689920,-0.0058322,-33.1917578,-29.3408223,-0.0014777,-0.0097764,-13.2156602,-11.2462817,-0.0068753,-0.0043483
1.9626943,1.9626943,2.0739920,-0.0057714,-33.0289482,-29.1947098,-0.0014622,-0.0096744,-13.1427295,-11.1817404,-0.0068035,-0.0043029
1.9676943,1.9676943,2.0789920,-0.0057113,-32.8669014,-29.0492713,-0.0014470,-0.0095736,-13.0701748,-11.1175316,-0.0067327,-0.0042581
1.9726943,1.9726943,2.0839920,-0.0056519,-32.7056146,-28.9045043,-0.0014320,-0.0094741,-12.9979946,-11.0536539,-0.0066627,-0.0042139
1.9776943,1.9776943,2.0889920,-0.0055933,-32.5450847,-28.7604065,-0.0014171,-0.0093758,-12.9261874,-10.9901060,-0.0065936,-0.0041701
1.9826943,1.9826943,2.0939920,-0.0055353,-32.3853089,-28.6169756,-0.0014024,-0.0092787,-12.8547517,-10.9268869,-0.0065253,-0.0041269
1.9876943,1.9876943,2.0989920,-0.0054781,-32.2262843,-28.4742091,-0.0013879,-0.0091828,-12.7836860,-10.8639951,-0.0064578,-0.0040843
1.9926943,1.9926943,2.1039920,-0.0054216,-32.0680080,-28.3321047,-0.0013736,-0.0090880,-12.7129886,-10.8014295,-0.0063912,-0.0040421
1.9976943,1.9976943,2.1089920,-0.0053657,-31.9104772,-28.1906600,-0.0013595,-0.0089944,-12.6426583,-10.7391888,-0.0063254,-0.0040005
