# r[nm],d[nm],daligned[nm],UC(d)[kJ/mol],UK(d)[kJ/mol],UCl(d)[kJ/mol],UC2A(d)[kJ/mol],UC4A(d)[kJ/mol],UCPlus(d)[kJ/mol],UCMinus(d)[kJ/mol],UCMoreLJ(d)[kJ/mol],UCLessLJ(d)[kJ/mol]
-1.2374515,-1.2374515,-1.2902320,12992.2392194,6645.5881531,52600.7861457,811.5187819,36460.5483454,12285.2993614,13416.2544510,15315.7557257,9686.5344360
-1.2324515,-1.2324515,-1.2852320,13262.3708844,6763.8684701,53663.9402254,829.3172686,37210.2852424,12480.6918018,13686.1967850,15634.1974143,9887.9346436
-1.2274515,-1.2274515,-1.2802320,14166.5134010,7303.6848843,57222.5894234,888.7223351,39719.2319085,13314.0466710,14590.1649620,16700.0356960,10562.0299611
-1.2224515,-1.2224515,-1.2752320,15729.7696676,8276.6337284,63453.9482173,990.4010315,44060.7963684,14816.1009612,16173.1937122,18542.8628416,11727.5361839
-1.2174515,-1.2174515,-1.2702320,17827.6367084,9717.8645529,71474.2541132,1108.6241057,49895.5397715,17017.6075319,18158.5480332,21015.9099122,13291.6284847
-1.2124515,-1.2124515,-1.2652320,16427.3707887,9342.0771723,66770.7679125,1006.7076744,46596.7230476,16057.2532294,16701.3714865,19365.2221119,12247.6418537
-1.2074515,-1.2074515,-1.2602320,15969.4065313,8836.2102697,64949.2244786,977.3816331,45303.4844093,15549.2876318,16246.8428144,18825.3560751,11906.2005922
-1.2024515,-1.2024515,-1.2552320,16354.6853509,8876.1979336,66434.6659452,995.8671811,46342.7479684,15604.1551140,16635.5396436,19279.5376975,12193.4502718
-1.1974515,-1.1974515,-1.2502320,17130.2876906,9341.5992307,70645.2146256,1045.2915100,48698.9783669,16315.7538974,17718.7238763,20193.8478310,12771.7107737
-1.1924515,-1.1924515,-1.2452320,18308.3034322,9994.7907097,75163.0049418,1130.3748308,51698.6822405,17436.6343612,19164.6823193,21582.5384973,13649.9958680
-1.1874515,-1.1874515,-1.2402320,17976.0582438,9798.8997229,74149.4994087,1105.1246781,50981.4559081,17113.3176557,18838.7988320,21190.8749773,13402.2861080
-1.1824515,-1.1824515,-1.2352320,18471.9164993,10114.0481377,76510.0773073,1124.2259766,52638.1881996,17618.9166069,19324.9163918,21775.4119295,13771.9797371
-1.1774515,-1.1774515,-1.2302320,19714.3034967,10904.5668817,81979.8199924,1187.4273735,56479.5485321,18872.0171982,20556.5897952,23239.9859299,14698.2576658
-1.1724515,-1.1724515,-1.2252320,21674.6667989,12147.4354911,90529.1293412,1290.3425639,62480.7897311,20844.2427294,22505.0908684,25550.9382580,16159.8322499
-1.1674515,-1.1674515,-1.2202320,24377.1409110,13851.3711833,102377.2538995,1430.8397727,70790.5456180,23559.9185393,25194.3632827,28736.7196046,18174.6972864
-1.1624515,-1.1624515,-1.2152320,27907.0573998,16060.9689602,118049.2544462,1608.9062342,81769.8220990,27104.5823175,28709.5324821,32897.9221319,20806.4728447
-1.1574515,-1.1574515,-1.2102320,32432.0242678,18868.1565275,133150.4771142,1826.9225879,93875.4164786,31646.0638345,33168.9546358,38232.1286567,24180.1212704
-1.1524515,-1.1524515,-1.2052320,33928.5695318,21984.2432829,135648.1021595,2074.8866012,95639.9620498,34011.2156820,33845.9233816,39996.3142839,25295.8902298
-1.1474515,-1.1474515,-1.2002320,35467.0681521,22983.0880207,141579.1125294,2224.2164105,99823.3099028,35546.8207337,35387.3155705,41809.9561554,26442.9380646
-1.1424515,-1.1424515,-1.1952320,37594.1922189,24361.3481253,149864.1951262,2368.4828455,105664.5172348,37671.2014008,37517.1830369,44317.4925435,28028.8433250
-1.1374515,-1.1374515,-1.1902320,40096.3476013,25980.5900895,159668.4473465,2536.2372766,112574.9312411,40170.9153293,40021.7798733,47267.1303987,29894.3581040
-1.1324515,-1.1324515,-1.1852320,42795.9917732,27725.6863673,170299.1699242,2715.5244097,120066.1058794,42868.5537350,42723.4298114,50449.5757020,31907.1132415
-1.1274515,-1.1274515,-1.1802320,43373.8371417,27402.2236620,173774.8338738,2737.5328797,122020.0093021,43113.2265093,43634.4477741,51130.7622444,32337.9334386
-1.1224515,-1.1224515,-1.1752320,41413.7524649,26145.6077440,165817.5268549,2614.9063836,116421.8738980,41152.6241529,41674.8807770,48820.1383708,30876.5665873
-1.1174515,-1.1174515,-1.1702320,39290.2442875,24779.9727543,157292.8767048,2479.0796425,110420.9584795,39029.3054798,39551.1830952,46316.8645334,29293.3572006
-1.1124515,-1.1124515,-1.1652320,37106.0605903,23372.3685132,148594.6090903,2337.1843323,104295.2529407,36845.9434579,37366.1777226,43742.0640389,27664.9103840
-1.1074515,-1.1074515,-1.1602320,34979.6235981,21999.8740880,140179.6002878,2197.3460727,98367.1658117,34720.8645054,35238.3826908,41235.3376011,26079.5173811
-1.1024515,-1.1024515,-1.1552320,33047.9457332,20751.5034274,132579.1097777,2068.8855739,93011.4560675,32790.9654679,33304.9259984,38958.2007795,24639.3296011
-1.0974515,-1.0974515,-1.1502320,31474.5462861,19728.5222806,126429.5861018,1962.8560715,88676.9683157,31219.6313530,31729.4612193,37103.4164593,23466.2609970
-1.0924515,-1.0924515,-1.1452320,30464.9553924,18851.7160957,122533.2051944,1849.5732621,85929.3339461,30212.2403572,30717.6704276,35913.2715389,22713.5472582
-1.0874515,-1.0874515,-1.1402320,29118.4468538,17122.3875155,121964.0251857,1629.8300619,85525.8378033,28510.8991103,29578.3372177,34325.9550254,21709.6401482
-1.0824515,-1.0824515,-1.1352320,25284.5144521,14748.8796099,106869.2842004,1450.0062490,74165.4353695,24660.8427947,25833.0547730,29806.3667434,18851.2015367
-1.0774515,-1.0774515,-1.1302320,22342.2212947,12910.9633316,93674.2621473,1305.8560127,64924.5741034,21704.1247712,22942.6143206,26337.8774005,16657.5362640
-1.0724515,-1.0724515,-1.1252320,20157.2195588,11536.4226386,83970.7756220,1196.2610272,58121.6627370,19506.1784668,20798.6610936,23762.1125703,15028.4795479
-1.0674515,-1.0674515,-1.1202320,18673.4447997,10598.4771752,77368.6513232,1122.5891307,53489.8073107,18010.7356086,19310.9621768,22012.9813098,13922.2318060
-1.0624515,-1.0624515,-1.1152320,17896.1620390,10106.7371903,73776.7353493,1088.5598129,50970.0601151,17222.8720420,18530.7154652,21096.6902309,13342.7184441
-1.0574515,-1.0574515,-1.1102320,17886.9324756,10105.1583791,73328.5468108,1100.5303853,50683.8463778,17203.9743252,18519.3013536,21085.8100633,13335.8372220
-1.0524515,-1.0524515,-1.1052320,18767.6099346,10528.9535235,76478.5142983,1168.1563786,52935.3912021,18075.7362031,19398.2901958,22123.9868247,13992.4378579
-1.0474515,-1.0474515,-1.1002320,18428.6854044,9777.8158053,75066.3244419,1127.3993754,52296.8302266,17415.7569500,18761.3689127,21724.4494373,13739.7482270
-1.0424515,-1.0424515,-1.0952320,17356.4247301,9373.3631073,69752.7688784,1073.0623466,49053.3867317,16799.1349905,17399.3810602,20460.4269479,12940.3102109
-1.0374515,-1.0374515,-1.0902320,16745.7616736,9409.9726394,67389.4931647,1033.1641362,47384.7287441,16691.6268431,16789.1924986,19740.5536415,12485.0223560
-1.0324515,-1.0324515,-1.0852320,17023.3476527,10029.3930172,68512.1460445,1050.7166232,48173.4059265,16943.1978891,17067.7084818,20067.7827647,12691.9802252
-1.0274515,-1.0274515,-1.0802320,17129.2003000,9653.8523832,68360.6296250,1083.9015462,47952.0186878,16935.2415143,17282.0705141,20192.5659727,12770.9000554
-1.0224515,-1.0224515,-1.0752320,15251.5414072,8203.5854075,60962.1669825,959.3486352,42735.9688972,15013.2691796,15405.0231136,17979.1088117,11370.9868290
-1.0174515,-1.0174515,-1.0702320,13971.4362081,7314.2476722,55978.2265111,874.2308252,39179.6032516,13719.9573889,14141.7197934,16470.0711315,10416.5876001
-1.0124515,-1.0124515,-1.0652320,13212.2755358,6955.9623533,52988.2796302,825.6583965,37071.5667242,12995.8415622,13396.6435411,15575.1430735,9850.5853990
-1.0074515,-1.0074515,-1.0602320,13010.4344147,6747.4618578,52193.4110447,812.7778071,36511.0162874,12669.3851311,13194.9674316,15337.2049279,9700.1001026
-1.0024515,-1.0024515,-1.0552320,13351.4637272,6823.3486487,53536.7748958,835.2785377,37457.8734762,12878.6213642,13536.0832911,15739.2235143,9954.3589815
-0.9974515,-0.9974515,-1.0502320,14243.4760707,7304.3471738,57050.4310325,893.4636346,39934.7442029,13628.8257783,14428.0942240,16790.7622774,10619.4104894
-0.9924515,-0.9924515,-1.0452320,15654.3148642,8102.3880177,62854.7478821,985.8235054,43856.0975812,14983.4221942,15901.4929772,18453.9137915,11671.2798651
-0.9874515,-0.9874515,-1.0402320,17076.1328074,8712.0044970,70101.4269396,1078.3124958,47829.6809877,15950.3402981,17938.2081657,20130.0079533,12731.3348899
-0.9824515,-0.9824515,-1.0352320,16694.4214474,9338.2052541,68317.2571229,1031.4107798,47210.8842273,16055.2920308,17234.5414545,19680.0317907,12446.7449767
-0.9774515,-0.9774515,-1.0302320,16744.5833873,9387.7686622,67810.5429880,1027.8541406,47331.6290425,16113.1009957,16895.3238763,19739.1646319,12484.1438692
-0.9724515,-0.9724515,-1.0252320,17257.3645605,9994.0253758,69727.0868014,1062.4317946,48892.9276700,17026.7400923,17395.2074551,20343.6509762,12866.4546016
-0.9674515,-0.9674515,-1.0202320,18446.6484738,11088.4115509,74349.2768679,1142.6609150,52154.0679099,18308.6113084,18584.6856392,21745.6250006,13753.1408291
-0.9624515,-0.9624515,-1.0152320,19372.1234080,12173.0815486,77702.0990816,1206.8704822,54637.6793335,19234.4464214,19403.4402183,22836.6107639,14443.1408105
-0.9574515,-0.9574515,-1.0102320,18405.8601565,11546.5754819,74233.9997777,1133.0986218,52158.9371193,18277.1553669,18439.5706677,21697.5421495,13722.7305640
-0.9524515,-0.9524515,-1.0052320,18386.1214861,11521.7747263,74605.1664072,1118.5690600,52378.6594460,18267.1310245,18422.8221706,21674.2734388,13708.0141392
-0.9474515,-0.9474515,-1.0002320,19181.0206616,11831.7618999,78352.6792595,1152.8683173,54966.7653042,19072.6495182,19221.6150824,22611.3314312,14300.6616503
-0.9424515,-0.9424515,-0.9952320,20723.5917315,12621.2515846,85238.5336219,1229.1489442,59789.7148764,20626.9221896,20769.1766503,24429.7740643,15450.7457533
-0.9374515,-0.9374515,-0.9902320,23007.0091938,13975.9677489,95391.4852307,1343.3930209,66906.4315112,22923.3152146,23058.7393682,27121.5551716,17153.1776056
-0.9324515,-0.9324515,-0.9852320,26089.5846311,15876.3917687,109230.2570315,1494.0855457,76596.5920504,26020.3463204,26148.4938756,30755.4147092,19451.4321728
-0.9274515,-0.9274515,-0.9802320,30112.5477897,17578.6778696,122839.4900640,1682.3436512,85231.5297789,29255.6291834,30165.6294890,35497.8397825,22450.8051457
-0.9224515,-0.9224515,-0.9752320,29962.2881317,17462.6596184,121964.5176586,1855.1729045,84618.1206219,29068.2923082,30856.2839552,35320.7078671,22338.7770859
-0.9174515,-0.9174515,-0.9702320,30551.1064322,17845.8639376,124160.2122137,1898.5398275,86167.9943358,29654.1068644,31448.1059999,36014.8297274,22777.7782964
-0.9124515,-0.9124515,-0.9652320,31644.6391167,18554.3585817,128375.3079345,1974.2867628,89140.0143071,30744.7793706,32544.4988629,37303.9284880,23593.0759388
-0.9074515,-0.9074515,-0.9602320,33045.7933152,19460.4611433,133838.7298884,2069.2045694,92990.5737050,32143.3653239,33948.2213064,38955.6634257,24637.7248376
-0.9024515,-0.9024515,-0.9552320,34602.0605507,20465.3471466,139954.7848077,2173.0487812,97299.6805633,33697.4860417,35506.6350597,40790.2516303,25798.0202966
-0.8974515,-0.8974515,-0.9502320,36189.9177776,21488.9161813,146242.1791354,2277.4887298,101727.9476343,35283.7288545,37096.1067008,42662.0793425,26981.8680882
-0.8924515,-0.8924515,-0.9452320,37706.3968497,22464.3113617,152301.1133986,2375.5382556,105993.3811531,36799.2157593,38613.5779402,44449.7637162,28112.4989599
-0.8874515,-0.8874515,-0.9402320,39065.2829076,23335.4450164,157798.4837687,2461.2980182,109860.9396730,38157.8010651,39972.7647501,46051.6713297,29125.6342918
-0.8824515,-0.8824515,-0.9352320,40196.2250281,24056.4176878,162464.4444097,2529.8947592,113140.1067385,39289.1814158,41103.2686404,47384.8697849,29968.8230301
-0.8774515,-0.8774515,-0.9302320,39465.3420953,24204.9363321,158556.4138465,2493.9349403,110827.5573009,38856.7084010,40073.9757896,46523.2766235,29423.9036688
-0.8724515,-0.8724515,-0.9252320,37162.6452519,22714.2381617,149560.9620541,2338.6181347,104486.6504182,36556.8448209,37768.4456828,43808.7682336,27707.0978209
-0.8674515,-0.8674515,-0.9202320,35253.8425190,21476.8111191,142157.1168921,2208.0939569,99266.0788014,34651.1577456,35856.5272923,41558.5975054,26283.9648958
-0.8624515,-0.8624515,-0.9152320,33964.3526399,20638.7164961,137226.7915722,2117.4740846,95787.6071966,33364.9107455,34563.7945343,40038.4968003,25322.5687956
-0.8574515,-0.8574515,-0.9102320,33590.4359902,20391.9220342,135930.0955908,1948.4540420,94869.1211676,32994.1918168,33982.0310655,39597.7093447,25043.7903309
-0.8524515,-0.8524515,-0.9052320,29293.6158949,17982.1238896,121290.3780449,1733.0249711,84913.8761391,29062.7748450,29524.4569449,34532.4510881,21840.2397254
-0.8474515,-0.8474515,-0.9002320,25794.7929976,15737.4737925,106092.8839562,1546.1862542,74252.9484517,25550.1987925,26039.3872027,30407.9028930,19231.6464022
-0.8424515,-0.8424515,-0.8952320,23173.0823898,14076.9410278,94794.1547683,1403.8436729,66320.0785096,22916.0911089,23430.0736708,27317.3286991,17276.9956562
-0.8374515,-0.8374515,-0.8902320,21400.5718364,13011.2609124,87137.3864034,1308.5544120,60941.2744916,21132.3396348,21668.8040381,25227.8244806,15955.4771539
-0.8324515,-0.8324515,-0.8852320,20509.6184642,12590.3036420,83151.9993386,1265.4122147,58141.8982843,20231.1152184,20788.1217101,24177.5340741,15291.2151761
-0.8274515,-0.8274515,-0.8802320,20595.1106300,12615.6864559,83145.0177862,1282.7234201,58141.4591033,20307.1336748,20883.0875851,24278.3155564,15354.9549821
-0.8224515,-0.8224515,-0.8752320,20096.4929173,11981.9352824,81207.0108189,1256.3874512,56611.9866533,19627.0178541,20483.7509281,23690.5256489,14983.2040035
-0.8174515,-0.8174515,-0.8702320,18153.0919546,10642.6946296,73603.1170589,1126.3495778,51256.2543478,17683.8273193,18537.5164333,21399.5691849,13534.2759141
-0.8124515,-0.8124515,-0.8652320,16895.3757524,9447.2578473,68690.3173069,1041.8274130,47798.9445997,16426.0749368,17276.7210902,19916.9245230,12596.5690957
-0.8074515,-0.8074515,-0.8602320,16397.3688043,8800.3430642,66758.0471003,1007.7663825,46443.9982307,15652.9882041,16775.5218831,19329.8546086,12225.2734806
-0.8024515,-0.8024515,-0.8552320,16519.0825311,8761.5769971,67985.6054166,1022.8124299,46645.2500412,15595.9540730,17177.2906931,19473.3354726,12316.0187468
-0.7974515,-0.7974515,-0.8502320,16495.1108410,8800.9193458,67279.2228487,1039.9375423,46207.3035481,15588.3896086,17343.9610486,19445.0767141,12298.1463387
-0.7924515,-0.7924515,-0.8452320,15142.1748252,7950.4173272,61879.4243204,951.3053185,42438.1802360,14252.3103510,15965.1995402,17850.1832411,11289.4471387
-0.7874515,-0.7874515,-0.8402320,14272.6337824,7423.4235495,58210.6108063,895.7118487,40017.3507441,13422.2850751,14845.0147710,16825.1345193,10641.1494040
-0.7824515,-0.7824515,-0.8352320,13470.4175135,7073.9494888,54490.2883079,843.4173443,37785.4902320,12866.3906136,13899.5714648,15879.4508534,10043.0465379
-0.7774515,-0.7774515,-0.8302320,13183.8737537,6797.8179031,53362.8713001,824.2949662,36990.6766917,12506.8987361,13613.0319717,15541.6619507,9829.4100777
-0.7724515,-0.7724515,-0.8252320,13534.2879449,6963.5100383,54742.2345866,847.4324260,37963.0323071,12778.6721501,13963.4746874,15954.7437962,10090.6659761
-0.7674515,-0.7674515,-0.8202320,14535.3146296,7560.3298057,58682.1163576,913.2414843,40740.4503358,13699.5693386,14964.5455819,17134.7928948,10836.9945565
-0.7624515,-0.7624515,-0.8152320,16203.5387800,8602.2558055,65377.9111161,1022.1813301,45372.8695887,15307.6070782,16665.9104770,19101.3602548,12080.7609625
-0.7574515,-0.7574515,-0.8102320,18224.3601745,10127.4370780,73286.6968017,1124.8399357,51174.2211173,17620.9183544,18498.1607280,21483.5829279,13587.4108707
-0.7524515,-0.7524515,-0.8052320,16717.2051024,9526.8173822,67919.2202322,1025.6724244,47400.6482466,16338.0988713,16994.7561363,19706.8900473,12463.7316296
-0.7474515,-0.7474515,-0.8002320,16306.9889808,9045.6140999,66285.5429951,999.4983800,46239.6089560,15859.3466267,16588.1413784,19223.3113657,12157.8896172
-0.7424515,-0.7424515,-0.7952320,16747.1153314,9112.8906368,67986.5711509,1018.5682200,47430.6848114,15955.7846776,17031.8235678,19742.1493859,12486.0315933
-0.7374515,-0.7374515,-0.7902320,17520.8504362,9608.3505580,72335.8813933,1070.9615118,49781.7413123,16713.1940722,18177.8712517,20654.2583504,13062.8999538
-0.7324515,-0.7324515,-0.7852320,18134.8868516,9911.5063791,74461.5613831,1125.6525254,51218.7167565,17273.5756620,18996.1980413,21378.1083031,13520.7028607
-0.7274515,-0.7274515,-0.7802320,17961.8991844,9810.9375648,74072.7623146,1104.1409983,50942.3281705,17109.7790069,18814.0193618,21174.1837286,13391.7296354
-0.7224515,-0.7224515,-0.7752320,18589.2616260,10211.9012847,76949.0995095,1131.9838560,52963.0972421,17747.1564193,19431.3668327,21913.7429181,13859.4679361
-0.7174515,-0.7174515,-0.7702320,19942.9493013,11075.1602919,82855.2556699,1202.5845001,57112.5671285,19111.8445166,20774.0540860,23509.5224765,14868.7275457
-0.7124515,-0.7124515,-0.7652320,21999.4483544,12380.9648484,91781.3883044,1311.8934687,63379.9216745,21180.5058087,22818.3909002,25933.8033580,16401.9774005
-0.7074515,-0.7074515,-0.7602320,24785.9218307,14139.9982133,103958.6208241,1457.9819144,71922.1685376,23980.4946205,25591.3490408,29218.6064145,18479.4692652
-0.7024515,-0.7024515,-0.7552320,28389.0958333,16397.7607441,119917.4825192,1640.9305649,83104.1699096,27598.7434341,29179.4482326,33466.1677417,21165.8629242
-0.6974515,-0.6974515,-0.7502320,32976.6389220,19246.2194687,133466.1750649,1847.4829730,94074.5327987,32203.1426333,33257.9027218,38874.1415436,24586.1658723
-0.6924515,-0.6924515,-0.7452320,34194.2761970,22122.2887453,136724.0000735,2114.4925874,96374.3637771,34259.7243712,34128.8280228,40309.5396111,25493.9913207
-0.6874515,-0.6874515,-0.7402320,35863.8199011,23205.1365629,143170.3035207,2250.7949313,100920.3476877,35925.8831405,35801.7566618,42277.6625123,26738.7415373
-0.6824515,-0.6824515,-0.7352320,38074.7958622,24636.8382012,151785.4087519,2400.6488875,106993.5893182,38133.6460629,38015.9456616,44884.0467670,28387.1636778
-0.6774515,-0.6774515,-0.7302320,40622.3588494,26284.6310067,161768.7425897,2571.4320547,114029.6387757,40678.3176340,40566.4000648,47887.2128686,30286.5326924
-0.6724515,-0.6724515,-0.7252320,43333.9898792,28036.6408989,172447.3276108,2751.5235987,121553.9526751,43387.5104906,43280.4692677,51083.7887451,32308.2247890
-0.6674515,-0.6674515,-0.7202320,43046.2351609,27162.3224862,172516.9773701,2715.6478384,121113.7713657,42771.9264662,43320.5438556,50744.5723175,32093.6854829
-0.6624515,-0.6624515,-0.7152320,41033.7089583,25871.3123400,164354.1635124,2589.5378836,115370.4605634,40758.6861115,41308.7318050,48372.1283384,30593.2201639
-0.6574515,-0.6574515,-0.7102320,38878.8025588,24484.8997889,155706.6368878,2451.6280375,109282.6107633,38603.7581803,39153.8469373,45831.8410585,28986.6014208
-0.6524515,-0.6524515,-0.7052320,36687.0466701,23071.9339323,146979.0565248,2309.2345029,103135.9173305,36412.5960316,36961.4973086,43248.1141709,27352.5090574
-0.6474515,-0.6474515,-0.7002320,34579.9632891,21711.4989551,138640.4757000,2170.6886045,97261.3712905,34306.6236105,34853.3029677,40764.2025209,25781.5453933
-0.6424515,-0.6424515,-0.6952320,32698.8227472,20495.3655141,131238.8725887,2045.5943138,92045.5166745,32426.9935166,32970.6519779,38546.6410568,24379.0363777
-0.6374515,-0.6374515,-0.6902320,31213.8373425,19533.9718743,125436.9631678,1945.4512954,87955.7162828,30943.7816877,31483.8929973,36796.0826403,23271.8860230
-0.6324515,-0.6324515,-0.6852320,30341.6047400,18757.8280224,122080.3438492,1818.1459881,85588.2147968,30073.4318298,30609.7776502,35767.8610035,22621.5815607
-0.6274515,-0.6274515,-0.6802320,28688.5261785,16860.9554649,121966.7307227,1601.3580817,85197.1626060,28089.5966678,29132.6039197,33819.1478513,21389.1071472
-0.6224515,-0.6224515,-0.6752320,24911.5798586,14524.7562123,105358.1900546,1425.3262657,73132.4481554,24296.7024239,25448.8680167,29366.7369737,18573.1552568
-0.6174515,-0.6174515,-0.6702320,22038.3303071,12731.9372035,92462.2761986,1285.7640191,64082.6915996,21409.1911238,22636.0564134,25979.6389126,16430.9663505
-0.6124515,-0.6124515,-0.6652320,19935.7017008,11411.1078376,83081.8951646,1181.6389867,57507.8067537,19293.7683021,20561.4806177,23500.9787239,14863.3240021
-0.6074515,-0.6074515,-0.6602320,18550.3805601,10537.2732976,76866.0569499,1114.5043033,53148.5067146,17896.9169566,19172.5919274,21867.9084089,13830.4796472
-0.6024515,-0.6024515,-0.6552320,17892.2984996,10123.0728018,73738.1259792,1088.3928763,50958.7469726,17228.3800198,18511.8401525,21092.1357407,13339.8379316
-0.5974515,-0.5974515,-0.6502320,18030.1706851,10217.1054599,73856.0967956,1110.1416041,51079.7326709,17356.6986946,18647.7454496,21254.6648228,13442.6303487
-0.5924515,-0.5924515,-0.6452320,19096.2634491,10309.8111149,77734.5576384,1178.5237162,53844.4772509,18172.5061039,19712.2759943,22511.4163403,14237.4697983
-0.5874515,-0.5874515,-0.6402320,18038.6901524,9585.2952739,73134.0766340,1102.3317701,51084.9652987,17060.8728126,18281.1507494,21264.7079013,13448.9821493
-0.5824515,-0.5824515,-0.6352320,16926.8618672,9206.3570773,68109.6136148,1045.8981506,47862.1547861,16482.7934420,16993.0678593,19954.0415769,12620.0439817
-0.5774515,-0.5774515,-0.6302320,16379.6317572,9267.1935855,65996.3412288,1009.2148537,46369.0611414,16294.1539941,16446.8149515,19308.9454892,12212.0493924
-0.5724515,-0.5724515,-0.6252320,16711.8319433,9912.5584893,67334.4654361,1030.3884016,47308.9346471,16599.9097137,16780.4604572,19700.5559589,12459.7256003
-0.5674515,-0.5674515,-0.6202320,16657.0174755,9311.6632914,66553.6685243,1052.6068699,46643.9999288,16424.1821587,16833.9996207,19635.9385372,12418.8579545
-0.5624515,-0.5624515,-0.6152320,14892.8039909,7952.1504430,59601.9128820,935.3375716,41742.1492096,14618.0217534,15070.9312427,17556.2152254,11103.5254409
-0.5574515,-0.5574515,-0.6102320,13688.1940067,7135.6227057,54919.9567950,856.2910703,38394.9403885,13409.4822353,13899.6222488,16136.1742339,10205.4126601
-0.5524515,-0.5524515,-0.6052320,13017.0418738,6836.0593730,52277.1940980,813.1639092,36530.8690294,12765.4673054,13229.2863551,15344.9940572,9705.0263805
-0.5474515,-0.5474515,-0.6002320,12891.2834947,6684.7124772,51782.8598849,805.1915803,36181.3792837,12509.9607276,13104.2660055,15196.7452001,9611.2655707
-0.5424515,-0.5424515,-0.5952320,13298.9279151,6801.6408071,53389.7830500,832.0192324,37313.2143011,12782.4430195,13512.5723532,15677.2922605,9915.1902175
-0.5374515,-0.5374515,-0.5902320,14249.8992118,7319.0722217,57137.1787771,893.2642241,39954.0242537,13588.4328713,14464.1188322,16798.3341253,10624.1993465
-0.5324515,-0.5324515,-0.5852320,15661.7931113,8163.1551897,63150.4008159,986.6915943,43879.3980705,14982.8872211,15990.6495005,18462.7294394,11676.8553704
-0.5274515,-0.5274515,-0.5802320,17104.9169833,8816.5961910,70157.1149132,1065.3780448,47915.0688215,16023.8341306,17834.6023066,20163.9398567,12752.7953100
-0.5224515,-0.5224515,-0.5752320,16393.1435021,9169.0479790,67107.0060397,1011.6011908,46376.8445779,15771.0077082,16936.7311266,19324.8736584,12222.1232511
-0.5174515,-0.5174515,-0.5702320,16570.7904991,9301.1014333,67158.5524214,1016.1934608,46850.8012270,15953.0180438,16740.5893803,19534.2908316,12354.5703008
-0.5124515,-0.5124515,-0.5652320,17177.0147849,9964.2206459,69460.2545256,1057.2158359,48671.0969605,16954.4249917,17338.7010884,20248.9315429,12806.5487721
-0.5074515,-0.5074515,-0.5602320,18432.9086291,11097.6371636,74345.7578689,1141.8347410,52117.0907494,18270.4816593,18595.3355990,21729.4279385,13742.8969077
-0.5024515,-0.5024515,-0.5552320,18857.1439068,11764.3458409,75781.2258047,1171.2676265,53244.9992883,18683.5039348,18913.4144801,22229.5329453,14059.1910858
-0.4974515,-0.4974515,-0.5502320,18057.2784368,11243.3939614,72987.1178400,1107.9342052,51240.2812719,17892.0432192,18116.2346041,21286.6204924,13462.8408887
-0.4924515,-0.4924515,-0.5452320,18168.8918411,11307.3691360,73903.9544568,1101.2276707,51843.0112203,18012.8171819,18231.1566191,21418.1947043,13546.0557269
-0.4874515,-0.4874515,-0.5402320,19074.5644024,11718.8885034,78129.8280462,1141.5715622,54765.9673491,18928.5705379,19141.0482585,22485.8366620,14221.2917893
-0.4824515,-0.4824515,-0.5352320,20720.4680887,12619.4773556,85508.9417474,1222.7969256,59916.3078538,20585.6542116,20792.2571560,24426.0917929,15448.4168804
-0.4774515,-0.4774515,-0.5302320,23113.4426094,14048.6868007,96186.4113985,1341.4904206,67397.4963595,22991.1013913,23191.6626275,27247.0230118,17232.5304353
-0.4724515,-0.4724515,-0.5252320,26328.2449651,16025.4840917,110684.9894651,1496.7539879,77545.2378600,26219.8772112,26413.8778659,31036.7567717,19629.3685166
-0.4674515,-0.4674515,-0.5202320,29652.9731022,17333.8555978,120834.2512316,1690.4378092,83870.5560591,28799.7902323,30506.1559721,34956.0753081,22108.1632068
-0.4624515,-0.4624515,-0.5152320,29624.3441778,17319.2122778,120572.7577557,1848.2173765,83689.9612146,28768.4596804,30480.2286752,34922.3264211,22086.8185365
-0.4574515,-0.4574515,-0.5102320,30314.9676183,17768.7992644,123170.9333917,1882.6556253,85523.8572358,29456.3675423,31173.5676943,35736.4601308,22601.7219050
-0.4524515,-0.4524515,-0.5052320,31475.5198129,18521.0871387,127652.6902520,1962.7153005,88684.1071982,30614.3538548,32336.6857711,37104.5640904,23466.9868227
-0.4474515,-0.4474515,-0.5002320,32921.3365752,19456.4434725,133295.8472696,2060.4325188,92661.5697751,32057.9004428,33784.7727077,38808.9489914,24544.9344820
-0.4424515,-0.4424515,-0.4952320,34508.1193324,20481.3557379,139537.0772951,2166.1064288,97059.0637488,33642.8362606,35373.4024043,40679.5100770,25727.9811886
-0.4374515,-0.4374515,-0.4902320,36117.8561687,21519.2838427,145916.8830644,2271.7689048,101552.5590262,35251.2575778,36984.4547595,42577.1303217,26928.1416101
-0.4324515,-0.4324515,-0.4852320,37651.3320948,22505.7902616,152050.3765768,2370.6784464,105870.5639750,36784.0374248,38518.6267648,44384.8512464,28071.4447093
-0.4274515,-0.4274515,-0.4802320,39024.9181201,23386.4493831,157614.7900199,2457.1022759,109785.3129800,38157.6139171,39892.2223231,46004.0877519,29095.5397948
-0.4224515,-0.4224515,-0.4752320,40170.0588443,24116.5116988,162347.5055943,2526.2811662,113111.3743962,39303.4772178,41036.6404707,47354.0240721,29949.3144884
-0.4174515,-0.4174515,-0.4702320,38848.8510602,23838.3761086,156131.7725757,2452.1477358,109141.0785934,38257.6807760,39440.0213445,45796.5330699,28964.2706880
-0.4124515,-0.4124515,-0.4652320,36555.0580400,22353.2059034,147175.3382983,2297.3223155,102827.4654017,35966.7124920,37143.4035880,43092.5208523,27254.1032023
-0.4074515,-0.4074515,-0.4602320,34669.7960125,21130.7313612,139868.2752666,2168.2569348,97674.8665213,34084.5314136,35255.0606115,40870.1008210,25848.5213590
-0.4024515,-0.4024515,-0.4552320,33415.3664545,20314.9935234,135080.1976986,2079.8568067,94296.3766760,32833.2827368,33997.4501721,39391.3305827,24913.2649412
-0.3974515,-0.3974515,-0.4502320,33076.4976536,20095.8985939,133958.6181699,1902.9024788,93501.0033308,32505.8688106,33314.0381388,38991.8588912,24660.6168600
-0.3924515,-0.3924515,-0.4452320,28665.1031448,17576.4470938,118865.8481941,1691.5991653,83172.6003086,28411.6773050,28918.5289847,33791.5358703,21371.6437971
-0.3874515,-0.3874515,-0.4402320,25230.6197667,15378.7048410,103921.8534352,1509.0706634,72689.5947440,24962.8563311,25498.3832023,29742.8335970,18811.0196468
-0.3824515,-0.3824515,-0.4352320,22673.2635414,13764.8228905,92876.7629311,1371.0343359,64934.7140729,22392.4974494,22954.0296335,26728.1228463,16904.3491550
-0.3774515,-0.3774515,-0.4302320,20962.9568970,12743.9926287,85465.2735072,1279.9030355,59727.9750864,20670.3240856,21255.5897084,24711.9470094,15629.2075934
-0.3724515,-0.3724515,-0.4252320,20130.5156212,12298.6430993,81710.7534635,1240.6679153,57090.4738483,19826.9668178,20434.0644246,23730.6329325,15008.5700768
-0.3674515,-0.3674515,-0.4202320,20269.8388759,12333.7177588,81916.3406273,1261.5689973,57238.9810276,19956.1534583,20583.5242935,23894.8725913,15112.4443576
-0.3624515,-0.3624515,-0.4152320,19767.1388094,11731.3278664,79942.7792407,1234.3506644,55706.5986490,19279.3900191,20163.6595402,23302.2702467,14737.6497265
-0.3574515,-0.3574515,-0.4102320,17957.1041101,10495.4746825,72862.6052370,1113.1898427,50719.7452289,17469.0189113,18351.2035088,21168.5311090,13388.1546049
-0.3524515,-0.3524515,-0.4052320,16841.2426281,9406.4784561,68506.6722089,1038.1108549,47654.6846588,16352.5598807,17232.6870040,19853.1102956,12556.2094345
-0.3474515,-0.3474515,-0.4002320,16505.6951158,8873.1323769,67211.8752350,1014.8498383,46748.8631679,15685.7885912,16894.3681801,19457.5538679,12306.0375836
-0.3424515,-0.3424515,-0.3952320,16716.1977052,8965.8907160,68722.3528779,1035.9629266,47193.6002985,15831.4107774,17497.3622083,19705.7024883,12462.9805514
-0.3374515,-0.3374515,-0.3902320,16258.9381983,8711.6278269,66317.2511629,1023.9831605,45551.1672878,15377.8815438,17089.0463015,19166.6672387,12122.0647258
-0.3324515,-0.3324515,-0.3852320,14938.6650630,7901.4096950,61043.1838149,938.6182771,41873.5014846,14091.2011171,15744.0392421,17610.2780367,11137.7177650
-0.3274515,-0.3274515,-0.3802320,14135.6687795,7405.1721644,57453.5343230,886.8242465,39637.1328426,13324.6760076,14666.5177582,16663.6748593,10539.0333488
-0.3224515,-0.3224515,-0.3752320,13374.4744209,7024.0091186,54169.9167077,837.3016810,37518.8518088,12729.9103936,13832.5475782,15766.3494130,9971.5149062
-0.3174515,-0.3174515,-0.3702320,13191.2006794,6823.4334523,53449.6906397,825.0383891,37010.2038118,12478.2544534,13649.9272558,15550.2992150,9834.8727633
-0.3124515,-0.3124515,-0.3652320,13644.8753530,7060.0966881,55236.3342279,854.7997867,38268.7885834,12858.0644932,14104.2742898,16085.1085240,10173.1158694
-0.3074515,-0.3074515,-0.3602320,14756.6371879,7728.6159060,59612.9789377,926.4070763,41353.2252540,13889.2923386,15216.7171267,17395.6965144,11002.0044941
-0.3024515,-0.3024515,-0.3552320,16459.5652152,8848.1276480,66468.2523564,1040.2002113,46082.2183136,15606.5000963,16898.3436443,19403.1741511,12271.6448309
-0.2974515,-0.2974515,-0.3502320,17719.4185399,10413.5819525,71917.8464098,1092.0485705,50189.8318771,17297.4034013,18022.0146116,20888.3381360,13210.9450091
-0.2924515,-0.2924515,-0.3452320,16451.5666745,9356.0285285,66923.1389096,1008.8415600,46657.0196968,16029.8863798,16758.5748155,19393.7451610,12265.6814139
-0.2874515,-0.2874515,-0.3402320,16222.5126101,8993.1209040,66000.9691186,994.4507083,45996.9111621,15715.5277375,16533.8370886,19123.7273420,12094.9071506
-0.2824515,-0.2824515,-0.3352320,16730.8239248,9151.1649557,68278.1071559,1017.4683412,47593.3486757,15952.0857160,17124.7973749,19722.9444435,12473.8853213
-0.2774515,-0.2774515,-0.3302320,17602.8139779,9720.8843433,72588.0807268,1077.4715993,49995.5127572,16824.1667265,18359.9565177,20750.8801537,13124.0089478
-0.2724515,-0.2724515,-0.3252320,18431.9163851,10162.2257969,75628.5870521,1144.0801758,52073.7915445,17595.2498510,19268.5829192,21728.2582428,13742.1571271
-0.2674515,-0.2674515,-0.3202320,18317.0241114,10086.7638703,75488.5968567,1125.8009019,51972.0498298,17489.7389516,19144.3092711,21592.8187723,13656.4976848
-0.2624515,-0.2624515,-0.3152320,19013.3344323,10531.1208439,78665.6366490,1157.3230973,54203.6512743,18196.2998688,19830.3689958,22413.6563974,14175.6409816
-0.2574515,-0.2574515,-0.3102320,20449.5792322,11445.8801267,84939.7797102,1232.0940938,58610.7683944,19643.8301686,21255.3282958,24106.7574976,15246.4521388
-0.2524515,-0.2524515,-0.3052320,22606.4303313,12813.6040976,94324.6280295,1346.1326378,65198.7714354,21813.1824393,23399.6782233,26649.3372649,16854.5207782
-0.2474515,-0.2474515,-0.3002320,25517.6788363,14648.6461723,107088.2048205,1497.6259521,74150.1489716,24738.3436978,26297.0139748,30081.2299669,19025.0403030
-0.2424515,-0.2424515,-0.2952320,29280.8418271,17002.5149134,123820.4713783,1686.8637179,85870.8227015,28517.0422807,30044.6413735,34517.3925214,21830.7158515
-0.2374515,-0.2374515,-0.2902320,33878.1284390,19977.1872630,135787.6385698,1900.9710304,95573.5506214,33335.0389506,33908.3809662,39936.8523665,25258.2832112
-0.2324515,-0.2324515,-0.2852320,34787.6096781,22308.9027906,139219.3592275,2176.9314800,97994.0000916,34752.8074491,34822.4119072,41008.9841415,25936.3588834
-0.2274515,-0.2274515,-0.2802320,36489.0243258,23409.7725715,145800.4846914,2294.0826354,102633.0772067,36449.7154360,36528.3332155,43014.6777476,27204.8709001
-0.2224515,-0.2224515,-0.2752320,38718.3850713,24850.7967895,154498.0153545,2445.0099534,108762.4916205,38674.7809461,38761.9891965,45642.7346997,28867.0000579
-0.2174515,-0.2174515,-0.2702320,41267.5700043,26497.0839840,164498.6361241,2615.7363255,115808.8053583,41220.0333761,41315.1066325,48647.8128139,30767.5783355
-0.2124515,-0.2124515,-0.2652320,43961.2085148,28111.0252669,175118.3447810,2794.4463065,123289.6953119,43910.2353923,44012.1816373,51823.1784105,32775.8558733
-0.2074515,-0.2074515,-0.2602320,42967.7690828,26967.2162455,172314.8000950,2712.1631312,120869.7865781,42620.0957847,43315.4423809,50652.0734599,32035.1840687
-0.2024515,-0.2024515,-0.2552320,40942.4542084,25663.6584451,164130.2253926,2584.3002560,115108.0298092,40592.7441785,41292.1642382,48264.5536983,30525.1839876
-0.1974515,-0.1974515,-0.2502320,38764.6002739,24257.8888554,155423.0216276,2443.8379952,108974.8791705,38413.5129063,39115.6876415,45697.2149737,28901.4564087
-0.1924515,-0.1924515,-0.2452320,36537.1007885,22816.9000790,146589.5288005,2297.8252378,102750.0670453,36185.2141869,36888.9873901,43071.3521474,27240.7149378
-0.1874515,-0.1874515,-0.2402320,34377.5262741,21417.0140426,138086.0774594,2154.2009285,96755.4832892,34025.3166434,34729.7359048,40525.5619125,25630.6158203
-0.1824515,-0.1824515,-0.2352320,32421.2546710,20145.8990996,130441.4550844,2021.9903243,91363.9596416,32069.0767725,32773.4325695,38219.4330382,24172.0918562
-0.1774515,-0.1774515,-0.2302320,30829.7218950,19107.8955121,124289.6426238,1911.8344900,87022.3387187,30477.7905992,31181.6531908,36343.2724461,22985.5037107
-0.1724515,-0.1724515,-0.2252320,29806.4309824,18424.7425786,120433.3196871,1793.3844904,84296.2233761,29454.8039040,30158.0580608,35136.9774119,22222.5757431
-0.1674515,-0.1674515,-0.2202320,28096.3495992,16504.8287677,119582.1991495,1578.6837466,83213.8803816,27495.8662894,28691.8017562,33121.0671216,20947.6021279
-0.1624515,-0.1624515,-0.2152320,24401.9870628,14209.3098388,103067.9970519,1401.7920798,71511.0412951,23785.1734536,25018.8006720,28766.0092125,18193.2216610
-0.1574515,-0.1574515,-0.2102320,21549.8112967,12420.2003986,90375.6448037,1258.8026358,62616.8813099,20918.2400322,22181.3825612,25403.7537473,16066.7445919
-0.1524515,-0.1524515,-0.2052320,19418.1082265,11072.0118844,80999.8817394,1148.6678141,56038.7117225,18773.1266049,20063.0898481,22890.8194523,14477.4253954
-0.1474515,-0.1474515,-0.2002320,17956.9835328,10140.9010089,74592.0071217,1072.5893925,51538.0284794,17299.7274165,18599.8940917,21168.3889677,13388.0647069
-0.1424515,-0.1424515,-0.1952320,17173.4474485,9636.7456458,71081.2574054,1033.9126552,49069.5997027,16504.8548344,17815.0865940,20244.7262283,12803.8890976
-0.1374515,-0.1374515,-0.1902320,17127.3974585,9601.6174629,70625.0301037,1038.4021999,48758.2228036,16448.2218474,17768.6455644,20190.4407132,12769.5559232
-0.1324515,-0.1324515,-0.1852320,16852.6339866,8900.6618825,69993.3713875,1034.4733256,47927.4919978,15906.1045366,17799.1634365,19866.5388709,12564.7024113
-0.1274515,-0.1274515,-0.1802320,14932.0404805,7657.3636797,62196.3252356,905.7339899,42659.1022134,13988.4310708,15658.1785230,17602.4687218,11132.7787206
-0.1224515,-0.1224515,-0.1752320,13198.2873102,6542.6945271,54338.4618751,790.1976433,37666.3528386,12269.0056240,13559.3349029,15558.6532103,9840.1562939
-0.1174515,-0.1174515,-0.1702320,11487.2404427,5549.3563971,46945.6403915,685.3198168,32779.7820863,10736.5499104,11669.7142700,13541.6047697,8564.4628492
-0.1124515,-0.1124515,-0.1652320,9878.0759593,4669.4491389,40728.5415959,586.4983376,28328.0697886,9378.8605758,10080.0037428,11644.6592368,7364.7291529
-0.1074515,-0.1074515,-0.1602320,8499.2100781,3894.7823861,35399.1955649,497.7056059,24525.6336107,8183.2987957,8751.4457280,10019.1986323,6336.6976015
-0.1024515,-0.1024515,-0.1552320,7339.2837712,3217.1858803,30863.7329516,421.6352143,21327.8424852,7081.3678343,7597.1997082,8651.8324935,5471.8993227
-0.0974515,-0.0974515,-0.1502320,6369.3377745,2628.8265411,27072.7358609,357.6686904,18654.6928762,6112.0134328,6626.6621161,7508.4225160,4748.7433571
-0.0924515,-0.0924515,-0.1452320,5565.6824816,2122.5367342,23934.1528716,304.5263820,16441.1839048,5308.6314894,5822.7334738,6561.0424728,4149.5676078
-0.0874515,-0.0874515,-0.1402320,4909.7662438,1707.7998750,21376.9223626,260.9903475,14637.0861108,4652.6355763,5157.7973762,5787.8229603,3660.5406497
-0.0824515,-0.0824515,-0.1352320,4388.2356486,1348.5566702,19351.4814875,226.0688370,13207.2880136,4130.6463148,4625.3672281,5173.0224579,3271.7066708
-0.0774515,-0.0774515,-0.1302320,3993.2779923,932.4553503,17831.4951713,199.0593896,12132.9975147,3706.7185021,4228.0472382,4707.4310473,2977.2408075
-0.0724515,-0.0724515,-0.1252320,3723.3701550,375.3739895,16817.3608312,179.5736519,11231.7550928,2847.9218204,3964.0519301,4389.2532155,2776.0074777
-0.0674515,-0.0674515,-0.1202320,3288.1172049,-30.7119093,15644.7524203,167.5140194,9504.1649194,2223.2489439,3838.5169756,3876.1601490,2451.4989293
-0.0624515,-0.0624515,-0.1152320,2843.5714636,-321.7579345,13903.9086565,157.5075668,8274.5875155,1792.9128245,3792.8331593,3352.1123795,2120.0620184
-0.0574515,-0.0574515,-0.1102320,2538.0694513,-523.7451063,12713.7046788,137.8371950,7432.5346025,1485.5857746,3433.6646652,2991.9747531,1892.2909843
-0.0524515,-0.0524515,-0.1052320,2343.0080613,-655.2232305,11962.5760658,124.8185455,6899.3423195,1288.3298294,3211.1093649,2762.0288177,1762.5014548
-0.0474515,-0.0474515,-0.1002320,2238.4702275,-729.1154493,11573.2419477,117.4416691,6620.5154350,1181.2553866,3097.0999202,2638.7955628,1684.5619361
-0.0424515,-0.0424515,-0.0952320,2211.2865169,-753.9794591,11495.1451416,114.8035697,6560.3943695,1151.2235365,3075.8088008,2606.7503500,1664.2947738
-0.0374515,-0.0374515,-0.0902320,2253.7169051,-734.8669523,11699.3335188,116.3367323,6698.5431466,1190.5274669,3138.7036299,2656.7689380,1695.9293097
-0.0324515,-0.0324515,-0.0852320,2362.5946959,-673.8838922,12175.1640354,121.7563388,7027.4220590,1296.0360125,3283.4287906,2785.1183026,1777.1045765
-0.0274515,-0.0274515,-0.0802320,2538.8169647,-570.5266777,12928.3767388,131.0269328,7551.0258282,1468.6837312,3513.7527842,2992.8559510,1892.8483028
-0.0224515,-0.0224515,-0.0752320,2787.0948384,-421.8504275,13980.1988430,144.3435464,8284.2475846,1713.2208304,3839.7729634,3285.5355422,2077.9551294
-0.0174515,-0.0174515,-0.0702320,3115.8952975,-222.5136231,15367.2099385,162.1246805,9252.7790924,2022.5135315,4209.2770635,3673.1382818,2323.0966263
-0.0124515,-0.0124515,-0.0652320,3537.5159762,35.2631077,17141.7362596,185.0133482,10493.3836946,2440.1829520,4634.8490004,4170.1610979,2637.4414558
-0.0074515,-0.0074515,-0.0602320,3953.9737346,361.7880746,18408.5670336,213.8153640,11472.6192069,2909.0022868,4998.9451825,4661.0976632,2947.9370025
-0.0024515,-0.0024515,-0.0552320,3808.3056775,324.8478587,17887.4940263,211.4824331,11099.6549924,2760.8621465,4855.7492085,4489.3785051,2839.3322710
0.0025485,0.0025485,-0.0502320,3786.5770919,301.6889916,17864.0629548,207.6491995,11076.9022589,2736.5313272,4836.6228567,4463.7640054,2823.1322389
0.0075485,0.0075485,-0.0452320,3869.1495121,345.1715955,18262.3315236,210.1021405,11350.8374664,2816.4287904,4921.8702338,4561.1035783,2884.6951903
0.0125485,0.0125485,-0.0402320,4043.3775363,447.1239478,19033.8604229,217.9894915,11887.3254923,2987.9658028,5098.7892698,4766.4903338,3014.5931800
0.0175485,0.0175485,-0.0352320,4301.5384199,602.5636209,20149.5508830,230.7616037,12665.8655909,3243.4752045,5329.7836247,5070.8204006,3207.0684143
0.0225485,0.0225485,-0.0302320,4639.2118127,808.6497423,21593.2334765,248.0813565,13675.0728451,3578.5908394,5508.5920860,5468.8828987,3458.8252433
0.0275485,0.0275485,-0.0252320,5053.9572736,1063.8294393,22999.5371295,269.7426046,14908.9737953,3990.9247721,5720.7175220,5957.8009413,3768.0441641
0.0325485,0.0325485,-0.0202320,5520.3028076,1367.1139113,24078.4451182,294.3911412,16285.1672204,4478.9429738,5963.8303649,6507.5471522,4115.7341964
0.0375485,0.0375485,-0.0152320,5789.8008115,1717.4462342,25286.4994079,308.7844543,17126.6339926,5040.9814423,6235.8634549,6825.2418564,4316.6619696
0.0425485,0.0425485,-0.0102320,6086.1894853,2097.5033011,26614.7355919,322.0380506,18052.5458903,5637.8925188,6534.4864517,7174.6363258,4537.6384346
0.0475485,0.0475485,-0.0052320,6406.4750320,2535.7794081,28051.0097841,336.3248107,19054.3855224,5956.2664445,6856.6836194,7552.2013562,4776.4315267
0.0525485,0.0525485,-0.0002320,6746.6599234,3012.3495932,29578.6659375,351.4286580,20120.4751670,6294.8800480,7198.4397988,7953.2245063,5030.0608365
0.0575485,0.0575485,0.0047680,6771.9820284,3356.0436488,28594.0552211,367.0760034,19464.6047382,6311.0784463,7232.8856105,7983.0751862,5048.9400641
0.0625485,0.0625485,0.0097680,6285.2799503,2975.4874784,26667.3651077,366.8094464,18105.1099598,5823.1359068,6747.4239938,7409.3318912,4686.0729433
0.0675485,0.0675485,0.0147680,5821.1907905,2614.2671692,24830.1201342,337.4139242,16794.0297298,5304.0828671,6284.1290401,6862.2455817,4340.0651803
0.0725485,0.0725485,0.0197680,5340.3898728,2275.2787425,22890.7635819,309.5831159,15312.8971848,4777.7526759,5846.3720623,6295.4588036,3981.5977470
0.0775485,0.0775485,0.0247680,4850.1156170,1960.1660696,20929.3318340,282.9781110,13931.4975223,4287.4819931,5412.7492410,5717.5044869,3616.0673422
0.0825485,0.0825485,0.0297680,4396.4180060,1685.1595943,19112.2448014,257.0102505,12652.3965544,3834.2131341,4958.6228779,5182.6681384,3277.8071348
0.0875485,0.0875485,0.0347680,3978.9716920,1418.7301475,17438.0814165,232.1029768,11474.5698098,3417.5978099,4540.3455740,4690.5662253,2966.5745576
0.0925485,0.0925485,0.0397680,3596.4985944,1175.6530409,15901.6695800,209.0039508,10394.3468864,3036.3338646,4156.6633243,4239.6920969,2681.4167208
0.0975485,0.0975485,0.0447680,3247.0782103,954.6443565,14495.3217046,187.9295112,9406.2822954,2688.4759399,3805.6804808,3827.7817897,2420.9017683
0.1025485,0.1025485,0.0497680,2928.4153581,753.5790333,13209.8999881,168.8212722,8503.9063519,2371.7035412,3485.1271751,3452.1296546,2183.3184973
0.1075485,0.1075485,0.0547680,2638.0566749,457.8544264,12035.6767315,151.5425661,7680.3316854,2083.5378235,3192.5755264,3109.8435721,1966.8377709
0.1125485,0.1125485,0.0597680,2373.5537774,202.6208509,10962.9813013,135.9391120,6928.7094562,1837.1459994,2925.6025437,2798.0372931,1785.2752642
0.1175485,0.1175485,0.0647680,2132.5760083,-15.6616023,9982.6453583,121.8585796,6242.5434681,1598.8904714,2681.9026446,2513.9633483,1605.6111263
0.1225485,0.1225485,0.0697680,1912.9790648,-203.5061543,9086.2714842,109.1583175,5615.8798785,1382.2431458,2459.3560831,2255.0939503,1441.8877435
0.1275485,0.1275485,0.0747680,1728.4787672,-366.4989923,8266.3578365,97.7079779,5043.3954892,1185.2549870,2256.0614481,2019.1595056,1292.6696987
0.1325485,0.1325485,0.0797680,1546.0921372,-509.3194964,7516.3139362,87.3692110,4520.4093382,1006.2021825,2070.3409925,1819.7961686,1156.6889534
0.1375485,0.1375485,0.0847680,1379.9706846,-635.8010925,6830.4013363,77.7480825,4042.8413565,843.5730657,1898.0076843,1623.9657541,1032.8349243
0.1425485,0.1425485,0.0897680,1206.2300259,-749.0172254,5940.3503809,67.8239341,3503.6611849,679.5491378,1682.8554831,1419.1538156,903.2974590
0.1475485,0.1475485,0.0947680,1016.8245755,-851.3800362,5164.4112191,57.8652775,2962.4885939,482.6802400,1489.9994417,1195.8754614,762.0828975
0.1525485,0.1525485,0.0997680,858.9365661,-944.7423343,4514.5077355,49.0809210,2510.2420606,320.4629706,1328.5529909,1009.7600752,644.3336217
0.1575485,0.1575485,0.1047680,727.0145255,-1030.4962021,3968.8993260,41.7334957,2131.5814062,186.7174424,1193.0746906,854.3094048,545.8482070
0.1625485,0.1625485,0.1097680,616.2664901,-1109.6639234,3509.5649901,35.6716172,1828.6918187,76.3455144,1079.0543211,723.9037780,463.0898269
0.1675485,0.1675485,0.1147680,522.8599658,-1182.9788339,3121.6341533,30.6794630,1556.9780415,-14.8386738,982.7706461,613.8781371,393.3661854
0.1725485,0.1725485,0.1197680,444.0947936,-1250.9551338,2792.8779471,26.5476734,1327.0011391,-90.2607897,901.1642336,521.0058377,334.6609136
0.1775485,0.1775485,0.1247680,377.7816259,-1313.9466950,2513.2637605,23.0913329,1133.4250446,-152.7178075,831.7260534,442.7932203,285.2590114
0.1825485,0.1825485,0.1297680,321.9309911,-1372.1955135,2274.5717046,20.1617710,970.1003046,-204.4900677,772.4015022,376.9286502,243.6452070
0.1875485,0.1875485,0.1347680,274.8043771,-1425.8707776,2070.0690195,17.6455793,831.8567722,-247.4356212,721.5085158,321.3635907,208.5203863
0.1925485,0.1925485,0.1397680,234.9404008,-1475.0996278,1894.2369889,15.4523151,714.4659337,-283.0688430,677.6587401,274.3709891,178.7986287
0.1975485,0.1975485,0.1447680,201.1312240,-1519.9906707,1758.1853672,13.5101000,614.4748978,-312.6253614,639.3363791,234.5232199,153.5833653
0.2025485,0.2025485,0.1497680,172.3843822,-1560.6512351,1626.9015261,11.7680326,529.0589753,-357.4052551,588.5689326,200.6475280,132.1368727
0.2075485,0.2075485,0.1547680,147.8836303,-1597.1992758,1512.9448642,10.1897870,455.9001171,-425.7117267,534.7752285,171.7810158,113.8464435
0.2125485,0.2125485,0.1597680,126.9476461,-1629.7707548,1413.7590118,8.7442600,393.0884674,-480.9168168,490.5775138,147.1267012,98.1895246
0.2175485,0.2175485,0.1647680,108.9898989,-1658.5232804,1327.2134206,7.4106830,339.0426332,-535.2505990,453.8794235,126.0059531,84.7172511
0.2225485,0.2225485,0.1697680,93.5085536,-1683.6367437,1246.8408623,6.1890553,292.4266583,-583.3688941,423.0072931,107.8285474,73.0633657
0.2275485,0.2275485,0.1747680,80.1042804,-1705.3116539,1137.4076221,5.0943745,251.9997818,-619.5874401,396.5268334,92.1108038,62.9379580
0.2325485,0.2325485,0.1797680,68.4629124,-1723.7658328,1035.4583429,4.1401377,216.5884827,-646.8336412,373.2779249,78.4823023,54.1053193
0.2375485,0.2375485,0.1847680,58.3256808,-1739.2300675,948.7135106,3.3284501,185.5248370,-670.8290288,352.3092436,66.6401297,46.3888466
0.2425485,0.2425485,0.1897680,49.5007142,-1751.9432469,875.0291360,2.6501436,158.5242534,-702.9958913,332.4388688,56.3413861,39.6684029
0.2475485,0.2475485,0.1947680,41.8536741,-1777.7885190,812.2687004,2.0891124,135.1558767,-731.5043179,313.7818435,47.4155619,33.8437693
0.2525485,0.2525485,0.1997680,35.2629641,-1785.7242145,758.6780386,1.6263092,114.9340214,-756.0543689,297.1622297,39.7262444,28.8072959
0.2575485,0.2575485,0.2047680,29.5961293,-1791.6262704,712.8106509,1.2423306,97.4797334,-777.0224631,282.6395432,33.1303975,24.4502103
0.2625485,0.2625485,0.2097680,24.7224092,-1795.7203212,673.4644340,0.9193377,82.4753906,-794.7735917,269.2337752,27.4771083,20.6823687
0.2675485,0.2675485,0.2147680,20.5343814,-1805.0147364,639.3840710,0.6427207,69.6217643,-809.6557226,254.4171895,22.6311668,17.4366927
0.2725485,0.2725485,0.2197680,16.9506493,-1816.4642573,605.7729766,0.4017445,58.6322701,-821.9961509,240.0519388,18.4878456,14.6575654
0.2775485,0.2775485,0.2247680,13.9025279,-1823.8152781,572.5776870,0.1885297,49.2382858,-832.1055070,227.6936502,14.9648007,12.2905967
0.2825485,0.2825485,0.2297680,11.3236313,-1827.9089130,543.6190891,-0.0036736,41.2066087,-840.5665861,217.2534081,11.9873526,10.2808270
0.2875485,0.2875485,0.2347680,9.1485489,-1829.4163231,517.2118827,-0.1810925,34.3478879,-849.8048817,208.4605575,9.4823538,8.5752608
0.2925485,0.2925485,0.2397680,7.3156720,-1828.8733415,486.3379515,-0.3484867,28.5066302,-859.2526203,201.0646716,7.3797062,7.1253565
0.2975485,0.2975485,0.2447680,5.7695821,-1826.7079518,458.6116689,-0.5082802,23.5470135,-866.5262644,194.8503634,5.6154431,5.8882399
0.3025485,0.3025485,0.2497680,4.4618650,-1823.2621144,435.2004690,-0.6613036,19.3455375,-871.6287412,189.6342141,4.1333154,4.8270531
0.3075485,0.3075485,0.2547680,3.3509858,-1818.8091213,415.4615981,-0.8085145,15.7899713,-874.9454772,185.2272895,2.8848333,3.9109457
0.3125485,0.3125485,0.2597680,2.4019783,-1813.5674092,398.8262132,-0.9514611,12.7806647,-876.8273913,180.4236500,1.8287213,3.1148335
0.3175485,0.3175485,0.2647680,1.5861767,-1807.7115648,384.8132915,-1.0910695,10.2315881,-877.5629541,172.1589957,0.9304647,2.4188720
0.3225485,0.3225485,0.2697680,0.8808339,-1801.3811021,373.0167463,-1.2269447,8.0699722,-877.3856925,163.9055473,0.1620192,1.8076375
0.3275485,0.3275485,0.2747680,0.2684088,-1794.6874687,363.0920987,-1.3577446,6.2345357,-876.4840508,157.1549089,-0.4986024,1.2690191
0.3325485,0.3325485,0.2797680,-0.2645976,-1787.7196430,353.4954518,-1.4811323,4.6730871,-875.0101026,151.7095767,-1.0681706,0.7929454
0.3375485,0.3375485,0.2847680,-0.7291345,-1780.5486095,335.1861371,-1.5935321,3.3405003,-873.0868393,146.1110048,-1.5596223,0.3703260
0.3425485,0.3425485,0.2897680,-1.1349539,-1773.2309392,318.4887535,-1.6908895,2.1976993,-870.8141766,136.6674725,-1.9837102,-0.0073469
0.3475485,0.3475485,0.2947680,-1.4912663,-1751.1725738,304.9356103,-1.7698015,1.2116560,-868.2738183,127.7602409,-2.3502963,-0.3476317
0.3525485,0.3525485,0.2997680,-1.8065022,-1743.9577863,293.9529765,-1.8280701,0.3557851,-865.5329846,120.7301585,-2.6687573,-0.6564915
0.3575485,0.3575485,0.3047680,-2.0875998,-1736.7547927,282.6687416,-1.8648594,-0.3901908,-862.6469678,114.5141457,-2.9474985,-0.9381777
0.3625485,0.3625485,0.3097680,-2.3396758,-1729.5906765,262.4403491,-1.8806683,-1.0414758,-859.6606718,104.0931570,-3.1932290,-1.1959403
0.3675485,0.3675485,0.3147680,-2.5665783,-1722.4879792,245.5076652,-1.8771066,-1.6101731,-856.6096014,93.9880070,-3.4108809,-1.4328776
0.3725485,0.3725485,0.3197680,-2.7717959,-1715.4653737,232.1352307,-1.8565875,-2.1069944,-853.5209198,86.3108569,-3.6043759,-1.6520778
0.3775485,0.3775485,0.3247680,-2.9587743,-1708.5378690,216.1220646,-1.8220081,-2.5419448,-850.4150876,80.5921851,-3.7774335,-1.8560263
0.3825485,0.3825485,0.3297680,-3.1304010,-1701.7168328,193.3796836,-1.7764224,-2.9240309,-847.3083600,76.3788388,-3.9335834,-2.0458798
0.3875485,0.3875485,0.3347680,-3.2882154,-1695.0108618,175.7521837,-1.7227499,-3.2607429,-844.2162815,73.3203000,-4.0754541,-2.2211518
0.3925485,0.3925485,0.3397680,-3.4319888,-1688.4312433,162.3079210,-1.6635759,-3.5580798,-841.1583096,71.1481379,-4.2040278,-2.3799864
0.3975485,0.3975485,0.3447680,-3.5599409,-1682.0155550,152.1100866,-1.6010568,-3.8211501,-838.1634137,69.6565743,-4.3184370,-2.5198240
0.4025485,0.4025485,0.3497680,-3.6694233,-1675.9067966,144.4359345,-1.5369090,-4.0546835,-835.2749346,68.6875300,-4.4164111,-2.6381321
0.4075485,0.4075485,0.3547680,-3.7577175,-1670.4868323,138.7267914,-1.4724479,-4.2629250,-832.5492997,68.1193070,-4.4950791,-2.7329924
0.4125485,0.4125485,0.3597680,-3.8226960,-1666.1572781,134.5496551,-1.4086485,-4.4490462,-830.0407642,67.8580258,-4.5517779,-2.8034605
0.4175485,0.4175485,0.3647680,-3.8632388,-1662.6937491,131.5680553,-1.3462106,-4.6146165,-827.7740774,67.8311342,-4.5846562,-2.8496915
0.4225485,0.4225485,0.3697680,-3.8793899,-1659.5790397,129.5198852,-1.2856177,-4.7595438,-825.7276020,67.9824727,-4.5930032,-2.8728713
0.4275485,0.4275485,0.3747680,-3.8722994,-1656.5384138,128.2004869,-1.2271880,-4.8825117,-823.8459998,68.2685143,-4.5773163,-2.8750111
0.4325485,0.4325485,0.3797680,-3.8440118,-1653.4830579,127.4497096,-1.1711153,-4.9816770,-822.0682461,68.6554909,-4.5391688,-2.8586679
0.4375485,0.4375485,0.3847680,-3.7971719,-1650.3898645,127.1419770,-1.1175012,-5.0553645,-820.3461843,69.1171905,-4.4809460,-2.8266559
0.4425485,0.4425485,0.3897680,-3.7347179,-1647.2547838,127.1786444,-1.0663800,-5.1025844,-818.6483179,69.6332654,-4.4055252,-2.7818018
0.4475485,0.4475485,0.3947680,-3.6596177,-1644.0789772,127.4820993,-1.0177376,-5.1233091,-816.9562751,70.1879282,-4.3159703,-2.7267689
0.4525485,0.4525485,0.3997680,-3.5746774,-1640.8648885,127.9911960,-0.9715259,-5.1185185,-815.2601764,70.7689447,-4.2152871,-2.6639515
0.4575485,0.4575485,0.4047680,-3.4824248,-1637.6151309,128.6577123,-0.9276736,-5.0900685,-813.5551288,71.3668540,-4.1062560,-2.5954277
0.4625485,0.4625485,0.4097680,-3.3850547,-1634.3321810,129.4435920,-0.8860940,-5.0404525,-811.8390138,71.9743630,-3.9913395,-2.5229524
0.4675485,0.4675485,0.4147680,-3.2844186,-1631.0183098,130.3187932,-0.8466909,-4.9725310,-810.1112006,72.5858753,-3.8726460,-2.4479756
0.4725485,0.4725485,0.4197680,-3.1820431,-1627.6755824,131.2596052,-0.8093632,-4.8892834,-808.3718258,73.1971235,-3.7519327,-2.3716742
0.4775485,0.4775485,0.4247680,-3.0791613,-1624.3058771,132.2473277,-0.7740076,-4.7936146,-806.6213989,73.8048818,-3.6306311,-2.2949878
0.4825485,0.4825485,0.4297680,-2.9767519,-1620.9109071,133.2672334,-0.7405210,-4.6882240,-804.8605896,74.4067416,-3.5098846,-2.2186556
0.4875485,0.4875485,0.4347680,-2.8755780,-1617.4922410,134.3077489,-0.7088024,-4.5755312,-803.0901158,75.0009341,-3.3905887,-2.1432499
0.4925485,0.4925485,0.4397680,-2.7762229,-1614.0513208,135.3598092,-0.6787536,-4.4576445,-801.3106859,75.5861921,-3.2734305,-2.0692059
0.4975485,0.4975485,0.4447680,-2.6791226,-1610.5894771,136.4163450,-0.6502800,-4.3363608,-799.5229712,76.1616403,-3.1589251,-1.9968477
0.5025485,0.5025485,0.4497680,-2.5845936,-1607.1079426,137.4718774,-0.6232911,-4.2131832,-797.7275949,76.7267095,-3.0474473,-1.9264098
0.5075485,0.5075485,0.4547680,-2.4928564,-1603.6078633,138.5221946,-0.5977010,-4.0893489,-795.9251294,77.2810680,-2.9392585,-1.8580550
0.5125485,0.5125485,0.4597680,-2.4040547,-1600.0903075,139.5640946,-0.5734280,-3.9658616,-794.1160973,77.8245683,-2.8345299,-1.7918893
0.5175485,0.5175485,0.4647680,-2.3182718,-1596.5562750,140.5951806,-0.5503950,-3.8435236,-792.3009756,78.3572045,-2.7333608,-1.7279736
0.5225485,0.5225485,0.4697680,-2.2355437,-1593.0067033,141.6136962,-0.5285294,-3.7229667,-790.4801995,78.8790785,-2.6357941,-1.6663338
0.5275485,0.5275485,0.4747680,-2.1558690,-1589.4424741,142.6183949,-0.5077626,-3.6046795,-788.6541676,79.3903735,-2.5418293,-1.6069686
0.5325485,0.5325485,0.4797680,-2.0792183,-1585.8644186,143.6084341,-0.4880305,-3.4890324,-786.8232455,79.8913331,-2.4514319,-1.5498556
0.5375485,0.5375485,0.4847680,-2.0055406,-1582.2733220,144.5832915,-0.4692726,-3.3762976,-784.9877700,80.3822445,-2.3645420,-1.4949566
0.5425485,0.5425485,0.4897680,-1.9347689,-1578.6699279,145.5426967,-0.4514323,-3.2666680,-783.1480527,80.8634253,-2.2810807,-1.4422216
0.5475485,0.5475485,0.4947680,-1.8668246,-1575.0549413,146.4865768,-0.4344566,-3.1602714,-781.3043829,81.3352138,-2.2009552,-1.3915920
0.5525485,0.5525485,0.4997680,-1.8016207,-1571.4290322,147.4150128,-0.4182957,-3.0571834,-779.4570304,81.7979602,-2.1240630,-1.3430031
0.5575485,0.5575485,0.5047680,-1.7390651,-1567.7928385,148.3282044,-0.4029030,-2.9574378,-777.6062478,82.2520206,-2.0502952,-1.2963864
0.5625485,0.5625485,0.5097680,-1.6790622,-1564.1469682,149.2264415,-0.3882348,-2.8610351,-775.7522725,82.6977524,-1.9795392,-1.2516706
0.5675485,0.5675485,0.5147680,-1.6215150,-1560.4920015,150.1100817,-0.3742504,-2.7679494,-773.8953283,83.1355099,-1.9116802,-1.2087837
0.5725485,0.5725485,0.5197680,-1.5663262,-1556.8284933,150.9795318,-0.3609114,-2.6781347,-772.0356272,83.5656421,-1.8466034,-1.1676532
0.5775485,0.5775485,0.5247680,-1.5133992,-1553.1569747,151.8352333,-0.3481819,-2.5915289,-770.1733706,83.9884901,-1.7841949,-1.1282074
0.5825485,0.5825485,0.5297680,-1.4626391,-1549.4779547,152.6776511,-0.3360283,-2.5080582,-768.3087500,84.4043856,-1.7243424,-1.0903756
0.5875485,0.5875485,0.5347680,-1.4139530,-1545.7919217,153.5072634,-0.3244192,-2.4276401,-766.4419487,84.8136499,-1.6669363,-1.0540888
0.5925485,0.5925485,0.5397680,-1.3672506,-1542.0993448,154.3245552,-0.3133250,-2.3501859,-764.5731420,85.2165931,-1.6118701,-1.0192796
0.5975485,0.5975485,0.5447680,-1.3224443,-1538.4006750,155.1300119,-0.3027180,-2.2756027,-762.7024984,85.6135135,-1.5590404,-0.9858830
0.6025485,0.6025485,0.5497680,-1.2794498,-1534.6963465,155.9241151,-0.2925722,-2.2037950,-760.8301797,86.0046972,-1.5083475,-0.9538362
0.6075485,0.6075485,0.5547680,-1.2381857,-1530.9867775,156.7073388,-0.2828632,-2.1346664,-758.9563423,86.3904186,-1.4596956,-0.9230787
0.6125485,0.6125485,0.5597680,-1.1985741,-1527.2723712,157.4801468,-0.2735682,-2.0681201,-757.0811368,86.7709397,-1.4129925,-0.8935524
0.6175485,0.6175485,0.5647680,-1.1605401,-1523.5535170,158.2429910,-0.2646656,-2.0040600,-755.2047092,87.1465107,-1.3681500,-0.8652016
0.6225485,0.6225485,0.5697680,-1.1240122,-1519.8305907,158.9963094,-0.2561353,-1.9423915,-753.3272007,87.5173700,-1.3250836,-0.8379730
0.6275485,0.6275485,0.5747680,-1.0889219,-1516.1039558,159.7405252,-0.2479581,-1.8830217,-751.4487487,87.8837447,-1.2837125,-0.8118157
0.6325485,0.6325485,0.5797680,-1.0552040,-1512.3739637,160.4760463,-0.2401164,-1.8258599,-749.5694861,88.2458509,-1.2439599,-0.7866812
0.6375485,0.6375485,0.5847680,-1.0227963,-1508.6409548,161.2032648,-0.2325932,-1.7708179,-747.6895425,88.6038936,-1.2057522,-0.7625230
0.6425485,0.6425485,0.5897680,-0.9916394,-1504.9052586,161.9225566,-0.2253727,-1.7178101,-745.8090441,88.9580678,-1.1690194,-0.7392969
0.6475485,0.6475485,0.5947680,-0.9616767,-1501.1671948,162.6342818,-0.2184401,-1.6667538,-743.9281135,89.3085583,-1.1336949,-0.7169609
0.6525485,0.6525485,0.5997680,-0.9328545,-1497.4270733,163.3387843,-0.2117812,-1.6175691,-742.0468707,89.6555404,-1.0997151,-0.6954749
0.6575485,0.6575485,0.6047680,-0.9051217,-1493.6851948,164.0363923,-0.2053828,-1.5701791,-740.1654325,89.9991803,-1.0670198,-0.6748008
0.6625485,0.6625485,0.6097680,-0.8784294,-1489.9418514,164.7274187,-0.1992325,-1.5245099,-738.2839129,90.3396352,-1.0355514,-0.6549022
0.6675485,0.6675485,0.6147680,-0.8527313,-1486.1973270,165.4121615,-0.1933184,-1.4804902,-736.4024237,90.6770540,-1.0052553,-0.6357447
0.6725485,0.6725485,0.6197680,-0.8279835,-1482.4518973,166.0909038,-0.1876295,-1.4380520,-734.5210737,91.0115775,-0.9760796,-0.6172954
0.6775485,0.6775485,0.6247680,-0.8041440,-1478.7058307,166.7639147,-0.1821552,-1.3971298,-732.6399697,91.3433390,-0.9479749,-0.5995232
0.6825485,0.6825485,0.6297680,-0.7811729,-1474.9593883,167.4314498,-0.1768855,-1.3576609,-730.7592160,91.6724643,-0.9208941,-0.5823983
0.6875485,0.6875485,0.6347680,-0.7590324,-1471.2128241,168.0937513,-0.1718112,-1.3195854,-728.8789148,91.9990724,-0.8947926,-0.5658925
0.6925485,0.6925485,0.6397680,-0.7376866,-1467.4663857,168.7510487,-0.1669232,-1.2828458,-726.9991662,92.3232754,-0.8696279,-0.5499789
0.6975485,0.6975485,0.6447680,-0.7171010,-1463.7203141,169.4035595,-0.1622132,-1.2473873,-725.1200682,92.6451793,-0.8453596,-0.5346322
0.7025485,0.7025485,0.6497680,-0.6972431,-1459.9748443,170.0514896,-0.1576733,-1.2131574,-723.2417169,92.9648842,-0.8219494,-0.5198279
0.7075485,0.7075485,0.6547680,-0.6780820,-1456.2302055,170.6950334,-0.1532959,-1.1801058,-721.3642065,93.2824841,-0.7993605,-0.5055429
0.7125485,0.7125485,0.6597680,-0.6595882,-1452.4866210,171.3343749,-0.1490738,-1.1481848,-719.4876293,93.5980680,-0.7775583,-0.4917554
0.7175485,0.7175485,0.6647680,-0.6417335,-1448.7443088,171.9696877,-0.1450003,-1.1173483,-717.6120758,93.9117194,-0.7565097,-0.4784443
0.7225485,0.7225485,0.6697680,-0.6244913,-1445.0034817,172.6011358,-0.1410690,-1.0875528,-715.7376349,94.2235171,-0.7361832,-0.4655899
0.7275485,0.7275485,0.6747680,-0.6078361,-1441.2643472,173.2288738,-0.1372738,-1.0587563,-713.8643937,94.5335351,-0.7165488,-0.4531730
0.7325485,0.7325485,0.6797680,-0.5917438,-1437.5271081,173.8530473,-0.1336089,-1.0309189,-711.9924376,94.8418431,-0.6975780,-0.4411757
0.7375485,0.7375485,0.6847680,-0.5761913,-1433.7919623,174.4737936,-0.1300687,-1.0040024,-710.1218505,95.1485065,-0.6792435,-0.4295809
0.7425485,0.7425485,0.6897680,-0.5611567,-1430.0591033,175.0912419,-0.1266482,-0.9779705,-708.2527147,95.4535867,-0.6615196,-0.4183720
0.7475485,0.7475485,0.6947680,-0.5466189,-1426.3287201,175.7055137,-0.1233422,-0.9527883,-706.3851110,95.7571415,-0.6443815,-0.4075336
0.7525485,0.7525485,0.6997680,-0.5325581,-1422.6009972,176.3167232,-0.1201462,-0.9284224,-704.5191186,96.0592248,-0.6278056,-0.3970508
0.7575485,0.7575485,0.7047680,-0.5189553,-1418.8761152,176.9249776,-0.1170556,-0.9048412,-702.6548154,96.3598874,-0.6117697,-0.3869094
0.7625485,0.7625485,0.7097680,-0.5057923,-1415.1542505,177.5303774,-0.1140661,-0.8820142,-700.7922776,96.6591766,-0.5962523,-0.3770959
0.7675485,0.7675485,0.7147680,-0.4930518,-1411.4355756,178.1330171,-0.1111737,-0.8599124,-698.9315802,96.9571368,-0.5812330,-0.3675973
0.7725485,0.7725485,0.7197680,-0.4807173,-1407.7202591,178.7329849,-0.1083746,-0.8385080,-697.0727969,97.2538094,-0.5666923,-0.3584015
0.7775485,0.7775485,0.7247680,-0.4687732,-1404.0084660,179.3303635,-0.1056649,-0.8177745,-695.2159997,97.5492331,-0.5526118,-0.3494966
0.7825485,0.7825485,0.7297680,-0.4572042,-1400.3003576,179.9252302,-0.1030413,-0.7976865,-693.3612596,97.8434439,-0.5389736,-0.3408714
0.7875485,0.7875485,0.7347680,-0.4459962,-1396.5960916,180.5176571,-0.1005003,-0.7782197,-691.5086461,98.1364754,-0.5257609,-0.3325154
0.7925485,0.7925485,0.7397680,-0.4351354,-1392.8958225,181.1077115,-0.0980389,-0.7593509,-689.6582276,98.4283589,-0.5129575,-0.3244181
0.7975485,0.7975485,0.7447680,-0.4246086,-1389.1997013,181.6954560,-0.0956538,-0.7410580,-687.8100709,98.7191232,-0.5005480,-0.3165699
0.8025485,0.8025485,0.7497680,-0.4144034,-1385.5078755,182.2809490,-0.0933423,-0.7233195,-685.9642420,99.0087954,-0.4885175,-0.3089615
0.8075485,0.8075485,0.7547680,-0.4045078,-1381.8204899,182.8642445,-0.0911014,-0.7061152,-684.1208052,99.2974001,-0.4768520,-0.3015838
0.8125485,0.8125485,0.7597680,-0.3949103,-1378.1376857,183.4453927,-0.0889287,-0.6894257,-682.2798239,99.5849605,-0.4655380,-0.2944284
0.8175485,0.8175485,0.7647680,-0.3856001,-1374.4596013,184.0244401,-0.0868215,-0.6732321,-680.4413603,99.8714977,-0.4545626,-0.2874872
0.8225485,0.8225485,0.7697680,-0.3765665,-1370.7863721,184.6014295,-0.0847775,-0.6575168,-678.6054752,100.1570312,-0.4439134,-0.2807522
0.8275485,0.8275485,0.7747680,-0.3677997,-1367.1181305,185.1764006,-0.0827942,-0.6422625,-676.7722286,100.4415789,-0.4335786,-0.2742161
0.8325485,0.8325485,0.7797680,-0.3592900,-1363.4550061,185.7493896,-0.0808696,-0.6274528,-674.9416790,100.7251570,-0.4235469,-0.2678717
0.8375485,0.8375485,0.7847680,-0.3510282,-1359.7971257,186.3204300,-0.0790014,-0.6130721,-673.1138839,101.0077806,-0.4138074,-0.2617121
0.8425485,0.8425485,0.7897680,-0.3430055,-1356.1446134,186.8895522,-0.0771877,-0.5991052,-671.2888997,101.2894632,-0.4043498,-0.2557307
0.8475485,0.8475485,0.7947680,-0.3352134,-1352.4975904,187.4567841,-0.0754264,-0.5855377,-669.4667819,101.5702170,-0.3951642,-0.2499214
0.8525485,0.8525485,0.7997680,-0.3276440,-1348.8561756,188.0221509,-0.0737158,-0.5723558,-667.6475846,101.8500531,-0.3862410,-0.2442780
0.8575485,0.8575485,0.8047680,-0.3202894,-1345.2204850,188.5856755,-0.0720541,-0.5595461,-665.8313610,102.1289815,-0.3775710,-0.2387947
0.8625485,0.8625485,0.8097680,-0.3131422,-1341.5906322,189.1473785,-0.0704395,-0.5470959,-664.0181631,102.4070108,-0.3691456,-0.2334661
0.8675485,0.8675485,0.8147680,-0.3061953,-1337.9667285,189.7072783,-0.0688705,-0.5349929,-662.2080422,102.6841490,-0.3609562,-0.2282868
0.8725485,0.8725485,0.8197680,-0.2994419,-1334.3488824,190.2653912,-0.0673454,-0.5232253,-660.4010481,102.9604029,-0.3529949,-0.2232518
0.8775485,0.8775485,0.8247680,-0.2928753,-1330.7372002,190.8217319,-0.0658627,-0.5117820,-658.5972301,103.2357785,-0.3452539,-0.2183560
0.8825485,0.8825485,0.8297680,-0.2864894,-1327.1317860,191.3763128,-0.0644211,-0.5006520,-656.7966360,103.5102807,-0.3377258,-0.2135949
0.8875485,0.8875485,0.8347680,-0.2802779,-1323.5327412,191.9291451,-0.0630190,-0.4898249,-654.9993130,103.7839139,-0.3304035,-0.2089640
0.8925485,0.8925485,0.8397680,-0.2742352,-1319.9401653,192.4802380,-0.0616553,-0.4792907,-653.2053070,104.0566815,-0.3232801,-0.2044588
0.8975485,0.8975485,0.8447680,-0.2683556,-1316.3541553,193.0295995,-0.0603285,-0.4690399,-651.4146634,104.3285865,-0.3163490,-0.2000752
0.9025485,0.9025485,0.8497680,-0.2626339,-1312.7748063,193.5772358,-0.0590376,-0.4590630,-649.6274260,104.5996309,-0.3096039,-0.1958093
0.9075485,0.9075485,0.8547680,-0.2570647,-1309.2022108,194.1231522,-0.0577812,-0.4493513,-647.8436383,104.8698162,-0.3030387,-0.1916572
0.9125485,0.9125485,0.8597680,-0.2516433,-1305.6364597,194.6673524,-0.0565584,-0.4398962,-646.0633425,105.1391434,-0.2966476,-0.1876152
0.9175485,0.9175485,0.8647680,-0.2463647,-1302.0776414,195.2098391,-0.0553679,-0.4306895,-644.2865799,105.4076129,-0.2904250,-0.1836798
0.9225485,0.9225485,0.8697680,-0.2412245,-1298.5258425,195.7506138,-0.0542088,-0.4217232,-642.5133911,105.6752244,-0.2843655,-0.1798474
0.9275485,0.9275485,0.8747680,-0.2362182,-1294.9811473,196.2896771,-0.0530800,-0.4129897,-640.7438156,105.9419774,-0.2784639,-0.1761149
0.9325485,0.9325485,0.8797680,-0.2313416,-1291.4436386,196.8270285,-0.0519806,-0.4044817,-638.9778921,106.2078708,-0.2727151,-0.1724792
0.9375485,0.9375485,0.8847680,-0.2265906,-1287.9133967,197.3626665,-0.0509096,-0.3961922,-637.2156583,106.4729031,-0.2671144,-0.1689370
0.9425485,0.9425485,0.8897680,-0.2219612,-1284.3905003,197.8965891,-0.0498661,-0.3881143,-635.4571514,106.7370724,-0.2616571,-0.1654856
0.9475485,0.9475485,0.8947680,-0.2174498,-1280.8750261,198.4287932,-0.0488494,-0.3802414,-633.7024074,107.0003765,-0.2563388,-0.1621220
0.9525485,0.9525485,0.8997680,-0.2130525,-1277.3670490,198.9592750,-0.0478585,-0.3725673,-631.9514615,107.2628128,-0.2511552,-0.1588436
0.9575485,0.9575485,0.9047680,-0.2087660,-1273.8666420,199.4880302,-0.0468926,-0.3650859,-630.2043482,107.5243783,-0.2461020,-0.1556478
0.9625485,0.9625485,0.9097680,-0.2045868,-1270.3738764,200.0150537,-0.0459511,-0.3577913,-628.4611012,107.7850700,-0.2411754,-0.1525319
0.9675485,0.9675485,0.9147680,-0.2005117,-1266.8888216,200.5403398,-0.0450330,-0.3506778,-626.7217532,108.0448843,-0.2363715,-0.1494937
0.9725485,0.9725485,0.9197680,-0.1965376,-1263.4115452,201.0638825,-0.0441378,-0.3437401,-624.9863363,108.3038176,-0.2316866,-0.1465307
0.9775485,0.9775485,0.9247680,-0.1926613,-1259.9421133,201.5856750,-0.0432647,-0.3369728,-623.2548816,108.5618660,-0.2271171,-0.1436407
0.9825485,0.9825485,0.9297680,-0.1888800,-1256.4805901,202.1057102,-0.0424131,-0.3303709,-621.5274198,108.8190253,-0.2226595,-0.1408216
0.9875485,0.9875485,0.9347680,-0.1851909,-1253.0270383,202.6239805,-0.0415824,-0.3239294,-619.8039803,109.0752912,-0.2183106,-0.1380711
0.9925485,0.9925485,0.9397680,-0.1815911,-1249.5815187,203.1404781,-0.0407718,-0.3176438,-618.0845922,109.3306593,-0.2140671,-0.1353873
0.9975485,0.9975485,0.9447680,-0.1780782,-1246.1440908,203.6551946,-0.0399809,-0.3115093,-616.3692837,109.5851250,-0.2099259,-0.1327682
1.0025485,1.0025485,0.9497680,-0.1746495,-1242.7148122,204.1681215,-0.0392090,-0.3055216,-614.6580821,109.8386834,-0.2058840,-0.1302119
1.0075485,1.0075485,0.9547680,-0.1713027,-1239.2937391,204.6792499,-0.0384556,-0.2996765,-612.9510143,110.0913297,-0.2019386,-0.1277167
1.0125485,1.0125485,0.9597680,-0.1680353,-1235.8809262,205.1885707,-0.0377201,-0.2939698,-611.2481061,110.3430590,-0.1980869,-0.1252806
1.0175485,1.0175485,0.9647680,-0.1648451,-1232.4764265,205.6960744,-0.0370020,-0.2883976,-609.5493829,110.5938661,-0.1943261,-0.1229021
1.0225485,1.0225485,0.9697680,-0.1617298,-1229.0802917,206.2017516,-0.0363009,-0.2829560,-607.8548693,110.8437459,-0.1906537,-0.1205795
1.0275485,1.0275485,0.9747680,-0.1586874,-1225.6925718,206.7055926,-0.0356162,-0.2776414,-606.1645892,111.0926932,-0.1870672,-0.1183112
1.0325485,1.0325485,0.9797680,-0.1557158,-1222.3133156,207.2075874,-0.0349476,-0.2724502,-604.4785657,111.3407026,-0.1835641,-0.1160957
1.0375485,1.0375485,0.9847680,-0.1528129,-1218.9425701,207.7077260,-0.0342944,-0.2673788,-602.7968214,111.5877689,-0.1801421,-0.1139314
1.0425485,1.0425485,0.9897680,-0.1499769,-1215.5803813,208.2059985,-0.0336563,-0.2624241,-601.1193782,111.8338867,-0.1767988,-0.1118170
1.0475485,1.0475485,0.9947680,-0.1472059,-1212.2267936,208.7023944,-0.0330329,-0.2575826,-599.4462574,112.0790505,-0.1735323,-0.1097510
1.0525485,1.0525485,0.9997680,-0.1444980,-1208.8818499,209.1969037,-0.0324238,-0.2528514,-597.7774794,112.3232551,-0.1703402,-0.1077322
1.0575485,1.0575485,1.0047680,-0.1418517,-1205.5455921,209.6895160,-0.0318285,-0.2482273,-596.1130642,112.5664949,-0.1672205,-0.1057591
1.0625485,1.0625485,1.0097680,-0.1392651,-1202.2180604,210.1802210,-0.0312467,-0.2437074,-594.4530312,112.8087646,-0.1641713,-0.1038307
1.0675485,1.0675485,1.0147680,-0.1367366,-1198.8992940,210.6690083,-0.0306780,-0.2392890,-592.7973991,113.0500587,-0.1611907,-0.1019456
1.0725485,1.0725485,1.0197680,-0.1342647,-1195.5893306,211.1558676,-0.0301221,-0.2349692,-591.1461858,113.2903718,-0.1582767,-0.1001026
1.0775485,1.0775485,1.0247680,-0.1318479,-1192.2882068,211.6407886,-0.0295786,-0.2307455,-589.4994090,113.5296987,-0.1554276,-0.0983007
1.0825485,1.0825485,1.0297680,-0.1294846,-1188.9959577,212.1237609,-0.0290471,-0.2266151,-587.8570855,113.7680338,-0.1526417,-0.0965388
1.0875485,1.0875485,1.0347680,-0.1271735,-1185.7126174,212.6047744,-0.0285275,-0.2225758,-586.2192316,114.0053720,-0.1499172,-0.0948156
1.0925485,1.0925485,1.0397680,-0.1249130,-1182.4382188,213.0838189,-0.0280192,-0.2186249,-584.5858630,114.2417080,-0.1472525,-0.0931304
1.0975485,1.0975485,1.0447680,-0.1227020,-1179.1727934,213.5608842,-0.0275222,-0.2147603,-582.9569949,114.4770365,-0.1446461,-0.0914819
1.1025485,1.1025485,1.0497680,-0.1205391,-1175.9163717,214.0359603,-0.0270359,-0.2109796,-581.3326418,114.7113523,-0.1420964,-0.0898694
1.1075485,1.1075485,1.0547680,-0.1184231,-1172.6689830,214.5090372,-0.0265602,-0.2072806,-579.7128179,114.9446505,-0.1396019,-0.0882917
1.1125485,1.1125485,1.0597680,-0.1163526,-1169.4306555,214.9801052,-0.0260948,-0.2036612,-578.0975367,115.1769258,-0.1371611,-0.0867480
1.1175485,1.1175485,1.0647680,-0.1143266,-1166.2014162,215.4491543,-0.0256394,-0.2001194,-576.4868110,115.4081733,-0.1347728,-0.0852375
1.1225485,1.1225485,1.0697680,-0.1123439,-1162.9812910,215.9161751,-0.0251938,-0.1966532,-574.8806534,115.6383881,-0.1324355,-0.0837593
1.1275485,1.1275485,1.0747680,-0.1104033,-1159.7703048,216.3811580,-0.0247577,-0.1932606,-573.2790758,115.8675654,-0.1301479,-0.0823125
1.1325485,1.1325485,1.0797680,-0.1085039,-1156.5684814,216.8440937,-0.0243308,-0.1899397,-571.6820896,116.0957003,-0.1279087,-0.0808963
1.1375485,1.1375485,1.0847680,-0.1066445,-1153.3758435,217.3049728,-0.0239129,-0.1866887,-570.0897056,116.3227881,-0.1257168,-0.0795100
1.1425485,1.1425485,1.0897680,-0.1048241,-1150.1924128,217.7637864,-0.0235039,-0.1835059,-568.5019343,116.5488243,-0.1235709,-0.0781529
1.1475485,1.1475485,1.0947680,-0.1030418,-1147.0182101,218.2205255,-0.0231034,-0.1803895,-566.9187856,116.7738043,-0.1214698,-0.0768240
1.1525485,1.1525485,1.0997680,-0.1012966,-1143.8532549,218.6751813,-0.0227113,-0.1773378,-565.3402689,116.9977237,-0.1194125,-0.0755229
1.1575485,1.1575485,1.1047680,-0.0995875,-1140.6975660,219.1277451,-0.0223273,-0.1743493,-563.7663933,117.2205781,-0.1173978,-0.0742487
1.1625485,1.1625485,1.1097680,-0.0979138,-1137.5511612,219.5782087,-0.0219513,-0.1714225,-562.1971671,117.4423632,-0.1154247,-0.0730008
1.1675485,1.1675485,1.1147680,-0.0962744,-1134.4140572,220.0265635,-0.0215830,-0.1685556,-560.6325984,117.6630749,-0.1134921,-0.0717785
1.1725485,1.1725485,1.1197680,-0.0946686,-1131.2862698,220.4728017,-0.0212222,-0.1657474,-559.0726949,117.8827091,-0.1115991,-0.0705813
1.1775485,1.1775485,1.1247680,-0.0930955,-1128.1678141,220.9169152,-0.0208689,-0.1629963,-557.5174635,118.1012618,-0.1097447,-0.0694084
1.1825485,1.1825485,1.1297680,-0.0915543,-1125.0587039,221.3588962,-0.0205227,-0.1603009,-555.9669111,118.3187291,-0.1079279,-0.0682594
1.1875485,1.1875485,1.1347680,-0.0900443,-1121.9589524,221.7987373,-0.0201835,-0.1576600,-554.4210439,118.5351072,-0.1061478,-0.0671336
1.1925485,1.1925485,1.1397680,-0.0885646,-1118.8685720,222.2364311,-0.0198512,-0.1550722,-552.8798677,118.7503925,-0.1044035,-0.0660304
1.1975485,1.1975485,1.1447680,-0.0871147,-1115.7875738,222.6719703,-0.0195256,-0.1525361,-551.3433879,118.9645813,-0.1026942,-0.0649494
1.2025485,1.2025485,1.1497680,-0.0856936,-1112.7159686,223.1053480,-0.0192064,-0.1500507,-549.8116096,119.1776702,-0.1010191,-0.0638899
1.2075485,1.2075485,1.1547680,-0.0843009,-1109.6537660,223.5365574,-0.0188937,-0.1476145,-548.2845374,119.3896558,-0.0993772,-0.0628515
1.2125485,1.2125485,1.1597680,-0.0829357,-1106.6009748,223.9655920,-0.0185871,-0.1452266,-546.7621754,119.6005347,-0.0977679,-0.0618337
1.2175485,1.2175485,1.1647680,-0.0815975,-1103.5576032,224.3924452,-0.0182866,-0.1428858,-545.2445275,119.8103040,-0.0961904,-0.0608360
1.2225485,1.2225485,1.1697680,-0.0802855,-1100.5236585,224.8171109,-0.0179921,-0.1405908,-543.7315971,120.0189604,-0.0946438,-0.0598578
1.2275485,1.2275485,1.1747680,-0.0789993,-1097.4991472,225.2395831,-0.0177033,-0.1383408,-542.2233873,120.2265010,-0.0931275,-0.0588989
1.2325485,1.2325485,1.1797680,-0.0777381,-1094.4840749,225.6598560,-0.0174201,-0.1361345,-540.7199007,120.4329229,-0.0916407,-0.0579586
1.2375485,1.2375485,1.1847680,-0.0765014,-1091.4784468,226.0779240,-0.0171425,-0.1339711,-539.2211397,120.6382234,-0.0901829,-0.0570365
1.2425485,1.2425485,1.1897680,-0.0752886,-1088.4822671,226.4937817,-0.0168702,-0.1318494,-537.7271062,120.8423998,-0.0887532,-0.0561323
1.2475485,1.2475485,1.1947680,-0.0740992,-1085.4955392,226.9074239,-0.0166032,-0.1297686,-536.2378018,121.0454496,-0.0873511,-0.0552456
1.2525485,1.2525485,1.1997680,-0.0729327,-1082.5182661,227.3188457,-0.0163413,-0.1277277,-534.7532277,121.2473704,-0.0859759,-0.0543758
1.2575485,1.2575485,1.2047680,-0.0717884,-1079.5504498,227.7280421,-0.0160845,-0.1257258,-533.2733849,121.4481598,-0.0846271,-0.0535227
1.2625485,1.2625485,1.2097680,-0.0706660,-1076.5920917,228.1350087,-0.0158325,-0.1237620,-531.7982740,121.6478155,-0.0833039,-0.0526859
1.2675485,1.2675485,1.2147680,-0.0695649,-1073.6431927,228.5397411,-0.0155854,-0.1218354,-530.3278951,121.8463355,-0.0820058,-0.0518649
1.2725485,1.2725485,1.2197680,-0.0684845,-1070.7037528,228.9422350,-0.0153429,-0.1199452,-528.8622482,122.0437177,-0.0807323,-0.0510595
1.2775485,1.2775485,1.2247680,-0.0674246,-1067.7737715,229.3424865,-0.0151050,-0.1180906,-527.4013330,122.2399602,-0.0794828,-0.0502692
1.2825485,1.2825485,1.2297680,-0.0663845,-1064.8532476,229.7404919,-0.0148716,-0.1162707,-525.9451486,122.4350612,-0.0782567,-0.0494938
1.2875485,1.2875485,1.2347680,-0.0653639,-1061.9421792,230.1362474,-0.0146426,-0.1144849,-524.4936942,122.6290190,-0.0770536,-0.0487329
1.2925485,1.2925485,1.2397680,-0.0643624,-1059.0405639,230.5297498,-0.0144178,-0.1127323,-523.0469683,122.8218319,-0.0758729,-0.0479861
1.2975485,1.2975485,1.2447680,-0.0633794,-1056.1483986,230.9209959,-0.0141972,-0.1110122,-521.6049693,123.0134985,-0.0747141,-0.0472533
1.3025485,1.3025485,1.2497680,-0.0624146,-1053.2656798,231.3099826,-0.0139807,-0.1093239,-520.1676954,123.2040174,-0.0735768,-0.0465340
1.3075485,1.3075485,1.2547680,-0.0614676,-1050.3924031,231.6967073,-0.0137682,-0.1076667,-518.7351443,123.3933871,-0.0724604,-0.0458279
1.3125485,1.3125485,1.2597680,-0.0605380,-1047.5285639,232.0811672,-0.0135597,-0.1060399,-517.3073136,123.5816066,-0.0713646,-0.0451348
1.3175485,1.3175485,1.2647680,-0.0596254,-1044.6741567,232.4633600,-0.0133549,-0.1044429,-515.8842005,123.7686747,-0.0702887,-0.0444544
1.3225485,1.3225485,1.2697680,-0.0587294,-1041.8291756,232.8432835,-0.0131539,-0.1028749,-514.4658021,123.9545904,-0.0692326,-0.0437864
1.3275485,1.3275485,1.2747680,-0.0578497,-1038.9936142,233.2209356,-0.0129565,-0.1013354,-513.0521149,124.1393528,-0.0681956,-0.0431306
1.3325485,1.3325485,1.2797680,-0.0569860,-1036.1674656,233.5963146,-0.0127628,-0.0998238,-511.6431355,124.3229610,-0.0671774,-0.0424866
1.3375485,1.3375485,1.2847680,-0.0561379,-1033.3507222,233.9694187,-0.0125725,-0.0983394,-510.2388602,124.5054144,-0.0661775,-0.0418543
1.3425485,1.3425485,1.2897680,-0.0553050,-1030.5433760,234.3402466,-0.0123856,-0.0968817,-508.8392847,124.6867123,-0.0651957,-0.0412333
1.3475485,1.3475485,1.2947680,-0.0544870,-1027.7454186,234.7087969,-0.0122022,-0.0954501,-507.4444049,124.8668542,-0.0642315,-0.0406235
1.3525485,1.3525485,1.2997680,-0.0536837,-1024.9568408,235.0750685,-0.0120220,-0.0940441,-506.0542162,125.0458395,-0.0632844,-0.0400245
1.3575485,1.3575485,1.3047680,-0.0528946,-1022.1776334,235.4390606,-0.0118450,-0.0926630,-504.6687139,125.2236681,-0.0623543,-0.0394362
1.3625485,1.3625485,1.3097680,-0.0521196,-1019.4077863,235.8007725,-0.0116711,-0.0913064,-503.2878929,125.4003396,-0.0614406,-0.0388584
1.3675485,1.3675485,1.3147680,-0.0513582,-1016.6472891,236.1602035,-0.0115004,-0.0899738,-501.9117480,125.5758538,-0.0605431,-0.0382908
1.3725485,1.3725485,1.3197680,-0.0506103,-1013.8961309,236.5173532,-0.0113326,-0.0886647,-500.5402737,125.7502107,-0.0596615,-0.0377331
1.3775485,1.3775485,1.3247680,-0.0498755,-1011.1543006,236.8722216,-0.0111678,-0.0873785,-499.1734645,125.9234102,-0.0587953,-0.0371853
1.3825485,1.3825485,1.3297680,-0.0491536,-1008.4217863,237.2248085,-0.0110059,-0.0861149,-497.8113144,126.0954525,-0.0579442,-0.0366471
1.3875485,1.3875485,1.3347680,-0.0484443,-1005.6985759,237.5751141,-0.0108469,-0.0848732,-496.4538173,126.2663377,-0.0571080,-0.0361182
1.3925485,1.3925485,1.3397680,-0.0477473,-1002.9846568,237.9231387,-0.0106906,-0.0836531,-495.1009669,126.4360661,-0.0562864,-0.0355986
1.3975485,1.3975485,1.3447680,-0.0470624,-1000.2800160,238.2688827,-0.0105370,-0.0824542,-493.7527567,126.6046380,-0.0554790,-0.0350880
1.4025485,1.4025485,1.3497680,-0.0463893,-997.5846403,238.6123468,-0.0103860,-0.0812760,-492.4091801,126.7720539,-0.0546856,-0.0345861
1.4075485,1.4075485,1.3547680,-0.0457279,-994.8985157,238.9535319,-0.0102377,-0.0801180,-491.0702302,126.9383142,-0.0539058,-0.0340930
1.4125485,1.4125485,1.3597680,-0.0450777,-992.2216283,239.2924387,-0.0100919,-0.0789799,-489.7358998,127.1034196,-0.0531394,-0.0336083
1.4175485,1.4175485,1.3647680,-0.0444387,-989.5539634,239.6290685,-0.0099487,-0.0778612,-488.4061818,127.2673707,-0.0523861,-0.0331319
1.4225485,1.4225485,1.3697680,-0.0438106,-986.8955061,239.9634226,-0.0098078,-0.0767616,-487.0810686,127.4301683,-0.0516457,-0.0326636
1.4275485,1.4275485,1.3747680,-0.0431932,-984.2462413,240.2955023,-0.0096694,-0.0756807,-485.7605527,127.5918131,-0.0509179,-0.0322032
1.4325485,1.4325485,1.3797680,-0.0425863,-981.6061533,240.6253092,-0.0095333,-0.0746181,-484.4446263,127.7523062,-0.0502024,-0.0317507
1.4375485,1.4375485,1.3847680,-0.0419896,-978.9752262,240.9528450,-0.0093995,-0.0735735,-483.1332815,127.9116484,-0.0494990,-0.0313058
1.4425485,1.4425485,1.3897680,-0.0414029,-976.3534437,241.2781116,-0.0092680,-0.0725464,-481.8265100,128.0698407,-0.0488074,-0.0308685
1.4475485,1.4475485,1.3947680,-0.0408261,-973.7407893,241.6011111,-0.0091387,-0.0715365,-480.5243037,128.2268844,-0.0481275,-0.0304384
1.4525485,1.4525485,1.3997680,-0.0402590,-971.1372460,241.9218455,-0.0090116,-0.0705435,-479.2266541,128.3827806,-0.0474589,-0.0300156
1.4575485,1.4575485,1.4047680,-0.0397013,-968.5427966,242.2403172,-0.0088866,-0.0695671,-477.9335526,128.5375306,-0.0468015,-0.0295998
1.4625485,1.4625485,1.4097680,-0.0391529,-965.9574235,242.5565286,-0.0087636,-0.0686070,-476.6449904,128.6911356,-0.0461550,-0.0291909
1.4675485,1.4675485,1.4147680,-0.0386136,-963.3811090,242.8704822,-0.0086427,-0.0676627,-475.3609587,128.8435971,-0.0455193,-0.0287889
1.4725485,1.4725485,1.4197680,-0.0380832,-960.8138349,243.1821809,-0.0085239,-0.0667340,-474.0814483,128.9949166,-0.0448940,-0.0283934
1.4775485,1.4775485,1.4247680,-0.0375616,-958.2555828,243.4916273,-0.0084069,-0.0658206,-472.8064503,129.1450955,-0.0442791,-0.0280045
1.4825485,1.4825485,1.4297680,-0.0370485,-955.7063341,243.7988245,-0.0082919,-0.0649223,-471.5359551,129.2941355,-0.0436743,-0.0276220
1.4875485,1.4875485,1.4347680,-0.0365439,-953.1660697,244.1037756,-0.0081788,-0.0640386,-470.2699535,129.4420382,-0.0430793,-0.0272457
1.4925485,1.4925485,1.4397680,-0.0360474,-950.6347705,244.4064838,-0.0080676,-0.0631694,-469.0084357,129.5888053,-0.0424942,-0.0268756
1.4975485,1.4975485,1.4447680,-0.0355591,-948.1124170,244.7069524,-0.0079581,-0.0623143,-467.7513921,129.7344387,-0.0419185,-0.0265115
1.5025485,1.5025485,1.4497680,-0.0350787,-945.5989894,245.0051850,-0.0078505,-0.0614730,-466.4988129,129.8789401,-0.0413522,-0.0261534
1.5075485,1.5075485,1.4547680,-0.0346061,-943.0944678,245.3011850,-0.0077445,-0.0606454,-465.2506881,130.0223115,-0.0407950,-0.0258010
1.5125485,1.5125485,1.4597680,-0.0341411,-940.5988320,245.5949562,-0.0076403,-0.0598312,-464.0070076,130.1645548,-0.0402469,-0.0254543
1.5175485,1.5175485,1.4647680,-0.0336836,-938.1120615,245.8865024,-0.0075378,-0.0590300,-462.7677612,130.3056720,-0.0397076,-0.0251132
1.5225485,1.5225485,1.4697680,-0.0332334,-935.6341357,246.1758275,-0.0074369,-0.0582417,-461.5329387,130.4456652,-0.0391769,-0.0247776
1.5275485,1.5275485,1.4747680,-0.0327905,-933.1650336,246.4629357,-0.0073377,-0.0574660,-460.3025297,130.5845365,-0.0386547,-0.0244474
1.5325485,1.5325485,1.4797680,-0.0323546,-930.7047342,246.7478309,-0.0072400,-0.0567027,-459.0765235,130.7222881,-0.0381409,-0.0241224
1.5375485,1.5375485,1.4847680,-0.0319257,-928.2532162,247.0305176,-0.0071439,-0.0559514,-457.8549097,130.8589223,-0.0376352,-0.0238026
1.5425485,1.5425485,1.4897680,-0.0315035,-925.8104580,247.3110000,-0.0070493,-0.0552122,-456.6376774,130.9944413,-0.0371376,-0.0234878
1.5475485,1.5475485,1.4947680,-0.0310880,-923.3764379,247.5892826,-0.0069562,-0.0544846,-455.4248159,131.1288474,-0.0366478,-0.0231781
1.5525485,1.5525485,1.4997680,-0.0306791,-920.9511340,247.8653700,-0.0068646,-0.0537684,-454.2163142,131.2621430,-0.0361658,-0.0228732
1.5575485,1.5575485,1.5047680,-0.0302767,-918.5345242,248.1392668,-0.0067744,-0.0530635,-453.0121613,131.3943307,-0.0356913,-0.0225731
1.5625485,1.5625485,1.5097680,-0.0298805,-916.1265863,248.4109779,-0.0066856,-0.0523697,-451.8123462,131.5254127,-0.0352243,-0.0222778
1.5675485,1.5675485,1.5147680,-0.0294905,-913.7272977,248.6805080,-0.0065983,-0.0516867,-450.6168576,131.6553918,-0.0347646,-0.0219870
1.5725485,1.5725485,1.5197680,-0.0291067,-911.3366358,248.9478622,-0.0065123,-0.0510144,-449.4256843,131.7842704,-0.0343121,-0.0217008
1.5775485,1.5775485,1.5247680,-0.0287287,-908.9545779,249.2130455,-0.0064276,-0.0503525,-448.2388149,131.9120512,-0.0338666,-0.0214191
1.5825485,1.5825485,1.5297680,-0.0283567,-906.5811010,249.4760629,-0.0063443,-0.0497009,-447.0562380,132.0387368,-0.0334280,-0.0211417
1.5875485,1.5875485,1.5347680,-0.0279904,-904.2161819,249.7369198,-0.0062622,-0.0490594,-445.8779420,132.1643299,-0.0329962,-0.0208686
1.5925485,1.5925485,1.5397680,-0.0276298,-901.8597974,249.9956214,-0.0061814,-0.0484277,-444.7039154,132.2888334,-0.0325711,-0.0205997
1.5975485,1.5975485,1.5447680,-0.0272747,-899.5119241,250.2521732,-0.0061019,-0.0478058,-443.5341465,132.4122499,-0.0321525,-0.0203350
1.6025485,1.6025485,1.5497680,-0.0269251,-897.1725384,250.5065806,-0.0060235,-0.0471934,-442.3686235,132.5345823,-0.0317403,-0.0200743
1.6075485,1.6075485,1.5547680,-0.0265808,-894.8416166,250.7588491,-0.0059464,-0.0465903,-441.2073348,132.6558335,-0.0313345,-0.0198176
1.6125485,1.6125485,1.5597680,-0.0262417,-892.5191350,251.0089844,-0.0058705,-0.0459965,-440.0502683,132.7760064,-0.0309348,-0.0195649
1.6175485,1.6175485,1.5647680,-0.0259079,-890.2050694,251.2569923,-0.0057957,-0.0454117,-438.8974121,132.8951039,-0.0305412,-0.0193159
1.6225485,1.6225485,1.5697680,-0.0255791,-887.8993959,251.5028784,-0.0057220,-0.0448357,-437.7487543,133.0131290,-0.0301536,-0.0190708
1.6275485,1.6275485,1.5747680,-0.0252552,-885.6020902,251.7466487,-0.0056495,-0.0442685,-436.6042829,133.1300847,-0.0297719,-0.0188294
1.6325485,1.6325485,1.5797680,-0.0249363,-883.3131281,251.9883090,-0.0055781,-0.0437098,-435.4639855,133.2459741,-0.0293959,-0.0185916
1.6375485,1.6375485,1.5847680,-0.0246222,-881.0324850,252.2278655,-0.0055077,-0.0431596,-434.3278502,133.3608003,-0.0290256,-0.0183574
1.6425485,1.6425485,1.5897680,-0.0243128,-878.7601364,252.4653241,-0.0054384,-0.0426176,-433.1958647,133.4745664,-0.0286608,-0.0181267
1.6475485,1.6475485,1.5947680,-0.0240080,-876.4960577,252.7006910,-0.0053702,-0.0420837,-432.0680166,133.5872755,-0.0283016,-0.0178995
1.6525485,1.6525485,1.5997680,-0.0237078,-874.2402241,252.9339724,-0.0053029,-0.0415578,-430.9442937,133.6989308,-0.0279476,-0.0176756
1.6575485,1.6575485,1.6047680,-0.0234120,-871.9926108,253.1651745,-0.0052367,-0.0410397,-429.8246836,133.8095356,-0.0275990,-0.0174551
1.6625485,1.6625485,1.6097680,-0.0231207,-869.7531929,253.3943038,-0.0051714,-0.0405293,-428.7091739,133.9190930,-0.0272555,-0.0172379
1.6675485,1.6675485,1.6147680,-0.0228336,-867.5219452,253.6213665,-0.0051072,-0.0400265,-427.5977520,134.0276064,-0.0269172,-0.0170239
1.6725485,1.6725485,1.6197680,-0.0225508,-865.2988427,253.8463691,-0.0050438,-0.0395311,-426.4904055,134.1350790,-0.0265838,-0.0168131
1.6775485,1.6775485,1.6247680,-0.0222722,-863.0838603,254.0693182,-0.0049814,-0.0390430,-425.3871218,134.2415143,-0.0262554,-0.0166053
1.6825485,1.6825485,1.6297680,-0.0219977,-860.8769725,254.2902202,-0.0049200,-0.0385621,-424.2878884,134.3469154,-0.0259318,-0.0164007
1.6875485,1.6875485,1.6347680,-0.0217272,-858.6781541,254.5090818,-0.0048594,-0.0380883,-423.1926925,134.4512859,-0.0256129,-0.0161990
1.6925485,1.6925485,1.6397680,-0.0214607,-856.4873796,254.7259098,-0.0047997,-0.0376213,-422.1015215,134.5546292,-0.0252987,-0.0160003
1.6975485,1.6975485,1.6447680,-0.0211981,-854.3046235,254.9407106,-0.0047409,-0.0371612,-421.0143628,134.6569486,-0.0249891,-0.0158045
1.7025485,1.7025485,1.6497680,-0.0209392,-852.1298603,255.1534913,-0.0046830,-0.0367078,-419.9312035,134.7582476,-0.0246840,-0.0156115
1.7075485,1.7075485,1.6547680,-0.0206842,-849.9630644,255.3642585,-0.0046259,-0.0362610,-418.8520310,134.8585297,-0.0243833,-0.0154214
1.7125485,1.7125485,1.6597680,-0.0204328,-847.8042101,255.5730191,-0.0045696,-0.0358206,-417.7768324,134.9577984,-0.0240870,-0.0152340
1.7175485,1.7175485,1.6647680,-0.0201851,-845.6532716,255.7797801,-0.0045141,-0.0353866,-416.7055949,135.0560573,-0.0237950,-0.0150493
1.7225485,1.7225485,1.6697680,-0.0199410,-843.5102232,255.9845484,-0.0044594,-0.0349588,-415.6383056,135.1533099,-0.0235072,-0.0148672
1.7275485,1.7275485,1.6747680,-0.0197003,-841.3750390,256.1873309,-0.0044056,-0.0345372,-414.5749517,135.2495597,-0.0232235,-0.0146878
1.7325485,1.7325485,1.6797680,-0.0194632,-839.2476932,256.3881348,-0.0043525,-0.0341217,-413.5155203,135.3448103,-0.0229439,-0.0145110
1.7375485,1.7375485,1.6847680,-0.0192294,-837.1281598,256.5869671,-0.0043001,-0.0337121,-412.4599984,135.4390653,-0.0226683,-0.0143367
1.7425485,1.7425485,1.6897680,-0.0189989,-835.0164128,256.7838349,-0.0042485,-0.0333083,-411.4083732,135.5323284,-0.0223967,-0.0141649
1.7475485,1.7475485,1.6947680,-0.0187717,-832.9124263,256.9787454,-0.0041977,-0.0329103,-410.3606315,135.6246033,-0.0221289,-0.0139955
1.7525485,1.7525485,1.6997680,-0.0185478,-830.8161742,257.1717058,-0.0041475,-0.0325179,-409.3167606,135.7158935,-0.0218649,-0.0138286
1.7575485,1.7575485,1.7047680,-0.0183270,-828.7276304,257.3627232,-0.0040981,-0.0321311,-408.2767473,135.8062027,-0.0216046,-0.0136640
1.7625485,1.7625485,1.7097680,-0.0181094,-826.6467688,257.5518050,-0.0040494,-0.0317498,-407.2405787,135.8955346,-0.0213481,-0.0135017
1.7675485,1.7675485,1.7147680,-0.0178948,-824.5735633,257.7389584,-0.0040014,-0.0313738,-406.2082417,135.9838930,-0.0210951,-0.0133417
1.7725485,1.7725485,1.7197680,-0.0176833,-822.5079878,257.9241908,-0.0039540,-0.0310032,-405.1797234,136.0712816,-0.0208457,-0.0131840
1.7775485,1.7775485,1.7247680,-0.0174747,-820.4500161,258.1075095,-0.0039073,-0.0306377,-404.1550105,136.1577040,-0.0205999,-0.0130285
1.7825485,1.7825485,1.7297680,-0.0172690,-818.3996219,258.2889220,-0.0038613,-0.0302773,-403.1340902,136.2431641,-0.0203574,-0.0128751
1.7875485,1.7875485,1.7347680,-0.0170662,-816.3567790,258.4684355,-0.0038159,-0.0299220,-402.1169493,136.3276656,-0.0201184,-0.0127240
1.7925485,1.7925485,1.7397680,-0.0168663,-814.3214613,258.6460576,-0.0037711,-0.0295716,-401.1035747,136.4112123,-0.0198826,-0.0125749
1.7975485,1.7975485,1.7447680,-0.0166691,-812.2936425,258.8217957,-0.0037270,-0.0292261,-400.0939534,136.4938080,-0.0196502,-0.0124279
1.8025485,1.8025485,1.7497680,-0.0164747,-810.2732963,258.9956573,-0.0036835,-0.0288854,-399.0880723,136.5754564,-0.0194210,-0.0122829
1.8075485,1.8075485,1.7547680,-0.0162829,-808.2603965,259.1676500,-0.0036405,-0.0285494,-398.0859183,136.6561615,-0.0191949,-0.0121399
1.8125485,1.8125485,1.7597680,-0.0160938,-806.2549167,259.3377812,-0.0035982,-0.0282180,-397.0874782,136.7359269,-0.0189720,-0.0119989
1.8175485,1.8175485,1.7647680,-0.0159073,-804.2568308,259.5060585,-0.0035565,-0.0278912,-396.0927390,136.8147566,-0.0187522,-0.0118599
1.8225485,1.8225485,1.7697680,-0.0157234,-802.2661125,259.6724895,-0.0035153,-0.0275689,-395.1016876,136.8926543,-0.0185353,-0.0117228
1.8275485,1.8275485,1.7747680,-0.0155420,-800.2827355,259.8370817,-0.0034747,-0.0272510,-394.1143109,136.9696240,-0.0183215,-0.0115875
1.8325485,1.8325485,1.7797680,-0.0153630,-798.3066734,259.9998429,-0.0034347,-0.0269375,-393.1305958,137.0456695,-0.0181105,-0.0114541
1.8375485,1.8375485,1.7847680,-0.0151866,-796.3379001,260.1607806,-0.0033952,-0.0266282,-392.1505292,137.1207946,-0.0179025,-0.0113225
1.8425485,1.8425485,1.7897680,-0.0150125,-794.3763893,260.3199025,-0.0033562,-0.0263231,-391.1740980,137.1950032,-0.0176973,-0.0111927
1.8475485,1.8475485,1.7947680,-0.0148408,-792.4221148,260.4772162,-0.0033178,-0.0260222,-390.2012890,137.2682993,-0.0174949,-0.0110647
1.8525485,1.8525485,1.7997680,-0.0146714,-790.4750502,260.6327295,-0.0032799,-0.0257254,-389.2320893,137.3406867,-0.0172952,-0.0109384
1.8575485,1.8575485,1.8047680,-0.0145043,-788.5351694,260.7864499,-0.0032425,-0.0254326,-388.2664857,137.4121692,-0.0170982,-0.0108138
1.8625485,1.8625485,1.8097680,-0.0143394,-786.6024462,260.9383853,-0.0032056,-0.0251437,-387.3044651,137.4827508,-0.0169039,-0.0106909
1.8675485,1.8675485,1.8147680,-0.0141768,-784.6768543,261.0885434,-0.0031692,-0.0248587,-386.3460146,137.5524355,-0.0167122,-0.0105697
1.8725485,1.8725485,1.8197680,-0.0140164,-782.7583675,261.2369318,-0.0031333,-0.0245775,-385.3911209,137.6212270,-0.0165231,-0.0104501
1.8775485,1.8775485,1.8247680,-0.0138581,-780.8469598,261.3835583,-0.0030979,-0.0243001,-384.4397712,137.6891293,-0.0163365,-0.0103321
1.8825485,1.8825485,1.8297680,-0.0137019,-778.9426049,261.5284306,-0.0030629,-0.0240265,-383.4919523,137.7561464,-0.0161524,-0.0102156
1.8875485,1.8875485,1.8347680,-0.0135478,-777.0452768,261.6715566,-0.0030284,-0.0237564,-382.5476511,137.8222821,-0.0159707,-0.0101008
1.8925485,1.8925485,1.8397680,-0.0133958,-775.1549493,261.8129439,-0.0029944,-0.0234900,-381.6068548,137.8875404,-0.0157915,-0.0099874
1.8975485,1.8975485,1.8447680,-0.0132458,-773.2715964,261.9526004,-0.0029608,-0.0232271,-380.6695502,137.9519252,-0.0156147,-0.0098756
1.9025485,1.9025485,1.8497680,-0.0130978,-771.3951919,262.0905338,-0.0029277,-0.0229677,-379.7357244,138.0154405,-0.0154402,-0.0097652
1.9075485,1.9075485,1.8547680,-0.0129517,-769.5257100,262.2267520,-0.0028950,-0.0227117,-378.8053644,138.0780901,-0.0152680,-0.0096563
1.9125485,1.9125485,1.8597680,-0.0128076,-767.6631246,262.3612626,-0.0028628,-0.0224591,-377.8784572,138.1398780,-0.0150981,-0.0095489
1.9175485,1.9175485,1.8647680,-0.0126654,-765.8074097,262.4940735,-0.0028310,-0.0222098,-376.9549899,138.2008082,-0.0149304,-0.0094428
1.9225485,1.9225485,1.8697680,-0.0125250,-763.9585395,262.6251925,-0.0027996,-0.0219638,-376.0349496,138.2608845,-0.0147650,-0.0093382
1.9275485,1.9275485,1.8747680,-0.0123865,-762.1164880,262.7546274,-0.0027686,-0.0217210,-375.1183233,138.3201109,-0.0146017,-0.0092349
1.9325485,1.9325485,1.8797680,-0.0122498,-760.2812293,262.8823859,-0.0027380,-0.0214814,-374.2050980,138.3784914,-0.0144405,-0.0091330
1.9375485,1.9375485,1.8847680,-0.0121148,-758.4527377,263.0084759,-0.0027078,-0.0212449,-373.2952611,138.4360299,-0.0142814,-0.0090324
1.9425485,1.9425485,1.8897680,-0.0119817,-756.6309874,263.1329052,-0.0026780,-0.0210115,-372.3887995,138.4927303,-0.0141245,-0.0089331
1.9475485,1.9475485,1.8947680,-0.0118502,-754.8159526,263.2556816,-0.0026486,-0.0207812,-371.4857004,138.5485965,-0.0139695,-0.0088351
1.9525485,1.9525485,1.8997680,-0.0117205,-753.0076077,263.3768128,-0.0026196,-0.0205538,-370.5859510,138.6036325,-0.0138166,-0.0087384
1.9575485,1.9575485,1.9047680,-0.0115925,-751.2059268,263.4963067,-0.0025909,-0.0203294,-369.6895385,138.6578423,-0.0136657,-0.0086429
1.9625485,1.9625485,1.9097680,-0.0114661,-749.4108846,263.6141711,-0.0025626,-0.0201078,-368.7964500,138.7112297,-0.0135167,-0.0085487
1.9675485,1.9675485,1.9147680,-0.0113413,-747.6224553,263.7304137,-0.0025347,-0.0198892,-367.9066729,138.7637987,-0.0133696,-0.0084557
1.9725485,1.9725485,1.9197680,-0.0112182,-745.8406134,263.8450423,-0.0025072,-0.0196733,-367.0201944,138.8155532,-0.0132244,-0.0083638
1.9775485,1.9775485,1.9247680,-0.0110966,-744.0653335,263.9580648,-0.0024800,-0.0194602,-366.1370018,138.8664971,-0.0130811,-0.0082732
1.9825485,1.9825485,1.9297680,-0.0109766,-742.2965901,264.0694889,-0.0024531,-0.0192498,-365.2570823,138.9166344,-0.0129396,-0.0081837
1.9875485,1.9875485,1.9347680,-0.0108581,-740.5343578,264.1793224,-0.0024266,-0.0190422,-364.3804233,138.9659690,-0.0127999,-0.0080954
1.9925485,1.9925485,1.9397680,-0.0107411,-738.7786113,264.2875730,-0.0024005,-0.0188371,-363.5070122,139.0145048,-0.0126620,-0.0080082
1.9975485,1.9975485,1.9447680,-0.0106256,-737.0293253,264.3942485,-0.0023746,-0.0186347,-362.6368362,139.0622456,-0.0125259,-0.0079221
