# r[nm],d[nm],daligned[nm],Uwater(d)[kj/mol],UMinwater(d)[kj/mol]
-0.1282195,-0.1282195,-0.0000000,5272.4794056,5272.4794056
-0.1182195,-0.1182195,0.0100000,4558.3395833,4558.3395833
-0.1082195,-0.1082195,0.0200000,3781.3412775,3781.3412775
-0.0982195,-0.0982195,0.0300000,3069.8738920,3069.8738920
-0.0882195,-0.0882195,0.0400000,2472.0776606,2472.0776606
-0.0782195,-0.0782195,0.0500000,1976.3878586,1976.3878586
-0.0682195,-0.0682195,0.0600000,1593.7466238,1567.9053773
-0.0582195,-0.0582195,0.0700000,1258.0125259,1232.1712794
-0.0482195,-0.0482195,0.0800000,949.6720916,923.8308495
-0.0382195,-0.0382195,0.0900000,637.1380255,611.2968086
-0.0282195,-0.0282195,0.1000000,422.0922504,396.2639517
-0.0182195,-0.0182195,0.1100000,273.3284657,247.7350762
-0.0082195,-0.0082195,0.1200000,169.6286513,144.5672289
0.0017805,0.0017805,0.1300000,97.3323259,72.5158741
0.0117805,0.0117805,0.1400000,46.9113646,22.0254115
0.0217805,0.0217805,0.1500000,10.4276697,-13.3361207
0.0317805,0.0317805,0.1600000,-18.6639315,-43.7402412
0.0417805,0.0417805,0.1700000,-39.5650803,-65.0085940
0.0517805,0.0517805,0.1800000,-53.5928815,-79.0902105
0.0617805,0.0617805,0.1900000,-62.5735671,-87.9343676
0.0717805,0.0717805,0.2000000,-67.9044386,-92.9795674
0.0817805,0.0817805,0.2100000,-70.5833956,-95.2956675
0.0917805,0.0917805,0.2200000,-71.4115915,-95.6804144
0.1017805,0.1017805,0.2300000,-71.0740462,-94.7274878
0.1117805,0.1117805,0.2400000,-70.7293702,-93.3073465
0.1217805,0.1217805,0.2500000,-73.0175473,-98.1490896
0.1317805,0.1317805,0.2600000,-75.5472571,-100.3488994
0.1417805,0.1417805,0.2700000,-77.0531679,-100.7258972
0.1517805,0.1517805,0.2800000,-78.1190032,-100.0517496
0.1617805,0.1617805,0.2900000,-78.7927859,-100.5331246
0.1717805,0.1717805,0.3000000,-78.6288976,-100.1877919
0.1817805,0.1817805,0.3100000,-77.7070971,-99.3256496
0.1917805,0.1917805,0.3200000,-76.3175577,-98.1467913
0.2017805,0.2017805,0.3300000,-74.6955253,-96.7803942
0.2117805,0.2117805,0.3400000,-72.9863016,-95.3097554
0.2217805,0.2217805,0.3500000,-71.2687022,-93.7884407
0.2317805,0.2317805,0.3600000,-69.5816692,-92.2507223
0.2417805,0.2417805,0.3700000,-67.9427883,-90.7183382
0.2517805,0.2517805,0.3800000,-66.3589910,-89.2048784
0.2617805,0.2617805,0.3900000,-64.8321171,-87.7186377
0.2717805,0.2717805,0.4000000,-63.3616352,-86.2644732
0.2817805,0.2817805,0.4100000,-61.9459374,-84.8450167
0.2917805,0.2917805,0.4200000,-60.5829558,-83.4614667
0.3017805,0.3017805,0.4300000,-59.2704591,-82.1141059
0.3117805,0.3117805,0.4400000,-58.0061994,-80.8026395
0.3217805,0.3217805,0.4500000,-56.7879843,-79.5264163
0.3317805,0.3317805,0.4600000,-55.6137128,-78.2845727
0.3417805,0.3417805,0.4700000,-54.4813909,-77.0761255
0.3517805,0.3517805,0.4800000,-53.3891376,-75.9000328
0.3617805,0.3617805,0.4900000,-52.3351843,-74.7552317
0.3717805,0.3717805,0.5000000,-51.3178720,-73.6406628
0.3817805,0.3817805,0.5100000,-50.3356464,-72.5552847
0.3917805,0.3917805,0.5200000,-49.3870526,-71.4980828
0.4017805,0.4017805,0.5300000,-48.4707293,-70.4680738
0.4117805,0.4117805,0.5400000,-47.5854029,-69.4643086
0.4217805,0.4217805,0.5500000,-46.7298823,-68.4858722
0.4317805,0.4317805,0.5600000,-45.9030525,-67.5318841
0.4417805,0.4417805,0.5700000,-45.1038688,-66.6014974
0.4517805,0.4517805,0.5800000,-44.3313511,-65.6938973
0.4617805,0.4617805,0.5900000,-43.5845772,-64.8083004
0.4717805,0.4717805,0.6000000,-42.8626766,-63.9439533
0.4817805,0.4817805,0.6100000,-42.1648231,-63.1001310
0.4917805,0.4917805,0.6200000,-41.4902288,-62.2761361
0.5017805,0.5017805,0.6300000,-40.8381362,-61.4712973
0.5117805,0.5117805,0.6400000,-40.2078116,-60.6849686
0.5217805,0.5217805,0.6500000,-39.5985383,-59.9165280
0.5317805,0.5317805,0.6600000,-39.0096104,-59.1653768
0.5417805,0.5417805,0.6700000,-38.4403269,-58.4309385
0.5517805,0.5517805,0.6800000,-37.8899876,-57.7126580
0.5617805,0.5617805,0.6900000,-37.3578888,-57.0100009
0.5717805,0.5717805,0.7000000,-36.8433210,-56.3224526
0.5817805,0.5817805,0.7100000,-36.3455677,-55.6495176
0.5917805,0.5917805,0.7200000,-35.8639052,-54.9907191
0.6017805,0.6017805,0.7300000,-35.3976037,-54.3488188
0.6117805,0.6117805,0.7400000,-34.9459294,-53.7341335
0.6217805,0.6217805,0.7500000,-34.5081473,-53.1315737
0.6317805,0.6317805,0.7600000,-34.0835251,-52.5407446
0.6417805,0.6417805,0.7700000,-33.6713364,-51.9612679
0.6517805,0.6517805,0.7800000,-33.2708658,-51.3927803
0.6617805,0.6617805,0.7900000,-32.8814122,-50.8349332
0.6717805,0.6717805,0.8000000,-32.5022929,-50.2873922
0.6817805,0.6817805,0.8100000,-32.1328474,-49.7498363
0.6917805,0.6917805,0.8200000,-31.7724402,-49.2343943
0.7017805,0.7017805,0.8300000,-31.4204634,-48.7310008
0.7117805,0.7117805,0.8400000,-31.0763388,-48.2360721
0.7217805,0.7217805,0.8500000,-30.7395190,-47.7493532
0.7317805,0.7317805,0.8600000,-30.4094889,-47.2706005
0.7417805,0.7417805,0.8700000,-30.0857655,-46.7995805
0.7517805,0.7517805,0.8800000,-29.7678981,-46.3391482
0.7617805,0.7617805,0.8900000,-29.4554677,-45.8969371
0.7717805,0.7717805,0.9000000,-29.1480867,-45.4612247
0.7817805,0.7817805,0.9100000,-28.8453972,-45.0318322
0.7917805,0.7917805,0.9200000,-28.5470703,-44.6085885
0.8017805,0.8017805,0.9300000,-28.2528046,-44.1913303
0.8117805,0.8117805,0.9400000,-27.9623245,-43.7913097
0.8217805,0.8217805,0.9500000,-27.6753790,-43.3979476
0.8317805,0.8317805,0.9600000,-27.3917398,-43.0095929
0.8417805,0.8417805,0.9700000,-27.1112002,-42.6261252
0.8517805,0.8517805,0.9800000,-26.8335731,-42.2535071
0.8617805,0.8617805,0.9900000,-26.5586896,-41.8910019
0.8717805,0.8717805,1.0000000,-26.2863980,-41.5325643
0.8817805,0.8817805,1.0100000,-26.0165618,-41.2027119
0.8917805,0.8917805,1.0200000,-25.7490588,-40.9607547
0.9017805,0.9017805,1.0300000,-25.4837799,-40.7180788
0.9117805,0.9117805,1.0400000,-25.2206278,-40.4747728
0.9217805,0.9217805,1.0500000,-24.9595160,-40.2309222
0.9317805,0.9317805,1.0600000,-24.7003677,-39.9866100
0.9417805,0.9417805,1.0700000,-24.4431151,-39.7419166
0.9517805,0.9517805,1.0800000,-24.1876985,-39.4969194
0.9617805,0.9617805,1.0900000,-23.9340654,-39.2516937
0.9717805,0.9717805,1.1000000,-23.6821698,-39.0063119
0.9817805,0.9817805,1.1100000,-23.4319716,-38.7608442
0.9917805,0.9917805,1.1200000,-23.1834361,-38.5153582
1.0017805,1.0017805,1.1300000,-22.9365334,-38.2699194
1.0117805,1.0117805,1.1400000,-22.6912377,-38.0245909
1.0217805,1.0217805,1.1500000,-22.4475272,-37.7794334
1.0317805,1.0317805,1.1600000,-22.2053832,-37.5345057
1.0417805,1.0417805,1.1700000,-21.9647903,-37.2898643
1.0517805,1.0517805,1.1800000,-21.7257357,-37.0455637
1.0617805,1.0617805,1.1900000,-21.4882088,-36.8016563
1.0717805,1.0717805,1.2000000,-21.2522014,-36.5581926
1.0817805,1.0817805,1.2100000,-21.0177068,-36.3152211
1.0917805,1.0917805,1.2200000,-20.7847201,-36.0727886
1.1017805,1.1017805,1.2300000,-20.5532378,-35.8309398
1.1117805,1.1117805,1.2400000,-20.3232576,-35.5897179
1.1217805,1.1217805,1.2500000,-20.0947780,-35.3491642
1.1317805,1.1317805,1.2600000,-19.8677987,-35.1093184
1.1417805,1.1417805,1.2700000,-19.6423200,-34.8702184
1.1517805,1.1517805,1.2800000,-19.4183429,-34.6319008
1.1617805,1.1617805,1.2900000,-19.1958687,-34.3944003
1.1717805,1.1717805,1.3000000,-18.9748995,-34.1577504
1.1817805,1.1817805,1.3100000,-18.7554372,-33.9219830
1.1917805,1.1917805,1.3200000,-18.5374845,-33.6871286
1.2017805,1.2017805,1.3300000,-18.3210439,-33.4532162
1.2117805,1.2117805,1.3400000,-18.1061180,-33.2202736
1.2217805,1.2217805,1.3500000,-17.8927098,-32.9883272
1.2317805,1.2317805,1.3600000,-17.6808218,-32.7574023
1.2417805,1.2417805,1.3700000,-17.4704569,-32.5275228
1.2517805,1.2517805,1.3800000,-17.2616177,-32.2987114
1.2617805,1.2617805,1.3900000,-17.0543067,-32.0709898
1.2717805,1.2717805,1.4000000,-16.8485262,-31.8443784
1.2817805,1.2817805,1.4100000,-16.6442786,-31.6188966
1.2917805,1.2917805,1.4200000,-16.4415657,-31.3945628
1.3017805,1.3017805,1.4300000,-16.2403894,-31.1713942
1.3117805,1.3117805,1.4400000,-16.0407513,-30.9494072
1.3217805,1.3217805,1.4500000,-15.8426527,-30.7286171
1.3317805,1.3317805,1.4600000,-15.6460945,-30.5090384
1.3417805,1.3417805,1.4700000,-15.4510777,-30.2906846
1.3517805,1.3517805,1.4800000,-15.2576028,-30.0735683
1.3617805,1.3617805,1.4900000,-15.0656700,-29.8577013
1.3717805,1.3717805,1.5000000,-14.8752792,-29.6430948
1.3817805,1.3817805,1.5100000,-14.6864302,-29.4297587
1.3917805,1.3917805,1.5200000,-14.4991223,-29.2177027
1.4017805,1.4017805,1.5300000,-14.3133547,-29.0069354
1.4117805,1.4117805,1.5400000,-14.1291261,-28.7974648
1.4217805,1.4217805,1.5500000,-13.9464352,-28.5892982
1.4317805,1.4317805,1.5600000,-13.7652801,-28.3824422
1.4417805,1.4417805,1.5700000,-13.5856589,-28.1769029
1.4517805,1.4517805,1.5800000,-13.4075692,-27.9726857
1.4617805,1.4617805,1.5900000,-13.2310085,-27.7697952
1.4717805,1.4717805,1.6000000,-13.0559739,-27.5682357
1.4817805,1.4817805,1.6100000,-12.8824623,-27.3680109
1.4917805,1.4917805,1.6200000,-12.7104705,-27.1691238
1.5017805,1.5017805,1.6300000,-12.5399947,-26.9715771
1.5117805,1.5117805,1.6400000,-12.3710311,-26.7753728
1.5217805,1.5217805,1.6500000,-12.2035757,-26.5805125
1.5317805,1.5317805,1.6600000,-12.0376240,-26.3869974
1.5417805,1.5417805,1.6700000,-11.8731717,-26.1948283
1.5517805,1.5517805,1.6800000,-11.7102138,-26.0040053
1.5617805,1.5617805,1.6900000,-11.5487454,-25.8145283
1.5717805,1.5717805,1.7000000,-11.3887613,-25.6263969
1.5817805,1.5817805,1.7100000,-11.2302562,-25.4396100
1.5917805,1.5917805,1.7200000,-11.0732244,-25.2541664
