# r[nm],ssd(r)[nm]
-1.3491708,-1.3491708
-1.3441708,-1.3441708
-1.3391708,-1.3391708
-1.3341708,-1.3341708
-1.3291708,-1.3291708
-1.3241708,-1.3241708
-1.3191708,-1.3191708
-1.3141708,-1.3141708
-1.3091708,-1.3091708
-1.3041708,-1.3041708
-1.2991708,-1.2991708
-1.2941708,-1.2941708
-1.2891708,-1.2891708
-1.2841708,-1.2841708
-1.2791708,-1.2791708
-1.2741708,-1.2741708
-1.2691708,-1.2691708
-1.2641708,-1.2641708
-1.2591708,-1.2591708
-1.2541708,-1.2541708
-1.2491708,-1.2491708
-1.2441708,-1.2441708
-1.2391708,-1.2391708
-1.2341708,-1.2341708
-1.2291708,-1.2291708
-1.2241708,-1.2241708
-1.2191708,-1.2191708
-1.2141708,-1.2141708
-1.2091708,-1.2091708
-1.2041708,-1.2041708
-1.1991708,-1.1991708
-1.1941708,-1.1941708
-1.1891708,-1.1891708
-1.1841708,-1.1841708
-1.1791708,-1.1791708
-1.1741708,-1.1741708
-1.1691708,-1.1691708
-1.1641708,-1.1641708
-1.1591708,-1.1591708
-1.1541708,-1.1541708
-1.1491708,-1.1491708
-1.1441708,-1.1441708
-1.1391708,-1.1391708
-1.1341708,-1.1341708
-1.1291708,-1.1291708
-1.1241708,-1.1241708
-1.1191708,-1.1191708
-1.1141708,-1.1141708
-1.1091708,-1.1091708
-1.1041708,-1.1041708
-1.0991708,-1.0991708
-1.0941708,-1.0941708
-1.0891708,-1.0891708
-1.0841708,-1.0841708
-1.0791708,-1.0791708
-1.0741708,-1.0741708
-1.0691708,-1.0691708
-1.0641708,-1.0641708
-1.0591708,-1.0591708
-1.0541708,-1.0541708
-1.0491708,-1.0491708
-1.0441708,-1.0441708
-1.0391708,-1.0391708
-1.0341708,-1.0341708
-1.0291708,-1.0291708
-1.0241708,-1.0241708
-1.0191708,-1.0191708
-1.0141708,-1.0141708
-1.0091708,-1.0091708
-1.0041708,-1.0041708
-0.9991708,-0.9991708
-0.9941708,-0.9941708
-0.9891708,-0.9891708
-0.9841708,-0.9841708
-0.9791708,-0.9791708
-0.9741708,-0.9741708
-0.9691708,-0.9691708
-0.9641708,-0.9641708
-0.9591708,-0.9591708
-0.9541708,-0.9541708
-0.9491708,-0.9491708
-0.9441708,-0.9441708
-0.9391708,-0.9391708
-0.9341708,-0.9341708
-0.9291708,-0.9291708
-0.9241708,-0.9241708
-0.9191708,-0.9191708
-0.9141708,-0.9141708
-0.9091708,-0.9091708
-0.9041708,-0.9041708
-0.8991708,-0.8991708
-0.8941708,-0.8941708
-0.8891708,-0.8891708
-0.8841708,-0.8841708
-0.8791708,-0.8791708
-0.8741708,-0.8741708
-0.8691708,-0.8691708
-0.8641708,-0.8641708
-0.8591708,-0.8591708
-0.8541708,-0.8541708
-0.8491708,-0.8491708
-0.8441708,-0.8441708
-0.8391708,-0.8391708
-0.8341708,-0.8341708
-0.8291708,-0.8291708
-0.8241708,-0.8241708
-0.8191708,-0.8191708
-0.8141708,-0.8141708
-0.8091708,-0.8091708
-0.8041708,-0.8041708
-0.7991708,-0.7991708
-0.7941708,-0.7941708
-0.7891708,-0.7891708
-0.7841708,-0.7841708
-0.7791708,-0.7791708
-0.7741708,-0.7741708
-0.7691708,-0.7691708
-0.7641708,-0.7641708
-0.7591708,-0.7591708
-0.7541708,-0.7541708
-0.7491708,-0.7491708
-0.7441708,-0.7441708
-0.7391708,-0.7391708
-0.7341708,-0.7341708
-0.7291708,-0.7291708
-0.7241708,-0.7241708
-0.7191708,-0.7191708
-0.7141708,-0.7141708
-0.7091708,-0.7091708
-0.7041708,-0.7041708
-0.6991708,-0.6991708
-0.6941708,-0.6941708
-0.6891708,-0.6891708
-0.6841708,-0.6841708
-0.6791708,-0.6791708
-0.6741708,-0.6741708
-0.6691708,-0.6691708
-0.6641708,-0.6641708
-0.6591708,-0.6591708
-0.6541708,-0.6541708
-0.6491708,-0.6491708
-0.6441708,-0.6441708
-0.6391708,-0.6391708
-0.6341708,-0.6341708
-0.6291708,-0.6291708
-0.6241708,-0.6241708
-0.6191708,-0.6191708
-0.6141708,-0.6141708
-0.6091708,-0.6091708
-0.6041708,-0.6041708
-0.5991708,-0.5991708
-0.5941708,-0.5941708
-0.5891708,-0.5891708
-0.5841708,-0.5841708
-0.5791708,-0.5791708
-0.5741708,-0.5741708
-0.5691708,-0.5691708
-0.5641708,-0.5641708
-0.5591708,-0.5591708
-0.5541708,-0.5541708
-0.5491708,-0.5491708
-0.5441708,-0.5441708
-0.5391708,-0.5391708
-0.5341708,-0.5341708
-0.5291708,-0.5291708
-0.5241708,-0.5241708
-0.5191708,-0.5191708
-0.5141708,-0.5141708
-0.5091708,-0.5091708
-0.5041708,-0.5041708
-0.4991708,-0.4991708
-0.4941708,-0.4941708
-0.4891708,-0.4891708
-0.4841708,-0.4841708
-0.4791708,-0.4791708
-0.4741708,-0.4741708
-0.4691708,-0.4691708
-0.4641708,-0.4641708
-0.4591708,-0.4591708
-0.4541708,-0.4541708
-0.4491708,-0.4491708
-0.4441708,-0.4441708
-0.4391708,-0.4391708
-0.4341708,-0.4341708
-0.4291708,-0.4291708
-0.4241708,-0.4241708
-0.4191708,-0.4191708
-0.4141708,-0.4141708
-0.4091708,-0.4091708
-0.4041708,-0.4041708
-0.3991708,-0.3991708
-0.3941708,-0.3941708
-0.3891708,-0.3891708
-0.3841708,-0.3841708
-0.3791708,-0.3791708
-0.3741708,-0.3741708
-0.3691708,-0.3691708
-0.3641708,-0.3641708
-0.3591708,-0.3591708
-0.3541708,-0.3541708
-0.3491708,-0.3491708
-0.3441708,-0.3441708
-0.3391708,-0.3391708
-0.3341708,-0.3341708
-0.3291708,-0.3291708
-0.3241708,-0.3241708
-0.3191708,-0.3191708
-0.3141708,-0.3141708
-0.3091708,-0.3091708
-0.3041708,-0.3041708
-0.2991708,-0.2991708
-0.2941708,-0.2941708
-0.2891708,-0.2891708
-0.2841708,-0.2841708
-0.2791708,-0.2791708
-0.2741708,-0.2741708
-0.2691708,-0.2691708
-0.2641708,-0.2641708
-0.2591708,-0.2591708
-0.2541708,-0.2541708
-0.2491708,-0.2491708
-0.2441708,-0.2441708
-0.2391708,-0.2391708
-0.2341708,-0.2341708
-0.2291708,-0.2291708
-0.2241708,-0.2241708
-0.2191708,-0.2191708
-0.2141708,-0.2141708
-0.2091708,-0.2091708
-0.2041708,-0.2041708
-0.1991708,-0.1991708
-0.1941708,-0.1941708
-0.1891708,-0.1891708
-0.1841708,-0.1841708
-0.1791708,-0.1791708
-0.1741708,-0.1741708
-0.1691708,-0.1691708
-0.1641708,-0.1641708
-0.1591708,-0.1591708
-0.1541708,-0.1541708
-0.1491708,-0.1491708
-0.1441708,-0.1441708
-0.1391708,-0.1391708
-0.1341708,-0.1341708
-0.1291708,-0.1291708
-0.1241708,-0.1241708
-0.1191708,-0.1191708
-0.1141708,-0.1141708
-0.1091708,-0.1091708
-0.1041708,-0.1041708
-0.0991708,-0.0991708
-0.0941708,-0.0941708
-0.0891708,-0.0891708
-0.0841708,-0.0841708
-0.0791708,-0.0791708
-0.0741708,-0.0741708
-0.0691708,-0.0691708
-0.0641708,-0.0641708
-0.0591708,-0.0591708
-0.0541708,-0.0541708
-0.0491708,-0.0491708
-0.0441708,-0.0441708
-0.0391708,-0.0391708
-0.0341708,-0.0341708
-0.0291708,-0.0291708
-0.0241708,-0.0241708
-0.0191708,-0.0191708
-0.0141708,-0.0141708
-0.0091708,-0.0091708
-0.0041708,-0.0041708
0.0008292,0.0008292
0.0058292,0.0058292
0.0108292,0.0061708
0.0158292,0.0011708
0.0208292,0.0001708
0.0258292,0.0008292
0.0308292,0.0021708
0.0358292,0.0018292
0.0408292,0.0001708
0.0458292,0.0001708
0.0508292,0.0008292
0.0558292,0.0058292
0.0608292,0.0108292
0.0658292,0.0158292
0.0708292,0.0208292
0.0758292,0.0258292
0.0808292,0.0308292
0.0858292,0.0358292
0.0908292,0.0408292
0.0958292,0.0458292
0.1008292,0.0508292
0.1058292,0.0558292
0.1108292,0.0608292
0.1158292,0.0658292
0.1208292,0.0708292
0.1258292,0.0758292
0.1308292,0.0808292
0.1358292,0.0858292
0.1408292,0.0908292
0.1458292,0.0958292
0.1508292,0.1008292
0.1558292,0.1058292
0.1608292,0.1108292
0.1658292,0.1158292
0.1708292,0.1208292
0.1758292,0.1258292
0.1808292,0.1308292
0.1858292,0.1358292
0.1908292,0.1408292
0.1958292,0.1458292
0.2008292,0.1508292
0.2058292,0.1558292
0.2108292,0.1608292
0.2158292,0.1658292
0.2208292,0.1708292
0.2258292,0.1758292
0.2308292,0.1808292
0.2358292,0.1858292
0.2408292,0.1908292
0.2458292,0.1958292
0.2508292,0.2008292
0.2558292,0.2058292
0.2608292,0.2108292
0.2658292,0.2158292
0.2708292,0.2208292
0.2758292,0.2258292
0.2808292,0.2308292
0.2858292,0.2358292
0.2908292,0.2408292
0.2958292,0.2458292
0.3008292,0.2508292
0.3058292,0.2558292
0.3108292,0.2608292
0.3158292,0.2658292
0.3208292,0.2708292
0.3258292,0.2758292
0.3308292,0.2808292
0.3358292,0.2858292
0.3408292,0.2908292
0.3458292,0.2958292
0.3508292,0.3008292
0.3558292,0.3058292
0.3608292,0.3108292
0.3658292,0.3158292
0.3708292,0.3208292
0.3758292,0.3258292
0.3808292,0.3308292
0.3858292,0.3358292
0.3908292,0.3408292
0.3958292,0.3458292
0.4008292,0.3508292
0.4058292,0.3558292
0.4108292,0.3608292
0.4158292,0.3658292
0.4208292,0.3708292
0.4258292,0.3758292
0.4308292,0.3808292
0.4358292,0.3858292
0.4408292,0.3908292
0.4458292,0.3958292
0.4508292,0.4008292
0.4558292,0.4058292
0.4608292,0.4108292
0.4658292,0.4158292
0.4708292,0.4208292
0.4758292,0.4258292
0.4808292,0.4308292
0.4858292,0.4358292
0.4908292,0.4408292
0.4958292,0.4458292
0.5008292,0.4508292
0.5058292,0.4558292
0.5108292,0.4608292
0.5158292,0.4658292
0.5208292,0.4708292
0.5258292,0.4758292
0.5308292,0.4808292
0.5358292,0.4858292
0.5408292,0.4908292
0.5458292,0.4958292
0.5508292,0.5008292
0.5558292,0.5058292
0.5608292,0.5108292
0.5658292,0.5158292
0.5708292,0.5208292
0.5758292,0.5258292
0.5808292,0.5308292
0.5858292,0.5358292
0.5908292,0.5408292
0.5958292,0.5458292
0.6008292,0.5508292
0.6058292,0.5558292
0.6108292,0.5608292
0.6158292,0.5658292
0.6208292,0.5708292
0.6258292,0.5758292
0.6308292,0.5808292
0.6358292,0.5858292
0.6408292,0.5908292
0.6458292,0.5958292
0.6508292,0.6008292
0.6558292,0.6058292
0.6608292,0.6108292
0.6658292,0.6158292
0.6708292,0.6208292
0.6758292,0.6258292
0.6808292,0.6308292
0.6858292,0.6358292
0.6908292,0.6408292
0.6958292,0.6458292
0.7008292,0.6508292
0.7058292,0.6558292
0.7108292,0.6608292
0.7158292,0.6658292
0.7208292,0.6708292
0.7258292,0.6758292
0.7308292,0.6808292
0.7358292,0.6858292
0.7408292,0.6908292
0.7458292,0.6958292
0.7508292,0.7008292
0.7558292,0.7058292
0.7608292,0.7108292
0.7658292,0.7158292
0.7708292,0.7208292
0.7758292,0.7258292
0.7808292,0.7308292
0.7858292,0.7358292
0.7908292,0.7408292
0.7958292,0.7458292
0.8008292,0.7508292
0.8058292,0.7558292
0.8108292,0.7608292
0.8158292,0.7658292
0.8208292,0.7708292
0.8258292,0.7758292
0.8308292,0.7808292
0.8358292,0.7858292
0.8408292,0.7908292
0.8458292,0.7958292
0.8508292,0.8008292
0.8558292,0.8058292
0.8608292,0.8108292
0.8658292,0.8158292
0.8708292,0.8208292
0.8758292,0.8258292
0.8808292,0.8308292
0.8858292,0.8358292
0.8908292,0.8408292
0.8958292,0.8458292
0.9008292,0.8508292
0.9058292,0.8558292
0.9108292,0.8608292
0.9158292,0.8658292
0.9208292,0.8708292
0.9258292,0.8758292
0.9308292,0.8808292
0.9358292,0.8858292
0.9408292,0.8908292
0.9458292,0.8958292
0.9508292,0.9008292
0.9558292,0.9058292
0.9608292,0.9108292
0.9658292,0.9158292
0.9708292,0.9208292
0.9758292,0.9258292
0.9808292,0.9308292
0.9858292,0.9358292
0.9908292,0.9408292
0.9958292,0.9458292
1.0008292,0.9508292
1.0058292,0.9558292
1.0108292,0.9608292
1.0158292,0.9658292
1.0208292,0.9708292
1.0258292,0.9758292
1.0308292,0.9808292
1.0358292,0.9858292
1.0408292,0.9908292
1.0458292,0.9958292
1.0508292,1.0008292
1.0558292,1.0058292
1.0608292,1.0108292
1.0658292,1.0158292
1.0708292,1.0208292
1.0758292,1.0258292
1.0808292,1.0308292
1.0858292,1.0358292
1.0908292,1.0408292
1.0958292,1.0458292
1.1008292,1.0508292
1.1058292,1.0558292
1.1108292,1.0608292
1.1158292,1.0658292
1.1208292,1.0708292
1.1258292,1.0758292
1.1308292,1.0808292
1.1358292,1.0858292
1.1408292,1.0908292
1.1458292,1.0958292
1.1508292,1.1008292
1.1558292,1.1058292
1.1608292,1.1108292
1.1658292,1.1158292
1.1708292,1.1208292
1.1758292,1.1258292
1.1808292,1.1308292
1.1858292,1.1358292
1.1908292,1.1408292
1.1958292,1.1458292
1.2008292,1.1508292
1.2058292,1.1558292
1.2108292,1.1608292
1.2158292,1.1658292
1.2208292,1.1708292
1.2258292,1.1758292
1.2308292,1.1808292
1.2358292,1.1858292
1.2408292,1.1908292
1.2458292,1.1958292
1.2508292,1.2008292
1.2558292,1.2058292
1.2608292,1.2108292
1.2658292,1.2158292
1.2708292,1.2208292
1.2758292,1.2258292
1.2808292,1.2308292
1.2858292,1.2358292
1.2908292,1.2408292
1.2958292,1.2458292
1.3008292,1.2508292
1.3058292,1.2558292
1.3108292,1.2608292
1.3158292,1.2658292
1.3208292,1.2708292
1.3258292,1.2758292
1.3308292,1.2808292
1.3358292,1.2858292
1.3408292,1.2908292
1.3458292,1.2958292
1.3508292,1.3008292
1.3558292,1.3058292
1.3608292,1.3108292
1.3658292,1.3158292
1.3708292,1.3208292
1.3758292,1.3258292
1.3808292,1.3308292
1.3858292,1.3358292
1.3908292,1.3408292
1.3958292,1.3458292
1.4008292,1.3508292
1.4058292,1.3558292
1.4108292,1.3608292
1.4158292,1.3658292
1.4208292,1.3708292
1.4258292,1.3758292
1.4308292,1.3808292
1.4358292,1.3858292
1.4408292,1.3908292
1.4458292,1.3958292
1.4508292,1.4008292
1.4558292,1.4058292
1.4608292,1.4108292
1.4658292,1.4158292
1.4708292,1.4208292
1.4758292,1.4258292
1.4808292,1.4308292
1.4858292,1.4358292
1.4908292,1.4408292
1.4958292,1.4458292
1.5008292,1.4508292
1.5058292,1.4558292
1.5108292,1.4608292
1.5158292,1.4658292
1.5208292,1.4708292
1.5258292,1.4758292
1.5308292,1.4808292
1.5358292,1.4858292
1.5408292,1.4908292
1.5458292,1.4958292
1.5508292,1.5008292
1.5558292,1.5058292
1.5608292,1.5108292
1.5658292,1.5158292
1.5708292,1.5208292
1.5758292,1.5258292
1.5808292,1.5308292
1.5858292,1.5358292
1.5908292,1.5408292
1.5958292,1.5458292
1.6008292,1.5508292
1.6058292,1.5558292
1.6108292,1.5608292
1.6158292,1.5658292
1.6208292,1.5708292
1.6258292,1.5758292
1.6308292,1.5808292
1.6358292,1.5858292
1.6408292,1.5908292
1.6458292,1.5958292
1.6508292,1.6008292
1.6558292,1.6058292
1.6608292,1.6108292
1.6658292,1.6158292
1.6708292,1.6208292
1.6758292,1.6258292
1.6808292,1.6308292
1.6858292,1.6358292
1.6908292,1.6408292
1.6958292,1.6458292
1.7008292,1.6508292
1.7058292,1.6558292
1.7108292,1.6608292
1.7158292,1.6658292
1.7208292,1.6708292
1.7258292,1.6758292
1.7308292,1.6808292
1.7358292,1.6858292
1.7408292,1.6908292
1.7458292,1.6958292
1.7508292,1.7008292
1.7558292,1.7058292
1.7608292,1.7108292
1.7658292,1.7158292
1.7708292,1.7208292
1.7758292,1.7258292
1.7808292,1.7308292
1.7858292,1.7358292
1.7908292,1.7408292
1.7958292,1.7458292
1.8008292,1.7508292
1.8058292,1.7558292
1.8108292,1.7608292
1.8158292,1.7658292
1.8208292,1.7708292
1.8258292,1.7758292
1.8308292,1.7808292
1.8358292,1.7858292
1.8408292,1.7908292
1.8458292,1.7958292
1.8508292,1.8008292
1.8558292,1.8058292
1.8608292,1.8108292
1.8658292,1.8158292
1.8708292,1.8208292
1.8758292,1.8258292
1.8808292,1.8308292
1.8858292,1.8358292
1.8908292,1.8408292
1.8958292,1.8458292
1.9008292,1.8508292
1.9058292,1.8558292
1.9108292,1.8608292
1.9158292,1.8658292
1.9208292,1.8708292
1.9258292,1.8758292
1.9308292,1.8808292
1.9358292,1.8858292
1.9408292,1.8908292
1.9458292,1.8958292
1.9508292,1.9008292
1.9558292,1.9058292
1.9608292,1.9108292
1.9658292,1.9158292
1.9708292,1.9208292
1.9758292,1.9258292
1.9808292,1.9308292
1.9858292,1.9358292
1.9908292,1.9408292
1.9958292,1.9458292
