# r[nm],d[nm],daligned[nm],UC(d)[kJ/mol],UK(d)[kJ/mol],UCl(d)[kJ/mol],UC2A(d)[kJ/mol],UC4A(d)[kJ/mol],UC6A(d)[kJ/mol],UC8A(d)[kJ/mol],UC10A(d)[kJ/mol]
-0.0903504,-0.0903504,0.0422101,1810.4137956,1144.2685455,inf,105.2263933,inf,inf,inf,inf
-0.0853504,-0.0853504,0.0472101,1506.4985313,948.6819927,inf,88.0634118,inf,inf,inf,inf
-0.0803504,-0.0803504,0.0522101,1251.9193316,781.7925183,inf,71.2544100,inf,inf,inf,inf
-0.0753504,-0.0753504,0.0572101,1015.0378664,629.2027690,inf,57.0335268,inf,inf,inf,inf
-0.0703504,-0.0703504,0.0622101,845.1829661,519.7786743,inf,46.6873316,inf,inf,inf,inf
-0.0653504,-0.0653504,0.0672101,724.7669692,442.1208839,inf,39.3448118,inf,inf,inf,inf
-0.0603504,-0.0603504,0.0722101,641.6522757,388.3529014,inf,34.2233702,inf,inf,inf,inf
-0.0553504,-0.0553504,0.0772101,587.4702747,353.0373340,inf,30.7366869,1785.0102966,inf,inf,inf
-0.0503504,-0.0503504,0.0822101,532.9102956,324.9506876,inf,28.4095035,1571.8005830,inf,inf,inf
-0.0453504,-0.0453504,0.0872101,468.9708222,284.4012725,inf,26.7698351,1389.3214865,inf,inf,inf
-0.0403504,-0.0403504,0.0922101,414.1045489,249.5418709,1760.6620404,25.3077845,1232.5356599,inf,inf,inf
-0.0353504,-0.0353504,0.0972101,366.9267631,219.6049372,1568.8691318,23.6926830,1097.5816139,inf,inf,inf
-0.0303504,-0.0303504,0.1022101,326.3517763,193.8899806,1403.7806262,21.9740267,981.4250080,inf,inf,inf
-0.0253504,-0.0253504,0.1072101,291.5053946,171.8337296,1261.9181519,20.3292475,881.6151400,inf,inf,inf
-0.0203504,-0.0203504,0.1122101,261.6638237,152.9705920,1140.3901858,18.8381335,796.1152539,inf,inf,inf
-0.0153504,-0.0153504,0.1172101,236.2112400,136.9052025,1036.7247862,17.4924239,723.1846357,inf,inf,inf
-0.0103504,-0.0103504,0.1222101,214.6104424,123.2934361,948.7538864,16.2464379,661.2970544,inf,inf,inf
-0.0053504,-0.0053504,0.1272101,196.3826800,111.8293525,874.5338537,15.0482413,609.0847616,inf,inf,inf
-0.0003504,-0.0003504,0.1322101,181.0939355,102.2362944,812.2916803,13.8619334,565.3005519,inf,inf,inf
0.0046496,0.0046496,0.1372101,168.3457471,94.2597136,760.3894599,12.6812080,528.7926998,inf,inf,inf
0.0096496,0.0096496,0.1422101,157.7430046,87.5892283,717.2716200,11.5258877,498.4143546,inf,inf,inf
0.0146496,0.0146496,0.1472101,145.2339245,80.2069836,631.8703455,10.4255742,439.4737538,inf,inf,inf
0.0196496,0.0196496,0.1522101,125.9105741,69.1537133,548.8257515,9.4049215,381.1544623,inf,inf,inf
0.0246496,0.0246496,0.1572101,108.8588292,58.6347699,477.4352824,8.4779480,331.0382042,inf,inf,inf
0.0296496,0.0296496,0.1622101,94.3000412,49.6272412,416.1622455,7.6486998,288.0429141,inf,inf,inf
0.0346496,0.0346496,0.1672101,81.8964237,41.9599038,363.6327759,6.9136334,251.2012228,inf,inf,inf
0.0396496,0.0396496,0.1722101,71.3425559,35.4092363,318.6273370,6.2638244,219.6544634,inf,inf,inf
0.0446496,0.0446496,0.1772101,62.3631296,29.7622427,280.0706105,5.6872822,192.6455308,inf,inf,inf
0.0496496,0.0496496,0.1822101,54.7050946,24.8401158,247.0204431,5.1714388,169.5108454,inf,inf,inf
0.0546496,0.0546496,0.1872101,48.1332490,20.5201573,218.6562559,4.7047271,149.6685588,inf,inf,inf
0.0596496,0.0596496,0.1922101,42.4372413,16.7322113,194.2642364,4.2765982,132.5787733,inf,inf,inf
0.0646496,0.0646496,0.1972101,37.4499289,13.4306993,173.1797485,3.8769846,117.5946278,inf,inf,inf
0.0696496,0.0696496,0.2022101,33.0592533,10.5698158,154.4782175,3.4967350,103.8310212,inf,inf,inf
0.0746496,0.0746496,0.2072101,29.1961922,8.0969106,136.7852780,3.1292944,90.8807372,inf,inf,inf
0.0796496,0.0796496,0.2122101,25.8087531,5.9580496,120.1228291,2.7722293,79.1484502,1828.9870876,inf,inf
0.0846496,0.0846496,0.2172101,22.8446560,4.1048819,105.3340265,2.4273193,68.8807739,1612.5193981,inf,inf
0.0896496,0.0896496,0.2222101,20.2495540,2.4971051,92.5262655,2.0995623,60.0130037,1423.9823267,inf,inf
0.0946496,0.0946496,0.2272101,17.9727115,1.1009252,81.4927044,1.7956170,52.3801040,1259.3643037,inf,inf
0.0996496,0.0996496,0.2322101,15.9710281,-0.1135797,71.9901169,1.5216838,45.8068942,1115.2725722,inf,inf
0.1046496,0.1046496,0.2372101,14.2083755,-1.1742425,63.7953002,1.2814939,40.1321453,988.8373724,inf,inf
0.1096496,0.1096496,0.2422101,12.6522858,-2.1072136,56.7119392,1.0754218,35.2155096,877.6299453,inf,inf
0.1146496,0.1146496,0.2472101,11.2710193,-2.9362109,50.5700028,0.9009016,30.9403062,779.5926945,inf,inf
0.1196496,0.1196496,0.2522101,10.0328321,-3.6813505,45.2256808,0.7535553,27.2132867,692.9799480,inf,inf
0.1246496,0.1246496,0.2572101,8.9077220,-4.3582520,40.5613606,0.6283547,23.9609189,616.3078977,inf,inf
0.1296496,0.1296496,0.2622101,7.8704678,-4.9775200,36.4833787,0.5204286,21.1234059,548.3124378,inf,inf
0.1346496,0.1346496,0.2672101,6.9032854,-5.5446901,32.9169080,0.4254149,18.6485835,487.9137579,inf,inf
0.1396496,0.1396496,0.2722101,5.9970032,-6.0611670,29.7994185,0.3394593,16.4872094,434.1865929,inf,inf
0.1446496,0.1446496,0.2772101,5.1501148,-6.5261682,27.0745154,0.2590825,14.5902865,386.3341743,inf,inf
0.1496496,0.1496496,0.2822101,4.3656655,-6.9387753,24.6871909,0.1811727,12.9086415,343.6598399,inf,inf
0.1546496,0.1546496,0.2872101,3.6473125,-7.2992601,22.5809696,0.1032233,11.3949200,305.5274111,inf,inf
0.1596496,0.1596496,0.2922101,2.9964913,-7.6095809,20.6975231,0.0236454,10.0079878,271.3281303,inf,inf
0.1646496,0.1646496,0.2972101,2.4115263,-7.8733769,18.9799494,-0.0581450,8.7184329,240.5231028,inf,inf
0.1696496,0.1696496,0.3022101,1.8881914,-8.0957210,17.3804754,-0.1419659,7.5117526,212.7473110,inf,inf
0.1746496,0.1746496,0.3072101,1.4208102,-8.2826824,15.8694278,-0.2273570,6.3862024,187.7943218,inf,inf
0.1796496,0.1796496,0.3122101,1.0032679,-8.4407112,14.4381311,-0.3140979,5.3463872,165.4897099,inf,inf
0.1846496,0.1846496,0.3172101,0.6296950,-8.5760008,13.0920402,-0.4024259,4.3968098,145.6279774,inf,inf
0.1896496,0.1896496,0.3222101,0.2948215,-8.6940736,11.8393517,-0.4928993,3.5383512,127.9823624,1771.6893959,inf
0.1946496,0.1946496,0.3272101,-0.0059334,-8.7997066,10.6827040,-0.5860946,2.7677114,112.3268764,1582.3169993,inf
0.1996496,0.1996496,0.3322101,-0.2765520,-8.8970652,9.6165821,-0.6820949,2.0784160,98.4492308,1412.9327741,inf
0.2046496,0.2046496,0.3372101,-0.5205980,-8.9898594,8.6288816,-0.7800252,1.4621995,86.1557881,1261.3715460,inf
0.2096496,0.2096496,0.3422101,-0.7414104,-9.0814704,7.7045669,-0.8781651,0.9102297,75.2723377,1125.7200741,inf
0.2146496,0.2146496,0.3472101,-0.9422767,-9.1749795,6.8300521,-0.9744346,0.4140579,65.6429662,1004.2838374,inf
0.2196496,0.2196496,0.3522101,-1.1265464,-9.2729083,5.9970148,-1.0668504,-0.0337131,57.1281155,895.5589368,inf
0.2246496,0.2246496,0.3572101,-1.2975695,-9.3767328,5.2041663,-1.1537188,-0.4390915,49.6024600,798.2082123,inf
0.2296496,0.2296496,0.3622101,-1.4583735,-9.4866590,4.4561545,-1.2334295,-0.8067378,42.9530897,711.0408473,inf
0.2346496,0.2346496,0.3672101,-1.6112359,-9.6019862,3.7603178,-1.3041033,-1.1403210,37.0782508,632.9948681,inf
0.2396496,0.2396496,0.3722101,-1.7574925,-9.7217553,3.1231487,-1.3633751,-1.4430043,31.8864739,563.1220587,inf
0.2446496,0.2446496,0.3772101,-1.8977391,-9.8449709,2.5480513,-1.4086303,-1.7178744,27.2956492,500.5748983,inf
0.2496496,0.2496496,0.3822101,-2.0322605,-9.9701104,2.0347819,-1.4378345,-1.9681879,23.2318106,444.5952021,inf
0.2546496,0.2546496,0.3872101,-2.1613444,-10.0945705,1.5800555,-1.4503520,-2.1973429,19.6279588,394.5042012,inf
0.2596496,0.2596496,0.3922101,-2.2852541,-10.2147766,1.1787128,-1.4471233,-2.4085724,16.4235839,349.6938453,inf
0.2646496,0.2646496,0.3972101,-2.4039816,-10.3268637,0.8250567,-1.4302464,-2.6045455,13.5652069,309.6191396,inf
0.2696496,0.2696496,0.4022101,-2.5170758,-10.4273439,0.5139823,-1.4023668,-2.7871584,11.0074806,273.7913244,inf
0.2746496,0.2746496,0.4072101,-2.6236796,-10.5133984,0.2415688,-1.3661746,-2.9576342,8.7138444,241.7716453,inf
0.2796496,0.2796496,0.4122101,-2.7226924,-10.5828606,0.0050868,-1.3241017,-3.1167891,6.6559256,213.1654244,inf
0.2846496,0.2846496,0.4172101,-2.8128945,-10.6341124,-0.1973654,-1.2781909,-3.2652181,4.8116643,187.6163729,1797.3236828
0.2896496,0.2896496,0.4222101,-2.8929261,-10.6660535,-0.3673440,-1.2300735,-3.4033131,3.1628630,164.8016649,1611.2375180
0.2946496,0.2946496,0.4272101,-2.9611649,-10.6781970,-0.5064783,-1.1810051,-3.5312116,1.6930339,144.4287247,1443.8592636
0.2996496,0.2996496,0.4322101,-3.0157209,-10.6708110,-0.6167217,-1.1319232,-3.6487803,0.3860650,126.2341892,1293.3139108
0.3046496,0.3046496,0.4372101,-3.0547300,-10.6449649,-0.7004100,-1.0835087,-3.7556435,-0.7742397,109.9841378,1157.9147762
0.3096496,0.3096496,0.4422101,-3.0768387,-10.6024169,-0.7601587,-1.0362412,-3.8511984,-1.8039835,95.4735847,1036.1444877
0.3146496,0.3146496,0.4472101,-3.0815912,-10.5453859,-0.7986556,-0.9904465,-3.9345738,-2.7186871,82.5237264,926.6377905
0.3196496,0.3196496,0.4522101,-3.0695324,-10.4762947,-0.8183998,-0.9463342,-4.0045637,-3.5327550,70.9772683,828.1653799
0.3246496,0.3246496,0.4572101,-3.0420508,-10.3975519,-0.8214191,-0.9040274,-4.0596711,-4.2590702,60.6935089,739.6172226
0.3296496,0.3296496,0.4622101,-3.0010903,-10.3114005,-0.8090542,-0.8635861,-4.0983604,-4.9087941,51.5446289,659.9847622
0.3346496,0.3346496,0.4672101,-2.9488531,-10.2198326,-0.7819424,-0.8250243,-4.1194480,-5.4913788,43.4135019,588.3465449
0.3396496,0.3396496,0.4722101,-2.8875642,-10.1245556,-0.7402566,-0.7883231,-4.1224403,-6.0147403,36.1925631,523.8665589
0.3446496,0.3446496,0.4772101,-2.8193122,-10.0269934,-0.6840883,-0.7534410,-4.1076765,-6.4854880,29.7831957,465.8062562
0.3496496,0.3496496,0.4822101,-2.7459630,-9.9283063,-0.6137907,-0.7203208,-4.0762645,-6.9091092,24.0953768,413.5317146
0.3546496,0.3546496,0.4872101,-2.6691232,-9.8294224,-0.5301597,-0.6888953,-4.0298849,-7.2900768,19.0475283,366.4981946
0.3596496,0.3596496,0.4922101,-2.5901387,-9.7310705,-0.4344416,-0.6590914,-3.9705539,-7.6319354,14.5665138,324.2217395
0.3646496,0.3646496,0.4972101,-2.5101121,-9.6338124,-0.3282258,-0.6308328,-3.9004100,-7.9374357,10.5876196,286.2581835
0.3696496,0.3696496,0.5022101,-2.4299295,-9.5380727,-0.2132930,-0.6040422,-3.8215519,-8.2087393,7.0542983,252.1949728
0.3746496,0.3746496,0.5072101,-2.3502907,-9.4441646,-0.0914704,-0.5786431,-3.7359330,-8.4476551,3.9175260,221.6499721
0.3796496,0.3796496,0.5122101,-2.2717384,-9.3523111,0.0354807,-0.5545602,-3.6453031,-8.6558403,1.1347932,194.2718561
0.3846496,0.3846496,0.5172101,-2.1946856,-9.2626641,0.1659398,-0.5317210,-3.5511846,-8.8349018,-1.3310999,169.7400280
0.3896496,0.3896496,0.5222101,-2.1194389,-9.1753189,0.2984680,-0.5100556,-3.4548724,-8.9863711,-3.5132162,147.7637705
0.3946496,0.3946496,0.5272101,-2.0462191,-9.0903262,0.4318233,-0.4894971,-3.3574475,-9.1115793,-5.4414376,128.0807409
0.3996496,0.3996496,0.5322101,-1.9751779,-9.0077027,0.5649588,-0.4699821,-3.2597981,-9.2115117,-7.1431094,110.4549324
0.4046496,0.4046496,0.5372101,-1.9064123,-8.9274383,0.6970100,-0.4514505,-3.1626426,-9.2867421,-8.6433754,94.6743003
0.4096496,0.4096496,0.5422101,-1.8399760,-8.8495031,0.8272769,-0.4338453,-3.0665541,-9.3375064,-9.9652885,80.5483595
0.4146496,0.4146496,0.5472101,-1.7758888,-8.7738518,0.9552037,-0.4171130,-2.9719820,-9.3639012,-11.1298127,67.9060380
0.4196496,0.4196496,0.5522101,-1.7141442,-8.7004284,1.0803587,-0.4012031,-2.8792727,-9.3661313,-12.1558051,56.5938954
0.4246496,0.4246496,0.5572101,-1.6547156,-8.6291689,1.2024152,-0.3860683,-2.7886867,-9.3447168,-13.0600077,46.4746211
0.4296496,0.4296496,0.5622101,-1.5975612,-8.5600042,1.3211345,-0.3716638,-2.7004144,-9.3006034,-13.8570438,37.4256436
0.4346496,0.4346496,0.5672101,-1.5426278,-8.4928617,1.4363504,-0.3579481,-2.6145885,-9.2351717,-14.5594335,29.3377181
0.4396496,0.4396496,0.5722101,-1.4898542,-8.4276672,1.5479566,-0.3448818,-2.5312950,-9.1501680,-15.1776629,22.1134563
0.4446496,0.4446496,0.5772101,-1.4391733,-8.3643457,1.6558953,-0.3324281,-2.4505824,-9.0475947,-15.7203545,15.6658519
0.4496496,0.4496496,0.5822101,-1.3905145,-8.3028226,1.7601478,-0.3205528,-2.3724692,-8.9295922,-16.1945455,9.9169056
0.4546496,0.4546496,0.5872101,-1.3438050,-8.2430245,1.8607268,-0.3092233,-2.2969497,-8.7983317,-16.6060358,4.7964377
0.4596496,0.4596496,0.5922101,-1.2989709,-8.1848793,1.9576695,-0.2984095,-2.2239997,-8.6559309,-16.9597326,0.2411242
0.4646496,0.4646496,0.5972101,-1.2559383,-8.1283169,2.0510328,-0.2880830,-2.1535803,-8.5043927,-17.2599206,-3.8062728
0.4696496,0.4696496,0.6022101,-1.2146343,-8.0732695,2.1408882,-0.2782172,-2.0856414,-8.3455665,-17.5104134,-7.3975492
0.4746496,0.4746496,0.6072101,-1.1749870,-8.0196716,2.2273186,-0.2687872,-2.0201244,-8.1811275,-17.7145912,-10.5796362
0.4796496,0.4796496,0.6122101,-1.1369260,-7.9674601,2.3104151,-0.2597694,-1.9569647,-8.0125693,-17.8753739,-13.3951333
0.4846496,0.4846496,0.6172101,-1.1003833,-7.9165745,2.3902745,-0.2511421,-1.8960933,-7.8412061,-17.9952003,-15.8827762
0.4896496,0.4896496,0.6222101,-1.0652926,-7.8669571,2.4669977,-0.2428845,-1.8374384,-7.6681810,-18.0760705,-18.0777987
0.4946496,0.4946496,0.6272101,-1.0315904,-7.8185523,2.5406876,-0.2349773,-1.7809264,-7.4944788,-18.1196659,-20.0121661
0.4996496,0.4996496,0.6322101,-0.9992151,-7.7713075,2.6114482,-0.2274023,-1.7264831,-7.3209394,-18.1275192,-21.7146901
0.5046496,0.5046496,0.6372101,-0.9681078,-7.7251722,2.6793833,-0.2201424,-1.6740345,-7.1482731,-18.1011854,-23.2110761
0.5096496,0.5096496,0.6422101,-0.9382120,-7.6800986,2.7445962,-0.2131817,-1.6235068,-6.9770749,-18.0423720,-24.5239781
0.5146496,0.5146496,0.6472101,-0.9094737,-7.6360408,2.8071882,-0.2065049,-1.5748278,-6.8078387,-17.9530074,-25.6731334
0.5196496,0.5196496,0.6522101,-0.8818412,-7.5929556,2.8672591,-0.2000979,-1.5279264,-6.6409696,-17.8352493,-26.6756172
0.5246496,0.5246496,0.6572101,-0.8552650,-7.5508017,2.9249061,-0.1939472,-1.4827333,-6.4767960,-17.6914476,-27.5462036
0.5296496,0.5296496,0.6622101,-0.8296980,-7.5095398,2.9802239,-0.1880404,-1.4391812,-6.3155803,-17.5240812,-28.2977750
0.5346496,0.5346496,0.6672101,-0.8050954,-7.4691326,3.0333042,-0.1823654,-1.3972048,-6.1575275,-17.3356868,-28.9417046
0.5396496,0.5396496,0.6722101,-0.7814143,-7.4295449,3.0842359,-0.1769111,-1.3567409,-6.0027942,-17.1287905,-29.4881509
0.5446496,0.5446496,0.6772101,-0.7586140,-7.3907429,3.1331049,-0.1716670,-1.3177284,-5.8514953,-16.9058505,-29.9462364
0.5496496,0.5496496,0.6822101,-0.7366556,-7.3526949,3.1799940,-0.1666230,-1.2801088,-5.7037103,-16.6692125,-30.3241187
0.5546496,0.5546496,0.6872101,-0.7155021,-7.3153703,3.2249828,-0.1617699,-1.2438254,-5.5594892,-16.4210784,-30.6289924
0.5596496,0.5596496,0.6922101,-0.6951185,-7.2787406,3.2681479,-0.1570986,-1.2088240,-5.4188566,-16.1634871,-30.8670742
0.5646496,0.5646496,0.6972101,-0.6754711,-7.2427782,3.3095631,-0.1526008,-1.1750524,-5.2818161,-15.8983048,-31.0436241
0.5696496,0.5696496,0.7022101,-0.6565282,-7.2074574,3.3492990,-0.1482685,-1.1424605,-5.1483540,-15.6272227,-31.1630360
0.5746496,0.5746496,0.7072101,-0.6382593,-7.1727533,3.3874232,-0.1440943,-1.1110006,-5.0184418,-15.3517605,-31.2289966
0.5796496,0.5796496,0.7122101,-0.6206358,-7.1386427,3.4240009,-0.1400710,-1.0806266,-4.8920391,-15.0732732,-31.2446891
0.5846496,0.5846496,0.7172101,-0.6036301,-7.1051031,3.4590941,-0.1361920,-1.0512946,-4.7690958,-14.7929614,-31.2130002
0.5896496,0.5896496,0.7222101,-0.5872161,-7.0721135,3.4927625,-0.1324507,-1.0229625,-4.6495539,-14.5118816,-31.1366957
0.5946496,0.5946496,0.7272101,-0.5713689,-7.0396537,3.5250632,-0.1288413,-0.9955902,-4.5333491,-14.2309585,-31.0185436
0.5996496,0.5996496,0.7322101,-0.5560648,-7.0077046,3.5560506,-0.1253580,-0.9691391,-4.4204124,-13.9509965,-30.8613798
0.6046496,0.6046496,0.7372101,-0.5412813,-6.9762479,3.5857770,-0.1219953,-0.9435724,-4.3106709,-13.6726912,-30.6681254
0.6096496,0.6096496,0.7422101,-0.5269970,-6.9452663,3.6142924,-0.1187481,-0.9188550,-4.2040489,-13.3966405,-30.4417692
0.6146496,0.6146496,0.7472101,-0.5131913,-6.9147434,3.6416445,-0.1156115,-0.8949532,-4.1004691,-13.1233549,-30.1853300
0.6196496,0.6196496,0.7522101,-0.4998449,-6.8846635,3.6678790,-0.1125809,-0.8718348,-3.9998527,-12.8532669,-29.9018111
0.6246496,0.6246496,0.7572101,-0.4869390,-6.8550115,3.6930397,-0.1096518,-0.8494691,-3.9021204,-12.5867401,-29.5941555
0.6296496,0.6296496,0.7622101,-0.4744562,-6.8257733,3.7171682,-0.1068201,-0.8278268,-3.8071928,-12.3240768,-29.2652071
0.6346496,0.6346496,0.7672101,-0.4623793,-6.7969353,3.7403046,-0.1040818,-0.8068797,-3.7149908,-12.0655252,-28.9176788
0.6396496,0.6396496,0.7722101,-0.4506925,-6.7684845,3.7624872,-0.1014330,-0.7866010,-3.6254360,-11.8112863,-28.5541309
0.6446496,0.6446496,0.7772101,-0.4393803,-6.7404085,3.7837524,-0.0988702,-0.7669649,-3.5384507,-11.5615192,-28.1769557
0.6496496,0.6496496,0.7822101,-0.4284281,-6.7126957,3.8041352,-0.0963900,-0.7479471,-3.4539587,-11.3163465,-27.7883707
0.6546496,0.6546496,0.7872101,-0.4178219,-6.6853348,3.8236692,-0.0939890,-0.7295239,-3.3718848,-11.0758592,-27.3904156
0.6596496,0.6596496,0.7922101,-0.4075485,-6.6583150,3.8423862,-0.0916642,-0.7116730,-3.2921556,-10.8401201,-26.9849554
0.6646496,0.6646496,0.7972101,-0.3975950,-6.6316261,3.8603170,-0.0894125,-0.6943728,-3.2146989,-10.6091684,-26.5736851
0.6696496,0.6696496,0.8022101,-0.3879493,-6.6052583,3.8774909,-0.0872311,-0.6776028,-3.1394445,-10.3830219,-26.1581378
0.6746496,0.6746496,0.8072101,-0.3785998,-6.5792023,3.8939359,-0.0851174,-0.6613432,-3.0663240,-10.1616808,-25.7396937
0.6796496,0.6796496,0.8122101,-0.3695353,-6.5534491,3.9096790,-0.0830688,-0.6455754,-2.9952706,-9.9451296,-25.3195897
0.6846496,0.6846496,0.8172101,-0.3607454,-6.5279901,3.9247458,-0.0810827,-0.6302813,-2.9262193,-9.7333393,-24.8989302
0.6896496,0.6896496,0.8222101,-0.3522197,-6.5028173,3.9391610,-0.0791569,-0.6154435,-2.8591070,-9.5262698,-24.4786970
0.6946496,0.6946496,0.8272101,-0.3439487,-6.4779227,3.9529482,-0.0772890,-0.6010457,-2.7938727,-9.3238714,-24.0597594
0.6996496,0.6996496,0.8322101,-0.3359229,-6.4532989,3.9661300,-0.0754770,-0.5870719,-2.7304567,-9.1260862,-23.6428842
0.7046496,0.7046496,0.8372101,-0.3281336,-6.4289386,3.9787281,-0.0737188,-0.5735070,-2.6688016,-8.9328496,-23.2287448
0.7096496,0.7096496,0.8422101,-0.3205722,-6.4048351,3.9907633,-0.0720125,-0.5603364,-2.6088516,-8.7440912,-22.8179296
0.7146496,0.7146496,0.8472101,-0.3132306,-6.3809816,4.0022555,-0.0703561,-0.5475463,-2.5505526,-8.5597362,-22.4109506
0.7196496,0.7196496,0.8522101,-0.3061010,-6.3573719,4.0132238,-0.0687478,-0.5351233,-2.4938524,-8.3797061,-22.0082501
0.7246496,0.7246496,0.8572101,-0.2991758,-6.3340000,4.0236866,-0.0671860,-0.5230546,-2.4387003,-8.2039194,-21.6102085
0.7296496,0.7296496,0.8622101,-0.2924480,-6.3108599,4.0336614,-0.0656690,-0.5113278,-2.3850474,-8.0322925,-21.2171498
0.7346496,0.7346496,0.8672101,-0.2859106,-6.2879462,4.0431651,-0.0641952,-0.4999313,-2.3328465,-7.8647401,-20.8293479
0.7396496,0.7396496,0.8722101,-0.2795572,-6.2652534,4.0522139,-0.0627631,-0.4888536,-2.2820517,-7.7011757,-20.4470314
0.7446496,0.7446496,0.8772101,-0.2733812,-6.2427764,4.0608233,-0.0613713,-0.4780840,-2.2326188,-7.5415123,-20.0703890
0.7496496,0.7496496,0.8822101,-0.2673768,-6.2205103,4.0690083,-0.0600184,-0.4676121,-2.1845053,-7.3856624,-19.6995729
0.7546496,0.7546496,0.8872101,-0.2615381,-6.1984503,4.0767833,-0.0587030,-0.4574278,-2.1376697,-7.2335389,-19.3347037
0.7596496,0.7596496,0.8922101,-0.2558595,-6.1765917,4.0841619,-0.0574239,-0.4475214,-2.0920723,-7.0850546,-18.9758731
0.7646496,0.7646496,0.8972101,-0.2503357,-6.1549303,4.0911575,-0.0561798,-0.4378839,-2.0476744,-6.9401233,-18.6231478
0.7696496,0.7696496,0.9022101,-0.2449614,-6.1334618,4.0977828,-0.0549696,-0.4285063,-2.0044391,-6.7986594,-18.2765717
0.7746496,0.7746496,0.9072101,-0.2397318,-6.1121820,4.1040499,-0.0537921,-0.4193801,-1.9623302,-6.6605782,-17.9361691
0.7796496,0.7796496,0.9122101,-0.2346421,-6.0910871,4.1099708,-0.0526463,-0.4104971,-1.9213132,-6.5257963,-17.6019464
0.7846496,0.7846496,0.9172101,-0.2296878,-6.0701733,4.1155566,-0.0515311,-0.4018494,-1.8813545,-6.3942315,-17.2738950
0.7896496,0.7896496,0.9222101,-0.2248644,-6.0494369,4.1208184,-0.0504455,-0.3934295,-1.8424217,-6.2658028,-16.9519923
0.7946496,0.7946496,0.9272101,-0.2201678,-6.0288745,4.1257665,-0.0493886,-0.3852300,-1.8044838,-6.1404309,-16.6362040
0.7996496,0.7996496,0.9322101,-0.2155939,-6.0084826,4.1304111,-0.0483594,-0.3772439,-1.7675103,-6.0180379,-16.3264855
0.8046496,0.8046496,0.9372101,-0.2111387,-5.9882579,4.1347618,-0.0473571,-0.3694645,-1.7314723,-5.8985473,-16.0227830
0.8096496,0.8096496,0.9422101,-0.2067985,-5.9681973,4.1388281,-0.0463807,-0.3618853,-1.6963416,-5.7818844,-15.7250351
0.8146496,0.8146496,0.9472101,-0.2025698,-5.9482977,4.1426189,-0.0454295,-0.3545000,-1.6620909,-5.6679760,-15.4331735
0.8196496,0.8196496,0.9522101,-0.1984490,-5.9285563,4.1461430,-0.0445027,-0.3473026,-1.6286940,-5.5567506,-15.1471243
0.8246496,0.8246496,0.9572101,-0.1944327,-5.9089701,4.1494086,-0.0435995,-0.3402873,-1.5961256,-5.4481385,-14.8668088
0.8296496,0.8296496,0.9622101,-0.1905178,-5.8895364,4.1524239,-0.0427192,-0.3334485,-1.5643611,-5.3420713,-14.5921440
0.8346496,0.8346496,0.9672101,-0.1867012,-5.8702525,4.1551966,-0.0418610,-0.3267808,-1.5333769,-5.2384827,-14.3230437
0.8396496,0.8396496,0.9722101,-0.1829797,-5.8511159,4.1577342,-0.0410244,-0.3202790,-1.5031500,-5.1373077,-14.0594189
0.8446496,0.8446496,0.9772101,-0.1793506,-5.8321241,4.1600439,-0.0402086,-0.3139381,-1.4736583,-5.0384830,-13.8011783
0.8496496,0.8496496,0.9822101,-0.1758111,-5.8132746,4.1621328,-0.0394130,-0.3077532,-1.4448805,-4.9419471,-13.5482290
0.8546496,0.8546496,0.9872101,-0.1723585,-5.7945652,4.1640076,-0.0386369,-0.3017198,-1.4167959,-4.8476399,-13.3004768
0.8596496,0.8596496,0.9922101,-0.1689901,-5.7759935,4.1656747,-0.0378799,-0.2958332,-1.3893845,-4.7555031,-13.0578266
0.8646496,0.8646496,0.9972101,-0.1657035,-5.7575574,4.1671404,-0.0371414,-0.2900892,-1.3626270,-4.6654796,-12.8201825
0.8696496,0.8696496,1.0022101,-0.1624963,-5.7392548,4.1684109,-0.0364207,-0.2844837,-1.3365048,-4.5775142,-12.5874488
0.8746496,0.8746496,1.0072101,-0.1593661,-5.7210835,4.1694918,-0.0357174,-0.2790124,-1.3109998,-4.4915530,-12.3595295
0.8796496,0.8796496,1.0122101,-0.1563108,-5.7030417,4.1703890,-0.0350310,-0.2736716,-1.2860945,-4.4075435,-12.1363289
0.8846496,0.8846496,1.0172101,-0.1533280,-5.6851273,4.1711077,-0.0343609,-0.2684575,-1.2617720,-4.3254348,-11.9177518
0.8896496,0.8896496,1.0222101,-0.1504159,-5.6673384,4.1716535,-0.0337068,-0.2633664,-1.2380160,-4.2451774,-11.7037037
0.8946496,0.8946496,1.0272101,-0.1475722,-5.6496734,4.1720312,-0.0330680,-0.2583948,-1.2148108,-4.1667230,-11.4940907
0.8996496,0.8996496,1.0322101,-0.1447951,-5.6321303,4.1722459,-0.0324443,-0.2535394,-1.1921409,-4.0900248,-11.2888200
0.9046496,0.9046496,1.0372101,-0.1420827,-5.6147074,4.1723022,-0.0318351,-0.2487968,-1.1699916,-4.0150372,-11.0877997
0.9096496,0.9096496,1.0422101,-0.1394331,-5.5974031,4.1722050,-0.0312401,-0.2441639,-1.1483486,-3.9417161,-10.8909394
0.9146496,0.9146496,1.0472101,-0.1368446,-5.5802158,4.1719585,-0.0306589,-0.2396376,-1.1271980,-3.8700183,-10.6981494
0.9196496,0.9196496,1.0522101,-0.1343156,-5.5631438,4.1715671,-0.0300910,-0.2352149,-1.1065264,-3.7999020,-10.5093418
0.9246496,0.9246496,1.0572101,-0.1318442,-5.5461856,4.1710350,-0.0295361,-0.2308930,-1.0863207,-3.7313266,-10.3244298
0.9296496,0.9296496,1.0622101,-0.1294290,-5.5293397,4.1703663,-0.0289939,-0.2266691,-1.0665684,-3.6642525,-10.1433280
0.9346496,0.9346496,1.0672101,-0.1270684,-5.5126046,4.1695648,-0.0284640,-0.2225405,-1.0472573,-3.5986415,-9.9659527
0.9396496,0.9396496,1.0722101,-0.1247609,-5.4959790,4.1686343,-0.0279460,-0.2185046,-1.0283756,-3.5344562,-9.7922214
0.9446496,0.9446496,1.0772101,-0.1225051,-5.4794614,4.1675785,-0.0274396,-0.2145589,-1.0099118,-3.4716603,-9.6220533
0.9496496,0.9496496,1.0822101,-0.1202995,-5.4630505,4.1664010,-0.0269446,-0.2107010,-0.9918549,-3.4102186,-9.4553690
0.9546496,0.9546496,1.0872101,-0.1181429,-5.4467449,4.1651052,-0.0264606,-0.2069285,-0.9741940,-3.3500970,-9.2920908
0.9596496,0.9596496,1.0922101,-0.1160338,-5.4305434,4.1636945,-0.0259872,-0.2032391,-0.9569189,-3.2912620,-9.1321425
0.9646496,0.9646496,1.0972101,-0.1139711,-5.4144448,4.1621720,-0.0255243,-0.1996307,-0.9400193,-3.2336815,-8.9754494
0.9696496,0.9696496,1.1022101,-0.1119536,-5.3984477,4.1605410,-0.0250716,-0.1961010,-0.9234856,-3.1773239,-8.8219384
0.9746496,0.9746496,1.1072101,-0.1099799,-5.3825510,4.1588044,-0.0246287,-0.1926481,-0.9073082,-3.1221589,-8.6715379
0.9796496,0.9796496,1.1122101,-0.1080490,-5.3667535,4.1569652,-0.0241955,-0.1892699,-0.8914779,-3.0681565,-8.5241778
0.9846496,0.9846496,1.1172101,-0.1061597,-5.3510541,4.1550264,-0.0237716,-0.1859644,-0.8759859,-3.0152882,-8.3797897
0.9896496,0.9896496,1.1222101,-0.1043111,-5.3354517,4.1529905,-0.0233568,-0.1827298,-0.8608234,-2.9635257,-8.2383065
0.9946496,0.9946496,1.1272101,-0.1025019,-5.3199452,4.1508605,-0.0229510,-0.1795642,-0.8459820,-2.9128419,-8.0996626
0.9996496,0.9996496,1.1322101,-0.1007313,-5.3045334,4.1486388,-0.0225538,-0.1764659,-0.8314537,-2.8632102,-7.9637942
1.0046496,1.0046496,1.1372101,-0.0989981,-5.2892155,4.1463279,-0.0221650,-0.1734331,-0.8172305,-2.8146049,-7.8306384
1.0096496,1.0096496,1.1422101,-0.0973016,-5.2739903,4.1439305,-0.0217844,-0.1704642,-0.8033047,-2.7670011,-7.7001343
1.0146496,1.0146496,1.1472101,-0.0956406,-5.2588568,4.1414488,-0.0214119,-0.1675576,-0.7896689,-2.7203742,-7.5722219
1.0196496,1.0196496,1.1522101,-0.0940144,-5.2438142,4.1388852,-0.0210472,-0.1647117,-0.7763159,-2.6747008,-7.4468430
1.0246496,1.0246496,1.1572101,-0.0924221,-5.2288613,4.1362419,-0.0206900,-0.1619250,-0.7632387,-2.6299577,-7.3239406
1.0296496,1.0296496,1.1622101,-0.0908627,-5.2139974,4.1335211,-0.0203403,-0.1591959,-0.7504304,-2.5861225,-7.2034589
1.0346496,1.0346496,1.1672101,-0.0893356,-5.1992214,4.1307250,-0.0199979,-0.1565231,-0.7378845,-2.5431736,-7.0853436
1.0396496,1.0396496,1.1722101,-0.0878398,-5.1845325,4.1278556,-0.0196624,-0.1539052,-0.7255945,-2.5010898,-6.9695416
1.0446496,1.0446496,1.1772101,-0.0863747,-5.1699298,4.1249149,-0.0193339,-0.1513408,-0.7135541,-2.4598504,-6.8560011
1.0496496,1.0496496,1.1822101,-0.0849394,-5.1554124,4.1219049,-0.0190121,-0.1488286,-0.7017573,-2.4194354,-6.7446716
1.0546496,1.0546496,1.1872101,-0.0835333,-5.1409794,4.1188275,-0.0186968,-0.1463673,-0.6901983,-2.3798254,-6.6355036
1.0596496,1.0596496,1.1922101,-0.0821556,-5.1266301,4.1156845,-0.0183879,-0.1439558,-0.6788713,-2.3410014,-6.5284489
1.0646496,1.0646496,1.1972101,-0.0808056,-5.1123637,4.1124777,-0.0180853,-0.1415927,-0.6677707,-2.3029450,-6.4234606
1.0696496,1.0696496,1.2022101,-0.0794827,-5.0981793,4.1092090,-0.0177887,-0.1392769,-0.6568911,-2.2656381,-6.3204926
1.0746496,1.0746496,1.2072101,-0.0781862,-5.0840761,4.1058798,-0.0174980,-0.1370074,-0.6462273,-2.2290634,-6.2195003
1.0796496,1.0796496,1.2122101,-0.0769155,-5.0700534,4.1024920,-0.0172132,-0.1347829,-0.6357742,-2.1932039,-6.1204398
1.0846496,1.0846496,1.2172101,-0.0756700,-5.0561104,4.0990472,-0.0169340,-0.1326024,-0.6255268,-2.1580430,-6.0232686
1.0896496,1.0896496,1.2222101,-0.0744491,-5.0422464,4.0955468,-0.0166603,-0.1304649,-0.6154803,-2.1235646,-5.9279449
1.0946496,1.0946496,1.2272101,-0.0732521,-5.0284606,4.0919924,-0.0163920,-0.1283693,-0.6056299,-2.0897531,-5.8344282
1.0996496,1.0996496,1.2322101,-0.0720786,-5.0147524,4.0883856,-0.0161290,-0.1263148,-0.5959711,-2.0565931,-5.7426789
1.1046496,1.1046496,1.2372101,-0.0709280,-5.0011209,4.0847277,-0.0158711,-0.1243002,-0.5864995,-2.0240699,-5.6526581
1.1096496,1.1096496,1.2422101,-0.0697997,-4.9875656,4.0810202,-0.0156182,-0.1223247,-0.5772108,-1.9921689,-5.5643283
1.1146496,1.1146496,1.2472101,-0.0686932,-4.9740857,4.0772643,-0.0153703,-0.1203874,-0.5681007,-1.9608762,-5.4776524
1.1196496,1.1196496,1.2522101,-0.0676081,-4.9606806,4.0734616,-0.0151271,-0.1184874,-0.5591651,-1.9301779,-5.3925947
1.1246496,1.1246496,1.2572101,-0.0665438,-4.9473496,4.0696131,-0.0148886,-0.1166239,-0.5504001,-1.9000607,-5.3091199
1.1296496,1.1296496,1.2622101,-0.0654998,-4.9340920,4.0657203,-0.0146546,-0.1147959,-0.5418017,-1.8705116,-5.2271939
1.1346496,1.1346496,1.2672101,-0.0644758,-4.9209072,4.0617844,-0.0144252,-0.1130028,-0.5333663,-1.8415179,-5.1467833
1.1396496,1.1396496,1.2722101,-0.0634712,-4.9077946,4.0578065,-0.0142001,-0.1112436,-0.5250901,-1.8130673,-5.0678554
1.1446496,1.1446496,1.2772101,-0.0624856,-4.8947536,4.0537878,-0.0139792,-0.1095177,-0.5169695,-1.7851478,-4.9903785
1.1496496,1.1496496,1.2822101,-0.0615185,-4.8817835,4.0497295,-0.0137626,-0.1078242,-0.5090012,-1.7577475,-4.9143214
1.1546496,1.1546496,1.2872101,-0.0605697,-4.8688837,4.0456327,-0.0135500,-0.1061626,-0.5011816,-1.7308552,-4.8396539
1.1596496,1.1596496,1.2922101,-0.0596385,-4.8560537,4.0414984,-0.0133414,-0.1045319,-0.4935074,-1.7044596,-4.7663464
1.1646496,1.1646496,1.2972101,-0.0587247,-4.8432929,4.0373277,-0.0131366,-0.1029317,-0.4859756,-1.6785500,-4.6943700
1.1696496,1.1696496,1.3022101,-0.0578279,-4.8306006,4.0331217,-0.0129357,-0.1013611,-0.4785828,-1.6531157,-4.6236965
1.1746496,1.1746496,1.3072101,-0.0569477,-4.8179764,4.0288814,-0.0127386,-0.0998195,-0.4713262,-1.6281464,-4.5542984
1.1796496,1.1796496,1.3122101,-0.0560837,-4.8054196,4.0246077,-0.0125450,-0.0983063,-0.4642026,-1.6036320,-4.4861488
1.1846496,1.1846496,1.3172101,-0.0552356,-4.7929297,4.0203016,-0.0123550,-0.0968209,-0.4572092,-1.5795629,-4.4192216
1.1896496,1.1896496,1.3222101,-0.0544030,-4.7805061,4.0159640,-0.0121685,-0.0953627,-0.4503432,-1.5559294,-4.3534912
1.1946496,1.1946496,1.3272101,-0.0535856,-4.7681484,4.0115958,-0.0119854,-0.0939310,-0.4436018,-1.5327222,-4.2889324
1.1996496,1.1996496,1.3322101,-0.0527830,-4.7558559,4.0071980,-0.0118057,-0.0925253,-0.4369824,-1.5099322,-4.2255211
1.2046496,1.2046496,1.3372101,-0.0519950,-4.7436283,4.0027713,-0.0116292,-0.0911451,-0.4304822,-1.4875505,-4.1632332
1.2096496,1.2096496,1.3422101,-0.0512212,-4.7314648,3.9983167,-0.0114559,-0.0897897,-0.4240988,-1.4655686,-4.1020456
1.2146496,1.2146496,1.3472101,-0.0504613,-4.7193651,3.9938350,-0.0112857,-0.0884587,-0.4178297,-1.4439779,-4.0419356
1.2196496,1.2196496,1.3522101,-0.0497150,-4.7073286,3.9893269,-0.0111185,-0.0871515,-0.4116725,-1.4227704,-3.9828809
1.2246496,1.2246496,1.3572101,-0.0489821,-4.6953549,3.9847933,-0.0109544,-0.0858677,-0.4056247,-1.4019378,-3.9248599
1.2296496,1.2296496,1.3622101,-0.0482622,-4.6834434,3.9802349,-0.0107932,-0.0846067,-0.3996841,-1.3814724,-3.8678514
1.2346496,1.2346496,1.3672101,-0.0475551,-4.6715937,3.9756525,-0.0106348,-0.0833680,-0.3938484,-1.3613666,-3.8118349
1.2396496,1.2396496,1.3722101,-0.0468605,-4.6598052,3.9710468,-0.0104793,-0.0821512,-0.3881154,-1.3416129,-3.7567900
1.2446496,1.2446496,1.3772101,-0.0461781,-4.6480776,3.9664186,-0.0103265,-0.0809559,-0.3824831,-1.3222041,-3.7026971
1.2496496,1.2496496,1.3822101,-0.0455077,-4.6364102,3.9617684,-0.0101764,-0.0797815,-0.3769492,-1.3031329,-3.6495369
1.2546496,1.2546496,1.3872101,-0.0448490,-4.6248028,3.9570971,-0.0100289,-0.0786277,-0.3715118,-1.2843925,-3.5972906
1.2596496,1.2596496,1.3922101,-0.0442019,-4.6132548,3.9524053,-0.0098840,-0.0774939,-0.3661688,-1.2659762,-3.5459398
1.2646496,1.2646496,1.3972101,-0.0435660,-4.6017657,3.9476936,-0.0097416,-0.0763799,-0.3609184,-1.2478773,-3.4954666
1.2696496,1.2696496,1.4022101,-0.0429411,-4.5903352,3.9429626,-0.0096017,-0.0752852,-0.3557586,-1.2300893,-3.4458534
1.2746496,1.2746496,1.4072101,-0.0423270,-4.5789627,3.9382131,-0.0094642,-0.0742093,-0.3506876,-1.2126060,-3.3970830
1.2796496,1.2796496,1.4122101,-0.0417235,-4.5676479,3.9334455,-0.0093291,-0.0731520,-0.3457036,-1.1954212,-3.3491387
1.2846496,1.2846496,1.4172101,-0.0411304,-4.5563903,3.9286606,-0.0091963,-0.0721128,-0.3408048,-1.1785289,-3.3020041
1.2896496,1.2896496,1.4222101,-0.0405473,-4.5451895,3.9238588,-0.0090658,-0.0710914,-0.3359894,-1.1619232,-3.2556633
1.2946496,1.2946496,1.4272101,-0.0399743,-4.5340451,3.9190407,-0.0089375,-0.0700874,-0.3312559,-1.1455984,-3.2101005
1.2996496,1.2996496,1.4322101,-0.0394110,-4.5229566,3.9142070,-0.0088114,-0.0691004,-0.3266025,-1.1295489,-3.1653005
1.3046496,1.3046496,1.4372101,-0.0388572,-4.5119236,3.9093581,-0.0086874,-0.0681302,-0.3220277,-1.1137693,-3.1212483
1.3096496,1.3096496,1.4422101,-0.0383128,-4.5009458,3.9044946,-0.0085656,-0.0671763,-0.3175299,-1.0982541,-3.0779293
1.3146496,1.3146496,1.4472101,-0.0377776,-4.4900227,3.8996169,-0.0084457,-0.0662385,-0.3131076,-1.0829982,-3.0353293
1.3196496,1.3196496,1.4522101,-0.0372513,-4.4791539,3.8947257,-0.0083279,-0.0653164,-0.3087592,-1.0679965,-2.9934342
1.3246496,1.3246496,1.4572101,-0.0367339,-4.4683391,3.8898213,-0.0082121,-0.0644097,-0.3044833,-1.0532440,-2.9522305
1.3296496,1.3296496,1.4622101,-0.0362250,-4.4575778,3.8849044,-0.0080982,-0.0635182,-0.3002785,-1.0387357,-2.9117047
1.3346496,1.3346496,1.4672101,-0.0357247,-4.4468697,3.8799753,-0.0079862,-0.0626415,-0.2961434,-1.0244670,-2.8718438
1.3396496,1.3396496,1.4722101,-0.0352326,-4.4362143,3.8750345,-0.0078761,-0.0617793,-0.2920767,-1.0104332,-2.8326351
1.3446496,1.3446496,1.4772101,-0.0347487,-4.4256113,3.8700825,-0.0077678,-0.0609313,-0.2880769,-0.9966298,-2.7940660
1.3496496,1.3496496,1.4822101,-0.0342728,-4.4150604,3.8651197,-0.0076613,-0.0600973,-0.2841428,-0.9830522,-2.7561243
1.3546496,1.3546496,1.4872101,-0.0338047,-4.4045611,3.8601466,-0.0075565,-0.0592771,-0.2802731,-0.9696962,-2.7187981
1.3596496,1.3596496,1.4922101,-0.0333442,-4.3941130,3.8551636,-0.0074535,-0.0584702,-0.2764667,-0.9565575,-2.6820758
1.3646496,1.3646496,1.4972101,-0.0328913,-4.3837159,3.8501710,-0.0073521,-0.0576765,-0.2727222,-0.9436319,-2.6459458
1.3696496,1.3696496,1.5022101,-0.0324458,-4.3733694,3.8451694,-0.0072524,-0.0568957,-0.2690384,-0.9309154,-2.6103970
1.3746496,1.3746496,1.5072101,-0.0320074,-4.3630730,3.8401590,-0.0071543,-0.0561276,-0.2654143,-0.9184040,-2.5754184
1.3796496,1.3796496,1.5122101,-0.0315762,-4.3528265,3.8351404,-0.0070578,-0.0553720,-0.2618487,-0.9060938,-2.5409995
1.3846496,1.3846496,1.5172101,-0.0311520,-4.3426295,3.8301138,-0.0069629,-0.0546285,-0.2583404,-0.8939811,-2.5071296
1.3896496,1.3896496,1.5222101,-0.0307345,-4.3324816,3.8250797,-0.0068695,-0.0538969,-0.2548884,-0.8820620,-2.4737985
1.3946496,1.3946496,1.5272101,-0.0303238,-4.3223825,3.8200384,-0.0067776,-0.0531771,-0.2514916,-0.8703329,-2.4409963
1.3996496,1.3996496,1.5322101,-0.0299197,-4.3123319,3.8149903,-0.0066871,-0.0524689,-0.2481490,-0.8587904,-2.4087130
1.4046496,1.4046496,1.5372101,-0.0295220,-4.3023294,3.8099357,-0.0065982,-0.0517719,-0.2448596,-0.8474309,-2.3769392
1.4096496,1.4096496,1.5422101,-0.0291306,-4.2923747,3.8048749,-0.0065106,-0.0510860,-0.2416223,-0.8362510,-2.3456653
1.4146496,1.4146496,1.5472101,-0.0287454,-4.2824675,3.7998084,-0.0064244,-0.0504109,-0.2384363,-0.8252473,-2.3148822
1.4196496,1.4196496,1.5522101,-0.0283664,-4.2726074,3.7947364,-0.0063396,-0.0497466,-0.2353005,-0.8144167,-2.2845809
1.4246496,1.4246496,1.5572101,-0.0279933,-4.2627941,3.7896592,-0.0062561,-0.0490927,-0.2322140,-0.8037559,-2.2547526
1.4296496,1.4296496,1.5622101,-0.0276260,-4.2530274,3.7845772,-0.0061740,-0.0484491,-0.2291759,-0.7932617,-2.2253886
1.4346496,1.4346496,1.5672101,-0.0272646,-4.2433067,3.7794907,-0.0060931,-0.0478156,-0.2261853,-0.7829313,-2.1964805
1.4396496,1.4396496,1.5722101,-0.0269088,-4.2336320,3.7743999,-0.0060135,-0.0471920,-0.2232413,-0.7727614,-2.1680201
1.4446496,1.4446496,1.5772101,-0.0265585,-4.2240028,3.7693053,-0.0059351,-0.0465781,-0.2203431,-0.7627493,-2.1399991
1.4496496,1.4496496,1.5822101,-0.0262137,-4.2144188,3.7642070,-0.0058580,-0.0459737,-0.2174899,-0.7528920,-2.1124097
1.4546496,1.4546496,1.5872101,-0.0258743,-4.2048797,3.7591053,-0.0057820,-0.0453787,-0.2146808,-0.7431868,-2.0852441
1.4596496,1.4596496,1.5922101,-0.0255401,-4.1953853,3.7540006,-0.0057073,-0.0447930,-0.2119151,-0.7336308,-2.0584948
1.4646496,1.4646496,1.5972101,-0.0252110,-4.1859352,3.7488930,-0.0056337,-0.0442162,-0.2091919,-0.7242215,-2.0321541
1.4696496,1.4696496,1.6022101,-0.0248870,-4.1765291,3.7437829,-0.0055612,-0.0436483,-0.2065104,-0.7149561,-2.0062150
1.4746496,1.4746496,1.6072101,-0.0245680,-4.1671667,3.7386706,-0.0054898,-0.0430892,-0.2038700,-0.7058321,-1.9806701
1.4796496,1.4796496,1.6122101,-0.0242539,-4.1578478,3.7335562,-0.0054196,-0.0425386,-0.2012699,-0.6968470,-1.9555126
1.4846496,1.4846496,1.6172101,-0.0239446,-4.1485719,3.7284400,-0.0053504,-0.0419963,-0.1987093,-0.6879982,-1.9307355
1.4896496,1.4896496,1.6222101,-0.0236399,-4.1393390,3.7233223,-0.0052822,-0.0414624,-0.1961876,-0.6792834,-1.9063321
1.4946496,1.4946496,1.6272101,-0.0233399,-4.1301486,3.7182034,-0.0052151,-0.0409365,-0.1937041,-0.6707002,-1.8822959
1.4996496,1.4996496,1.6322101,-0.0230445,-4.1210005,3.7130833,-0.0051491,-0.0404186,-0.1912581,-0.6622462,-1.8586204
1.5046496,1.5046496,1.6372101,-0.0227535,-4.1118943,3.7079625,-0.0050840,-0.0399085,-0.1888489,-0.6539193,-1.8352993
1.5096496,1.5096496,1.6422101,-0.0224669,-4.1028299,3.7028410,-0.0050199,-0.0394061,-0.1864759,-0.6457170,-1.8123264
1.5146496,1.5146496,1.6472101,-0.0221845,-4.0938070,3.6977192,-0.0049567,-0.0389112,-0.1841384,-0.6376374,-1.7896955
1.5196496,1.5196496,1.6522101,-0.0219065,-4.0848252,3.6925972,-0.0048945,-0.0384237,-0.1818358,-0.6296781,-1.7674009
1.5246496,1.5246496,1.6572101,-0.0216325,-4.0758843,3.6874752,-0.0048333,-0.0379435,-0.1795676,-0.6218372,-1.7454366
1.5296496,1.5296496,1.6622101,-0.0213627,-4.0669840,3.6823535,-0.0047729,-0.0374705,-0.1773331,-0.6141125,-1.7237969
1.5346496,1.5346496,1.6672101,-0.0210969,-4.0581241,3.6772323,-0.0047135,-0.0370045,-0.1751316,-0.6065021,-1.7024763
1.5396496,1.5396496,1.6722101,-0.0208350,-4.0493042,3.6721117,-0.0046549,-0.0365454,-0.1729628,-0.5990040,-1.6814692
1.5446496,1.5446496,1.6772101,-0.0205770,-4.0405242,3.6669920,-0.0045972,-0.0360931,-0.1708259,-0.5916161,-1.6607703
1.5496496,1.5496496,1.6822101,-0.0203227,-4.0317838,3.6618733,-0.0045403,-0.0356474,-0.1687205,-0.5843368,-1.6403742
1.5546496,1.5546496,1.6872101,-0.0200723,-4.0230827,3.6567559,-0.0044843,-0.0352083,-0.1666459,-0.5771640,-1.6202759
1.5596496,1.5596496,1.6922101,-0.0198255,-4.0144206,3.6516399,-0.0044291,-0.0347757,-0.1646018,-0.5700959,-1.6004703
1.5646496,1.5646496,1.6972101,-0.0195823,-4.0057973,3.6465254,-0.0043747,-0.0343493,-0.1625874,-0.5631308,-1.5809524
1.5696496,1.5696496,1.7022101,-0.0193427,-3.9972126,3.6414128,-0.0043212,-0.0339292,-0.1606024,-0.5562670,-1.5617172
1.5746496,1.5746496,1.7072101,-0.0191065,-3.9886662,3.6363020,-0.0042684,-0.0335153,-0.1586463,-0.5495026,-1.5427601
1.5796496,1.5796496,1.7122101,-0.0188738,-3.9801578,3.6311934,-0.0042163,-0.0331073,-0.1567185,-0.5428361,-1.5240764
1.5846496,1.5846496,1.7172101,-0.0186445,-3.9716872,3.6260871,-0.0041650,-0.0327052,-0.1548185,-0.5362657,-1.5056614
1.5896496,1.5896496,1.7222101,-0.0184185,-3.9632542,3.6209831,-0.0041145,-0.0323089,-0.1529460,-0.5297898,-1.4875107
1.5946496,1.5946496,1.7272101,-0.0181957,-3.9548585,3.6158818,-0.0040647,-0.0319184,-0.1511003,-0.5234069,-1.4696199
1.5996496,1.5996496,1.7322101,-0.0179761,-3.9464998,3.6107832,-0.0040156,-0.0315335,-0.1492812,-0.5171154,-1.4519845
1.6046496,1.6046496,1.7372101,-0.0177597,-3.9381780,3.6056876,-0.0039672,-0.0311540,-0.1474881,-0.5109138,-1.4346004
1.6096496,1.6096496,1.7422101,-0.0175464,-3.9298928,3.6005949,-0.0039195,-0.0307801,-0.1457206,-0.5048005,-1.4174633
1.6146496,1.6146496,1.7472101,-0.0173362,-3.9216440,3.5955055,-0.0038725,-0.0304114,-0.1439783,-0.4987741,-1.4005693
1.6196496,1.6196496,1.7522101,-0.0171289,-3.9134313,3.5904194,-0.0038262,-0.0300480,-0.1422607,-0.4928332,-1.3839142
1.6246496,1.6246496,1.7572101,-0.0169246,-3.9052545,3.5853368,-0.0037805,-0.0296898,-0.1405675,-0.4869764,-1.3674942
1.6296496,1.6296496,1.7622101,-0.0167232,-3.8971133,3.5802578,-0.0037354,-0.0293366,-0.1388982,-0.4812022,-1.3513053
1.6346496,1.6346496,1.7672101,-0.0165246,-3.8890076,3.5751825,-0.0036910,-0.0289884,-0.1372525,-0.4755093,-1.3353439
1.6396496,1.6396496,1.7722101,-0.0163288,-3.8809372,3.5701112,-0.0036473,-0.0286452,-0.1356299,-0.4698964,-1.3196061
1.6446496,1.6446496,1.7772101,-0.0161358,-3.8729017,3.5650438,-0.0036041,-0.0283067,-0.1340301,-0.4643621,-1.3040883
1.6496496,1.6496496,1.7822101,-0.0159455,-3.8649010,3.5599805,-0.0035616,-0.0279731,-0.1324528,-0.4589052,-1.2887870
1.6546496,1.6546496,1.7872101,-0.0157578,-3.8569348,3.5549215,-0.0035196,-0.0276440,-0.1308974,-0.4535244,-1.2736986
1.6596496,1.6596496,1.7922101,-0.0155728,-3.8490030,3.5498669,-0.0034783,-0.0273196,-0.1293638,-0.4482185,-1.2588197
1.6646496,1.6646496,1.7972101,-0.0153904,-3.8411053,3.5448168,-0.0034375,-0.0269997,-0.1278515,-0.4429862,-1.2441469
1.6696496,1.6696496,1.8022101,-0.0152105,-3.8332415,3.5397713,-0.0033973,-0.0266843,-0.1263601,-0.4378265,-1.2296768
1.6746496,1.6746496,1.8072101,-0.0150331,-3.8254114,3.5347305,-0.0033576,-0.0263732,-0.1248894,-0.4327380,-1.2154063
1.6796496,1.6796496,1.8122101,-0.0148581,-3.8176148,3.5296945,-0.0033185,-0.0260664,-0.1234390,-0.4277196,-1.2013321
1.6846496,1.6846496,1.8172101,-0.0146856,-3.8098515,3.5246635,-0.0032799,-0.0257639,-0.1220087,-0.4227703,-1.1874511
1.6896496,1.6896496,1.8222101,-0.0145154,-3.8021212,3.5196375,-0.0032419,-0.0254655,-0.1205979,-0.4178890,-1.1737602
1.6946496,1.6946496,1.8272101,-0.0143476,-3.7944237,3.5146167,-0.0032044,-0.0251713,-0.1192065,-0.4130744,-1.1602563
1.6996496,1.6996496,1.8322101,-0.0141821,-3.7867589,3.5096011,-0.0031674,-0.0248810,-0.1178342,-0.4083256,-1.1469365
1.7046496,1.7046496,1.8372101,-0.0140188,-3.7791266,3.5045909,-0.0031309,-0.0245948,-0.1164806,-0.4036416,-1.1337979
1.7096496,1.7096496,1.8422101,-0.0138578,-3.7715265,3.4995861,-0.0030949,-0.0243124,-0.1151454,-0.3990212,-1.1208376
1.7146496,1.7146496,1.8472101,-0.0136990,-3.7639584,3.4945868,-0.0030594,-0.0240339,-0.1138284,-0.3944635,-1.1080528
1.7196496,1.7196496,1.8522101,-0.0135423,-3.7564222,3.4895932,-0.0030244,-0.0237591,-0.1125293,-0.3899676,-1.0954407
1.7246496,1.7246496,1.8572101,-0.0133878,-3.7489176,3.4846053,-0.0029898,-0.0234881,-0.1112477,-0.3855323,-1.0829987
1.7296496,1.7296496,1.8622101,-0.0132353,-3.7414445,3.4796233,-0.0029557,-0.0232208,-0.1099834,-0.3811569,-1.0707240
1.7346496,1.7346496,1.8672101,-0.0130849,-3.7340026,3.4746471,-0.0029221,-0.0229571,-0.1087362,-0.3768403,-1.0586141
1.7396496,1.7396496,1.8722101,-0.0129365,-3.7265918,3.4696769,-0.0028890,-0.0226969,-0.1075057,-0.3725815,-1.0466663
1.7446496,1.7446496,1.8772101,-0.0127902,-3.7192119,3.4647128,-0.0028562,-0.0224402,-0.1062917,-0.3683798,-1.0348782
1.7496496,1.7496496,1.8822101,-0.0126457,-3.7118627,3.4597549,-0.0028240,-0.0221869,-0.1050939,-0.3642343,-1.0232473
1.7546496,1.7546496,1.8872101,-0.0125033,-3.7045439,3.4548031,-0.0027921,-0.0219371,-0.1039122,-0.3601440,-1.0117711
1.7596496,1.7596496,1.8922101,-0.0123627,-3.6972555,3.4498577,-0.0027607,-0.0216905,-0.1027462,-0.3561080,-1.0004473
1.7646496,1.7646496,1.8972101,-0.0122240,-3.6899972,3.4449187,-0.0027297,-0.0214473,-0.1015956,-0.3521257,-0.9892734
1.7696496,1.7696496,1.9022101,-0.0120871,-3.6827688,3.4399861,-0.0026991,-0.0212073,-0.1004604,-0.3481961,-0.9782473
1.7746496,1.7746496,1.9072101,-0.0119521,-3.6755702,3.4350601,-0.0026689,-0.0209704,-0.0993402,-0.3443183,-0.9673665
1.7796496,1.7796496,1.9122101,-0.0118188,-3.6684011,3.4301406,-0.0026392,-0.0207367,-0.0982347,-0.3404918,-0.9566290
1.7846496,1.7846496,1.9172101,-0.0116873,-3.6612614,3.4252278,-0.0026098,-0.0205061,-0.0971438,-0.3367155,-0.9460325
1.7896496,1.7896496,1.9222101,-0.0115575,-3.6541510,3.4203218,-0.0025808,-0.0202785,-0.0960673,-0.3329888,-0.9355749
1.7946496,1.7946496,1.9272101,-0.0114295,-3.6470696,3.4154226,-0.0025521,-0.0200540,-0.0950049,-0.3293110,-0.9252540
1.7996496,1.7996496,1.9322101,-0.0113031,-3.6400170,3.4105302,-0.0025239,-0.0198323,-0.0939564,-0.3256812,-0.9150677
1.8046496,1.8046496,1.9372101,-0.0111784,-3.6329932,3.4056448,-0.0024960,-0.0196136,-0.0929216,-0.3220988,-0.9050142
1.8096496,1.8096496,1.9422101,-0.0110553,-3.6259978,3.4007664,-0.0024685,-0.0193977,-0.0919003,-0.3185629,-0.8950912
1.8146496,1.8146496,1.9472101,-0.0109338,-3.6190308,3.3958950,-0.0024414,-0.0191846,-0.0908922,-0.3150730,-0.8852969
1.8196496,1.8196496,1.9522101,-0.0108139,-3.6120920,3.3910307,-0.0024146,-0.0189743,-0.0898973,-0.3116284,-0.8756294
1.8246496,1.8246496,1.9572101,-0.0106955,-3.6051812,3.3861737,-0.0023881,-0.0187667,-0.0889152,-0.3082282,-0.8660866
1.8296496,1.8296496,1.9622101,-0.0105787,-3.5982982,3.3813238,-0.0023620,-0.0185618,-0.0879458,-0.3048720,-0.8566669
1.8346496,1.8346496,1.9672101,-0.0104634,-3.5914428,3.3764812,-0.0023363,-0.0183596,-0.0869890,-0.3015590,-0.8473682
1.8396496,1.8396496,1.9722101,-0.0103495,-3.5846150,3.3716460,-0.0023108,-0.0181599,-0.0860444,-0.2982885,-0.8381889
1.8446496,1.8446496,1.9772101,-0.0102372,-3.5778145,3.3668181,-0.0022857,-0.0179629,-0.0851120,-0.2950600,-0.8291271
1.8496496,1.8496496,1.9822101,-0.0101263,-3.5710412,3.3619977,-0.0022609,-0.0177683,-0.0841915,-0.2918729,-0.8201811
1.8546496,1.8546496,1.9872101,-0.0100168,-3.5642949,3.3571848,-0.0022365,-0.0175763,-0.0832828,-0.2887264,-0.8113492
1.8596496,1.8596496,1.9922101,-0.0099087,-3.5575754,3.3523794,-0.0022123,-0.0173867,-0.0823857,-0.2856200,-0.8026296
1.8646496,1.8646496,1.9972101,-0.0098019,-3.5508826,3.3475816,-0.0021885,-0.0171995,-0.0815000,-0.2825531,-0.7940208
1.8696496,1.8696496,2.0022101,-0.0096966,-3.5442164,3.3427914,-0.0021649,-0.0170147,-0.0806256,-0.2795252,-0.7855211
1.8746496,1.8746496,2.0072101,-0.0095926,-3.5375766,3.3380089,-0.0021417,-0.0168323,-0.0797623,-0.2765356,-0.7771289
1.8796496,1.8796496,2.0122101,-0.0094899,-3.5309629,3.3332341,-0.0021187,-0.0166521,-0.0789099,-0.2735838,-0.7688426
1.8846496,1.8846496,2.0172101,-0.0093885,-3.5243753,3.3284671,-0.0020961,-0.0164743,-0.0780682,-0.2706692,-0.7606608
1.8896496,1.8896496,2.0222101,-0.0092883,-3.5178137,3.3237079,-0.0020737,-0.0162987,-0.0772372,-0.2677913,-0.7525817
1.8946496,1.8946496,2.0272101,-0.0091895,-3.5112778,3.3189565,-0.0020516,-0.0161253,-0.0764166,-0.2649496,-0.7446040
1.8996496,1.8996496,2.0322101,-0.0090919,-3.5047675,3.3142130,-0.0020298,-0.0159541,-0.0756064,-0.2621435,-0.7367262
1.9046496,1.9046496,2.0372101,-0.0089955,-3.4982826,3.3094774,-0.0020083,-0.0157850,-0.0748063,-0.2593726,-0.7289469
1.9096496,1.9096496,2.0422101,-0.0089003,-3.4918231,3.3047498,-0.0019870,-0.0156181,-0.0740161,-0.2566362,-0.7212645
1.9146496,1.9146496,2.0472101,-0.0088063,-3.4853887,3.3000301,-0.0019660,-0.0154532,-0.0732359,-0.2539339,-0.7136778
1.9196496,1.9196496,2.0522101,-0.0087135,-3.4789793,3.2953185,-0.0019453,-0.0152904,-0.0724654,-0.2512652,-0.7061852
1.9246496,1.9246496,2.0572101,-0.0086218,-3.4725948,3.2906149,-0.0019248,-0.0151296,-0.0717044,-0.2486297,-0.6987856
1.9296496,1.9296496,2.0622101,-0.0085313,-3.4662351,3.2859195,-0.0019046,-0.0149708,-0.0709529,-0.2460268,-0.6914775
1.9346496,1.9346496,2.0672101,-0.0084419,-3.4598999,3.2812321,-0.0018846,-0.0148140,-0.0702107,-0.2434561,-0.6842596
1.9396496,1.9396496,2.0722101,-0.0083536,-3.4535891,3.2765530,-0.0018649,-0.0146591,-0.0694776,-0.2409171,-0.6771307
1.9446496,1.9446496,2.0772101,-0.0082664,-3.4473026,3.2718820,-0.0018454,-0.0145062,-0.0687536,-0.2384093,-0.6700894
1.9496496,1.9496496,2.0822101,-0.0081803,-3.4410403,3.2672192,-0.0018261,-0.0143551,-0.0680385,-0.2359324,-0.6631346
1.9546496,1.9546496,2.0872101,-0.0080952,-3.4348020,3.2625646,-0.0018071,-0.0142059,-0.0673322,-0.2334859,-0.6562649
1.9596496,1.9596496,2.0922101,-0.0080112,-3.4285875,3.2579183,-0.0017884,-0.0140585,-0.0666345,-0.2310693,-0.6494793
1.9646496,1.9646496,2.0972101,-0.0079282,-3.4223968,3.2532804,-0.0017698,-0.0139129,-0.0659454,-0.2286823,-0.6427764
1.9696496,1.9696496,2.1022101,-0.0078462,-3.4162297,3.2486507,-0.0017515,-0.0137691,-0.0652647,-0.2263243,-0.6361552
1.9746496,1.9746496,2.1072101,-0.0077653,-3.4100861,3.2440294,-0.0017334,-0.0136271,-0.0645923,-0.2239951,-0.6296145
1.9796496,1.9796496,2.1122101,-0.0076853,-3.4039658,3.2394165,-0.0017156,-0.0134868,-0.0639280,-0.2216941,-0.6231531
1.9846496,1.9846496,2.1172101,-0.0076062,-3.3978687,3.2348119,-0.0016979,-0.0133482,-0.0632719,-0.2194210,-0.6167699
1.9896496,1.9896496,2.1222101,-0.0075282,-3.3917946,3.2302158,-0.0016805,-0.0132112,-0.0626236,-0.2171755,-0.6104639
1.9946496,1.9946496,2.1272101,-0.0074511,-3.3857435,3.2256281,-0.0016632,-0.0130760,-0.0619833,-0.2149570,-0.6042340
1.9996496,1.9996496,2.1322101,-0.0073749,-3.3797152,3.2210489,-0.0016462,-0.0129423,-0.0613506,-0.2127653,-0.5980790
