# r[nm],d[nm],daligned[nm],UwaterUCD(d)[kj/mol],UMinwaterUCD(d)[kj/mol]
-0.1905605,-0.1905605,-0.0000000,3064.5055993,3064.5055993
-0.1805605,-0.1805605,0.0100000,2731.4247422,2731.4247422
-0.1705605,-0.1705605,0.0200000,2365.5592289,2365.5592289
-0.1605605,-0.1605605,0.0300000,1989.7254464,1989.7254464
-0.1505605,-0.1505605,0.0400000,1387.9832833,1363.5121161
-0.1405605,-0.1405605,0.0500000,937.9374195,912.1021059
-0.1305605,-0.1305605,0.0600000,627.1869051,601.3548544
-0.1205605,-0.1205605,0.0700000,430.2258495,404.3846800
-0.1105605,-0.1105605,0.0800000,298.6731080,272.8318614
-0.1005605,-0.1005605,0.0900000,207.5168800,181.6756335
-0.0905605,-0.0905605,0.1000000,143.2294703,117.3882239
-0.0805605,-0.0805605,0.1100000,97.9877856,72.1465397
-0.0705605,-0.0705605,0.1200000,66.8190558,40.9778125
-0.0605605,-0.0605605,0.1300000,46.1881881,20.3469561
-0.0505605,-0.0505605,0.1400000,33.2423511,7.4656689
-0.0405605,-0.0405605,0.1500000,9.2245833,-16.6134176
-0.0305605,-0.0305605,0.1600000,-14.4294820,-40.2706374
-0.0205605,-0.0205605,0.1700000,-30.8574107,-56.6983508
-0.0105605,-0.0105605,0.1800000,-41.8717933,-67.7116834
-0.0005605,-0.0005605,0.1900000,-48.9173372,-74.7255668
0.0094395,0.0094395,0.2000000,-54.0431269,-78.8207004
0.0194395,0.0194395,0.2100000,-60.4526991,-83.1256651
0.0294395,0.0294395,0.2200000,-65.9014594,-88.4628322
0.0394395,0.0394395,0.2300000,-75.7886231,-98.2691454
0.0494395,0.0494395,0.2400000,-82.8234412,-106.8376436
0.0594395,0.0594395,0.2500000,-85.4695727,-109.5403244
0.0694395,0.0694395,0.2600000,-85.6730076,-109.0129928
0.0794395,0.0794395,0.2700000,-84.4292747,-106.7130921
0.0894395,0.0894395,0.2800000,-82.1899638,-103.4613790
0.0994395,0.0994395,0.2900000,-79.3493586,-100.0188985
0.1094395,0.1094395,0.3000000,-76.2478491,-96.5962603
0.1194395,0.1194395,0.3100000,-73.1229919,-93.0147352
0.1294395,0.1294395,0.3200000,-70.1018118,-89.4156013
0.1394395,0.1394395,0.3300000,-67.2304877,-85.8774591
0.1494395,0.1494395,0.3400000,-64.5211991,-82.4441323
0.1594395,0.1594395,0.3500000,-61.9770740,-79.1398380
0.1694395,0.1694395,0.3600000,-59.5856094,-76.3248364
0.1794395,0.1794395,0.3700000,-57.3173457,-73.8371303
0.1894395,0.1894395,0.3800000,-55.1363611,-71.6726047
0.1994395,0.1994395,0.3900000,-53.0062241,-69.5735298
0.2094395,0.2094395,0.4000000,-50.9043168,-67.4948011
0.2194395,0.2194395,0.4100000,-48.8352448,-65.3825453
0.2294395,0.2294395,0.4200000,-46.8197881,-63.3062167
0.2394395,0.2394395,0.4300000,-44.8797540,-61.2791105
0.2494395,0.2494395,0.4400000,-43.0308668,-59.3140011
0.2594395,0.2594395,0.4500000,-41.2817172,-57.4209058
0.2694395,0.2694395,0.4600000,-39.6354259,-55.6060109
0.2794395,0.2794395,0.4700000,-38.0916490,-53.8726207
0.2894395,0.2894395,0.4800000,-36.6480522,-52.2218911
0.2994395,0.2994395,0.4900000,-35.3012207,-50.7166622
0.3094395,0.3094395,0.5000000,-34.0471731,-49.2999967
0.3194395,0.3194395,0.5100000,-32.8816324,-47.9501219
0.3294395,0.3294395,0.5200000,-31.8001620,-46.6652198
0.3394395,0.3394395,0.5300000,-30.7982289,-45.4431540
0.3494395,0.3494395,0.5400000,-29.8712338,-44.2815570
0.3594395,0.3594395,0.5500000,-29.0145299,-43.1779034
0.3694395,0.3694395,0.5600000,-28.2234416,-42.1295703
0.3794395,0.3794395,0.5700000,-27.4932895,-41.1338868
0.3894395,0.3894395,0.5800000,-26.8194224,-40.1881740
0.3994395,0.3994395,0.5900000,-26.1972563,-39.2897769
0.4094395,0.4094395,0.6000000,-25.6223164,-38.4360899
0.4194395,0.4194395,0.6100000,-25.0902799,-37.6245757
0.4294395,0.4294395,0.6200000,-24.5970162,-36.8527802
0.4394395,0.4394395,0.6300000,-24.1386204,-36.1183431
0.4494395,0.4494395,0.6400000,-23.7114399,-35.4287500
0.4594395,0.4594395,0.6500000,-23.3120920,-34.7808364
0.4694395,0.4694395,0.6600000,-22.9374734,-34.1621294
0.4794395,0.4794395,0.6700000,-22.5847608,-33.6260920
0.4894395,0.4894395,0.6800000,-22.2514061,-33.1587276
0.4994395,0.4994395,0.6900000,-21.9351249,-32.7106161
0.5094395,0.5094395,0.7000000,-21.6338820,-32.3020543
0.5194395,0.5194395,0.7100000,-21.3458742,-31.9226170
0.5294395,0.5294395,0.7200000,-21.0695108,-31.6562596
0.5394395,0.5394395,0.7300000,-20.8033949,-31.4035981
0.5494395,0.5494395,0.7400000,-20.5463040,-31.1539514
0.5594395,0.5594395,0.7500000,-20.2971715,-30.9070522
0.5694395,0.5694395,0.7600000,-20.0550694,-30.6626676
0.5794395,0.5794395,0.7700000,-19.8191923,-30.4205959
0.5894395,0.5894395,0.7800000,-19.5888426,-30.1806621
0.5994395,0.5994395,0.7900000,-19.3634175,-29.9427151
0.6094395,0.6094395,0.8000000,-19.1423966,-29.7066246
0.6194395,0.6194395,0.8100000,-18.9253319,-29.4722785
0.6294395,0.6294395,0.8200000,-18.7118380,-29.2395809
0.6394395,0.6394395,0.8300000,-18.5015840,-29.0084500
0.6494395,0.6494395,0.8400000,-18.2942862,-28.7788163
0.6594395,0.6594395,0.8500000,-18.0897019,-28.5548264
0.6694395,0.6694395,0.8600000,-17.8876238,-28.3323366
0.6794395,0.6794395,0.8700000,-17.6878750,-28.1109419
0.6894395,0.6894395,0.8800000,-17.4903051,-27.8906255
0.6994395,0.6994395,0.8900000,-17.2947862,-27.6713755
0.7094395,0.7094395,0.9000000,-17.1012103,-27.4531838
0.7194395,0.7194395,0.9100000,-16.9094859,-27.2360456
0.7294395,0.7294395,0.9200000,-16.7195361,-27.0216539
0.7394395,0.7394395,0.9300000,-16.5312963,-26.8105728
0.7494395,0.7494395,0.9400000,-16.3447127,-26.6003019
0.7594395,0.7594395,0.9500000,-16.1597403,-26.3908614
0.7694395,0.7694395,0.9600000,-15.9763420,-26.1822723
0.7794395,0.7794395,0.9700000,-15.7944872,-25.9745553
0.7894395,0.7894395,0.9800000,-15.6141511,-25.7697727
0.7994395,0.7994395,0.9900000,-15.4353133,-25.5671416
0.8094395,0.8094395,1.0000000,-15.2579577,-25.3652334
0.8194395,0.8194395,1.0100000,-15.0820712,-25.1640815
0.8294395,0.8294395,1.0200000,-14.9076439,-24.9637183
0.8394395,0.8394395,1.0300000,-14.7346679,-24.7657196
0.8494395,0.8494395,1.0400000,-14.5631374,-24.5696475
0.8594395,0.8594395,1.0500000,-14.3930480,-24.3742784
0.8694395,0.8694395,1.0600000,-14.2243966,-24.1796503
0.8794395,0.8794395,1.0700000,-14.0571811,-23.9857996
0.8894395,0.8894395,1.0800000,-13.8914003,-23.7942870
0.8994395,0.8994395,1.0900000,-13.7270532,-23.6040159
0.9094395,0.9094395,1.1000000,-13.5641397,-23.4144874
0.9194395,0.9194395,1.1100000,-13.4026595,-23.2257390
0.9294395,0.9294395,1.1200000,-13.2426129,-23.0378060
0.9394395,0.9394395,1.1300000,-13.0839998,-22.8511889
0.9494395,0.9494395,1.1400000,-12.9268204,-22.6662791
0.9594395,0.9594395,1.1500000,-12.7710747,-22.4821865
0.9694395,0.9694395,1.1600000,-12.6167625,-22.2989448
0.9794395,0.9794395,1.1700000,-12.4638835,-22.1165853
0.9894395,0.9894395,1.1800000,-12.3124371,-21.9351373
0.9994395,0.9994395,1.1900000,-12.1624223,-21.7546285
1.0094395,1.0094395,1.2000000,-12.0138380,-21.5750845
1.0194395,1.0194395,1.2100000,-11.8666827,-21.3965291
1.0294395,1.0294395,1.2200000,-11.7209546,-21.2195004
1.0394395,1.0394395,1.2300000,-11.5766515,-21.0435673
1.0494395,1.0494395,1.2400000,-11.4337709,-20.8686411
1.0594395,1.0594395,1.2500000,-11.2923100,-20.6947425
1.0694395,1.0694395,1.2600000,-11.1522654,-20.5218909
1.0794395,1.0794395,1.2700000,-11.0136337,-20.3501038
1.0894395,1.0894395,1.2800000,-10.8764109,-20.1793978
1.0994395,1.0994395,1.2900000,-10.7405929,-20.0097880
1.1094395,1.1094395,1.3000000,-10.6061749,-19.8412881
1.1194395,1.1194395,1.3100000,-10.4731522,-19.6739109
1.1294395,1.1294395,1.3200000,-10.3415195,-19.5076679
1.1394395,1.1394395,1.3300000,-10.2112712,-19.3425695
1.1494395,1.1494395,1.3400000,-10.0824016,-19.1786252
1.1594395,1.1594395,1.3500000,-9.9549046,-19.0158435
1.1694395,1.1694395,1.3600000,-9.8287736,-18.8542319
1.1794395,1.1794395,1.3700000,-9.7040022,-18.6937972
1.1894395,1.1894395,1.3800000,-9.5805834,-18.5345453
1.1994395,1.1994395,1.3900000,-9.4585100,-18.3764812
1.2094395,1.2094395,1.4000000,-9.3377747,-18.2196093
1.2194395,1.2194395,1.4100000,-9.2183698,-18.0639332
1.2294395,1.2294395,1.4200000,-9.1002875,-17.9094559
1.2394395,1.2394395,1.4300000,-8.9835199,-17.7561797
1.2494395,1.2494395,1.4400000,-8.8680587,-17.6041064
1.2594395,1.2594395,1.4500000,-8.7538955,-17.4532371
1.2694395,1.2694395,1.4600000,-8.6410218,-17.3035723
1.2794395,1.2794395,1.4700000,-8.5294289,-17.1551123
1.2894395,1.2894395,1.4800000,-8.4191079,-17.0078564
1.2994395,1.2994395,1.4900000,-8.3100498,-16.8618039
1.3094395,1.3094395,1.5000000,-8.2022454,-16.7169534
1.3194395,1.3194395,1.5100000,-8.0956857,-16.5733031
1.3294395,1.3294395,1.5200000,-7.9903610,-16.4308510
1.3394395,1.3394395,1.5300000,-7.8862622,-16.2895944
1.3494395,1.3494395,1.5400000,-7.7833794,-16.1495305
1.3594395,1.3594395,1.5500000,-7.6817032,-16.0106561
1.3694395,1.3694395,1.5600000,-7.5812237,-15.8729675
1.3794395,1.3794395,1.5700000,-7.4819313,-15.7364609
1.3894395,1.3894395,1.5800000,-7.3838160,-15.6011322
1.3994395,1.3994395,1.5900000,-7.2868679,-15.4669769
1.4094395,1.4094395,1.6000000,-7.1910770,-15.3339904
1.4194395,1.4194395,1.6100000,-7.0964334,-15.2021677
1.4294395,1.4294395,1.6200000,-7.0029269,-15.0715037
1.4394395,1.4394395,1.6300000,-6.9105476,-14.9419930
1.4494395,1.4494395,1.6400000,-6.8192853,-14.8136300
1.4594395,1.4594395,1.6500000,-6.7291298,-14.6864090
1.4694395,1.4694395,1.6600000,-6.6400710,-14.5603240
1.4794395,1.4794395,1.6700000,-6.5520988,-14.4353688
1.4894395,1.4894395,1.6800000,-6.4652030,-14.3115373
1.4994395,1.4994395,1.6900000,-6.3793734,-14.1888230
1.5094395,1.5094395,1.7000000,-6.2945999,-14.0672193
1.5194395,1.5194395,1.7100000,-6.2108723,-13.9467195
1.5294395,1.5294395,1.7200000,-6.1281805,-13.8273169
1.5394395,1.5394395,1.7300000,-6.0465143,-13.7090045
1.5494395,1.5494395,1.7400000,-5.9658637,-13.5917752
1.5594395,1.5594395,1.7500000,-5.8862185,-13.4756220
1.5694395,1.5694395,1.7600000,-5.8075687,-13.3605375
1.5794395,1.5794395,1.7700000,-5.7299043,-13.2465146
1.5894395,1.5894395,1.7800000,-5.6532153,-13.1335459
1.5994395,1.5994395,1.7900000,-5.5774916,-13.0216238
