# r[nm],d[nm],daligned[nm],UC(d)[kJ/mol],UK(d)[kJ/mol],UCl(d)[kJ/mol],UC2A(d)[kJ/mol],UC4A(d)[kJ/mol],UCPlus(d)[kJ/mol],UCMinus(d)[kJ/mol],UCMoreLJ(d)[kJ/mol],UCLessLJ(d)[kJ/mol]
-0.3760248,-0.3760248,-0.3872567,246421.6379419,158537.7266833,984822.5323349,15486.4527764,693613.3564475,246421.6379419,246421.6379419,290491.3886291,183722.8857466
-0.3710248,-0.3710248,-0.3822567,244148.0858746,157073.8378764,975748.6881517,15342.1861504,687222.1874247,244148.0858746,244148.0858746,287811.2372322,182027.8091689
-0.3660248,-0.3660248,-0.3772567,238457.8203775,153410.0441439,953038.1761569,14981.1610420,671226.0357501,238457.8203775,238457.8203775,281103.3314666,177785.3570592
-0.3610248,-0.3610248,-0.3722567,229629.2428339,147725.6563029,917801.5350164,14421.1072541,646407.1302930,229629.2428339,229629.2428339,270695.8616857,171203.0952217
-0.3560248,-0.3560248,-0.3672567,218079.7347142,140289.4948034,871703.7315877,13688.6011022,613938.2205188,218079.7347142,218079.7347142,257080.8533621,162592.2078888
-0.3510248,-0.3510248,-0.3622567,204328.9266999,131436.2289377,816817.6780949,12816.7222060,575279.3972817,204328.9266999,204328.9266999,240870.8673065,152340.1125338
-0.3460248,-0.3460248,-0.3572567,188955.7500728,121538.7112633,755452.9480211,11842.3141783,532057.4443231,188955.7500728,188955.7500728,222748.3701778,140878.4389704
-0.3410248,-0.3410248,-0.3522567,172554.6367150,110979.7643097,689981.0890978,10803.1918459,485942.7931091,172554.6367150,172554.6367150,203414.1013442,128650.3736888
-0.3360248,-0.3360248,-0.3472567,155695.7232464,100126.5474757,622676.8957265,9735.6049243,438537.7194500,155695.7232464,155695.7232464,183540.1599762,116080.9895273
-0.3310248,-0.3310248,-0.3422567,138892.7068690,89309.8537543,555590.1874314,8672.1908297,391286.0282000,138892.7068690,138892.7068690,163732.1122682,103553.2801756
-0.3260248,-0.3260248,-0.3372567,122580.4267889,78809.6720409,490456.3656192,7640.5487425,345410.0527807,122580.4267889,122580.4267889,144502.5635494,91391.4457099
-0.3210248,-0.3210248,-0.3322567,107102.6527527,68847.3249373,428647.6719540,6662.4653130,301876.3241611,107102.6527527,107102.6527527,126256.7629363,79851.7881757
-0.3160248,-0.3160248,-0.3272567,92709.2302443,59583.6338740,371161.7603300,5753.7373526,261387.5227246,92709.2302443,92709.2302443,109289.2379798,69120.5831521
-0.3110248,-0.3110248,-0.3222567,78312.9270732,50327.0504012,313570.0091092,4855.3664399,220827.4841647,78312.9270732,78312.9270732,92318.3171864,58387.2304126
-0.3060248,-0.3060248,-0.3172567,64269.0713539,41288.9919468,257473.3971430,3969.4720306,181317.4418318,64269.0713539,64269.0713539,75762.8751250,47916.6494956
-0.3010248,-0.3010248,-0.3122567,52477.9226115,33701.6822352,210364.4712416,3226.8527228,148137.9870274,52477.9226115,52477.9226115,61863.0114591,39125.6038256
-0.2960248,-0.2960248,-0.3072567,42666.9206363,27389.4801002,171156.9666989,2610.0419341,120523.9545166,42666.9206363,42666.9206363,50297.4216375,31810.8825617
-0.2910248,-0.2910248,-0.3022567,34567.5462603,22179.3657607,138780.5420406,2101.8523768,97721.4017900,34567.5462603,34567.5462603,40749.5648456,25772.2877145
-0.2860248,-0.2860248,-0.2972567,27927.1953601,17908.5877274,112228.1528482,1701.7723823,79020.9774092,27927.1953601,27927.1953601,32921.6615408,20821.4869652
-0.2810248,-0.2810248,-0.2922567,22516.2636174,14429.2241621,90584.3311106,1363.8506416,63777.8394564,22516.2636174,22516.2636174,26543.0452439,16787.2958015
-0.2760248,-0.2760248,-0.2872567,18131.5943692,11610.4012579,73038.9627105,1090.7596861,51421.3591222,18131.5943692,18131.5943692,21374.2269971,13518.2481073
-0.2710248,-0.2710248,-0.2822567,14597.3465156,9338.8497103,58890.7760853,871.2837922,41457.5770764,14597.3465156,14597.3465156,17207.9184890,10883.2432431
-0.2660248,-0.2660248,-0.2772567,11764.1736624,7518.3734799,47544.0946193,695.9048125,33466.9150132,11764.1736624,11764.1736624,13868.0643949,8770.9340451
-0.2610248,-0.2610248,-0.2722567,9507.4207977,6068.6859047,38501.6686549,556.6844913,27099.1258500,9507.4207977,9507.4207977,11207.7165498,7088.3823334
-0.2560248,-0.2560248,-0.2672567,7724.8726547,4923.9572751,31355.7169705,447.1184751,22066.9828080,7724.8726547,7724.8726547,9106.3796312,5759.3801745
-0.2510248,-0.2510248,-0.2622567,6334.4455246,4031.3262333,25778.7400790,361.9870147,18139.8078612,6334.4455246,6334.4455246,7467.2901779,4722.7289823
-0.2460248,-0.2460248,-0.2572567,5272.1090579,3349.5595538,21515.2483137,297.2206060,15137.6446262,5272.1090579,5272.1090579,6214.9667295,3930.6900894
-0.2410248,-0.2410248,-0.2522567,4490.2588563,2848.0024982,18375.2856504,249.7946151,12926.6961989,4490.2588563,4490.2588563,5293.2913739,3347.7714121
-0.2360248,-0.2360248,-0.2472567,3956.7353427,2505.9456296,16230.5293264,217.6651513,11416.5773793,3956.7353427,3956.7353427,4664.3531540,2949.9959556
-0.2310248,-0.2310248,-0.2422567,3654.7021477,2312.5454024,15013.8161145,199.7272394,10559.9805937,3654.7021477,3654.7021477,4308.3047040,2724.8111437
-0.2260248,-0.2260248,-0.2372567,3535.8140628,2236.6019475,14532.9506626,190.1295288,10221.5064919,3535.8140628,3535.8140628,4168.1548164,2636.1725720
-0.2210248,-0.2210248,-0.2322567,3201.0599948,2022.1305689,13185.6777822,172.1173925,9272.9488259,3201.0599948,3201.0599948,3773.5337316,2386.5922839
-0.2160248,-0.2160248,-0.2272567,3037.2824690,1917.3327891,12525.1411368,162.9101884,8807.9412750,3037.2824690,3037.2824690,3580.4664292,2264.4858004
-0.2110248,-0.2110248,-0.2222567,2981.7144354,1881.0547522,12308.6198307,158.9911821,8655.2499647,2981.7144354,2981.7144354,3514.9606750,2223.0563238
-0.2060248,-0.2060248,-0.2172567,2916.4850098,1855.0535797,12042.7516320,155.6799530,8468.1797466,2916.4850098,2916.4850098,3438.0656970,2174.4236695
-0.2010248,-0.2010248,-0.2122567,3036.7818669,1917.1820016,12521.3375033,161.6330852,8805.3255565,3036.7818669,3036.7818669,3579.8763000,2264.1125700
-0.1960248,-0.1960248,-0.2072567,3045.8127795,1922.7548126,12559.9275737,162.9068997,8832.4171008,3045.8127795,3045.8127795,3590.5222903,2270.8456854
-0.1910248,-0.1910248,-0.2022567,3039.7582841,1918.5300416,12539.1998705,162.1782165,8817.6969349,3039.7582841,3039.7582841,3583.3850161,2266.3316768
-0.1860248,-0.1860248,-0.1972567,3004.9763793,1897.0131494,12391.1373923,161.6967778,8713.7335302,3004.9763793,3004.9763793,3542.3827570,2240.3995713
-0.1810248,-0.1810248,-0.1922567,2955.4630100,1864.8875875,12196.1066363,158.4091511,8576.2729481,2955.4630100,2955.4630100,3484.0144761,2203.4842291
-0.1760248,-0.1760248,-0.1872567,3094.2787740,1953.6407403,12756.7283642,166.4801821,8970.9155800,3094.2787740,3094.2787740,3647.6558851,2306.9801435
-0.1710248,-0.1710248,-0.1822567,3418.2806225,2161.2530485,14060.4145458,185.8574124,9888.7965810,3418.2806225,3418.2806225,4029.6018363,2548.5439732
-0.1660248,-0.1660248,-0.1772567,3937.7595806,2494.3525796,16148.2170124,217.1962383,11358.8315450,3937.7595806,3937.7595806,4641.9837893,2935.8483271
-0.1610248,-0.1610248,-0.1722567,4675.9053248,2967.8708490,19112.6845843,261.9683892,13446.2073798,4675.9053248,4675.9053248,5512.1386346,3486.1825728
-0.1560248,-0.1560248,-0.1672567,5669.2804897,3605.3491015,23099.7467262,322.4932044,16253.7093893,5669.2804897,5669.2804897,6683.1678246,4226.8064622
-0.1510248,-0.1510248,-0.1622567,6969.1761638,4439.8122907,28314.1106917,402.0250652,19925.5232015,6969.1761638,6969.1761638,8215.5352847,5195.9607395
-0.1460248,-0.1460248,-0.1572567,8643.7847158,5515.1696689,35027.9169801,504.8931007,24653.3318213,8643.7847158,8643.7847158,10189.6288251,6444.4871198
-0.1410248,-0.1410248,-0.1522567,10781.1618413,6888.1239380,43592.5404107,636.6914421,30684.6284483,10781.1618413,10781.1618413,12709.2519166,8038.0366827
-0.1360248,-0.1360248,-0.1472567,13492.9583284,8630.5764579,54453.4583981,804.5188521,38333.1898481,13492.9583284,13492.9583284,15906.0228407,10059.8521382
-0.1310248,-0.1310248,-0.1422567,16918.8806346,10832.5022252,68168.0226320,1017.2651949,47991.5949248,16918.8806346,16918.8806346,19944.6329902,12614.0934691
-0.1260248,-0.1260248,-0.1372567,21231.7808947,13605.2306632,85425.7372149,1285.9384748,60145.5089168,21231.7808947,21231.7808947,25028.8471689,15829.6328524
-0.1210248,-0.1210248,-0.1322567,26643.1707187,17084.9998027,107070.2226682,1624.0193797,75389.1552280,26643.1707187,26643.1707187,31408.0034700,19864.1655447
-0.1160248,-0.1160248,-0.1272567,33408.7856693,21436.5435301,134121.3776092,2032.1784549,94440.9266506,33408.7856693,33408.7856693,39383.5728978,24908.3585505
-0.1110248,-0.1110248,-0.1222567,41833.5846881,26856.3152507,167795.2827762,2561.1631984,118157.4064953,41833.5846881,41833.5846881,49315.0528860,31189.5780103
-0.1060248,-0.1060248,-0.1172567,52275.2406452,33574.7399027,209518.0842990,3218.1782799,147543.1489574,52275.2406452,52275.2406452,61624.0820926,38974.4916260
-0.1010248,-0.1010248,-0.1122567,65144.7650636,41856.6200482,260928.4465222,4029.4941020,183752.4081846,65144.7650636,65144.7650636,76795.1768492,48569.5344318
-0.0960248,-0.0960248,-0.1072567,80902.4340387,51998.5150094,323861.2674949,5024.5499405,228077.6691362,80902.4340387,80902.4340387,95370.9284771,60317.8713105
-0.0910248,-0.0910248,-0.1022567,100046.7019185,64321.6023885,400303.4356212,6235.2501752,281918.4846544,100046.7019185,100046.7019185,117938.9343030,74591.1314421
-0.0860248,-0.0860248,-0.0972567,123093.4159290,79158.2906454,492310.9184223,7694.6404443,346723.0753231,123093.4159290,123093.4159290,145107.2950531,91773.9114948
-0.0810248,-0.0810248,-0.0922567,142975.0099286,91940.9954475,571855.0553081,8934.3339346,402743.1751602,142975.0099286,142975.0099286,168544.4895193,106596.8947903
-0.0760248,-0.0760248,-0.0872567,162247.1537681,104347.4203503,648797.0439749,10154.3257287,456936.4094961,162247.1537681,162247.1537681,191263.2404883,120965.4945215
-0.0710248,-0.0710248,-0.0822567,182137.2842137,117152.3377577,728199.2869150,11414.2192600,512862.7418760,182137.2842137,182137.2842137,214710.4980483,135794.8422764
-0.0660248,-0.0660248,-0.0772567,202141.7507543,130031.4364599,808051.9251041,12682.0298426,569106.5184370,202141.7507543,202141.7507543,238292.5394334,150709.4348070
-0.0610248,-0.0610248,-0.0722567,221665.1650547,142601.3038959,885979.3219108,13919.9123073,623994.4372276,221665.1650547,221665.1650547,261307.4977718,165265.3725277
-0.0560248,-0.0560248,-0.0672567,240045.8075674,154435.7887572,959341.4213385,15085.7777008,675666.9413886,240045.8075674,240045.8075674,282975.3123843,178969.3017464
-0.0510248,-0.0510248,-0.0622567,256591.8330253,165089.3206378,1025378.1641116,16135.5997945,722179.9415966,256591.8330253,256591.8330253,302480.4092244,191305.4081458
-0.0460248,-0.0460248,-0.0572567,270625.9814456,174125.7095530,1081387.8142313,17026.2652591,761630.4246142,270625.9814456,270625.9814456,319024.4079449,201768.7516585
-0.0410248,-0.0410248,-0.0522567,281534.8582175,181149.8895885,1124923.4977770,17718.7163551,792294.8904622,281534.8582175,281534.8582175,331884.2151775,209902.0078836
-0.0360248,-0.0360248,-0.0472567,288817.5875390,185839.2595871,1153987.2351971,18181.0544755,812766.0243237,288817.5875390,288817.5875390,340469.3790911,215331.7422943
-0.0310248,-0.0310248,-0.0422567,292128.0857652,187970.9144213,1167198.5253374,18391.2371755,822071.4434195,292128.0857652,292128.0857652,344371.9228565,217799.9276877
-0.0260248,-0.0260248,-0.0372567,291305.5546299,187441.2880154,1163915.9491398,18339.0238302,819759.3520369,291305.5546299,291305.5546299,343402.2912378,217186.6788064
-0.0210248,-0.0210248,-0.0322567,286389.0890478,184275.5633652,1144295.4238435,18026.9077199,805939.5745411,286389.0890478,286389.0890478,337606.5708374,213521.1433771
-0.0160248,-0.0160248,-0.0272567,277614.3514472,178625.5301353,1109276.9414738,17469.9037317,781274.2142201,277614.3514472,277614.3514472,327262.5696705,206979.0226157
-0.0110248,-0.0110248,-0.0222567,265392.7225812,170756.1539415,1060501.4261658,16694.2178668,746919.0893150,265392.7225812,265392.7225812,312855.2393311,197867.0268407
-0.0060248,-0.0060248,-0.0172567,250275.7330631,161022.6639070,1000168.8916598,15734.9776710,704423.8221863,250275.7330631,250275.7330631,295034.7455073,186596.3569382
-0.0010248,-0.0010248,-0.0122567,232909.4564206,149841.1740036,930856.5628250,14633.3225466,655603.7281299,232909.4564206,232909.4564206,274562.7047428,173648.7015047
0.0039752,0.0039752,-0.0072567,212633.6416444,136804.8164417,849737.2096930,13368.8223186,598474.1889615,212633.6416444,212633.6416444,250660.7875284,158531.8017362
0.0089752,0.0089752,-0.0022567,184718.8567088,118831.0813636,738328.4777664,11597.4674682,520003.3510334,184718.8567088,184718.8567088,217753.7558774,137719.5675258
0.0139752,0.0139752,0.0027433,158750.6613254,102111.6818334,634678.4523809,9950.7734062,446997.7224831,158750.6613254,158750.6613254,187141.4395236,118358.6386995
0.0189752,0.0189752,0.0077433,135095.4541552,86882.5041701,540249.7568972,8451.9550063,380487.4922840,135095.4541552,135095.4541552,159255.7634256,100722.1885868
0.0239752,0.0239752,0.0127433,113940.8803383,73264.2877725,455792.1445078,7112.8238213,321000.7197153,113940.8803383,113940.8803383,134317.9309559,84950.1184843
0.0289752,0.0289752,0.0177433,95327.1192063,61282.7859799,381467.2066204,5935.7915450,268651.1784999,95327.1192063,95327.1192063,112375.3070694,71072.3846200
0.0339752,0.0339752,0.0227433,79181.3946783,50891.0016754,316985.9459778,4916.0776485,223235.2621283,79181.3946783,79181.3946783,93342.1004981,59034.7278317
0.0389752,0.0389752,0.0277433,65351.4375734,41990.7462431,261742.1858669,4043.8483837,184325.9556605,65351.4375734,65351.4375734,77038.8104233,48723.6218335
0.0439752,0.0439752,0.0327433,53635.1114838,34451.7256648,214930.6959738,3306.1092158,151356.0417027,53635.1114838,53635.1114838,63227.1506039,39988.3611742
0.0489752,0.0489752,0.0377433,43804.7586640,28127.2240131,175644.2765536,2688.2587591,123686.4845690,43804.7586640,43804.7586640,51638.7492557,32659.2126341
0.0539752,0.0539752,0.0427433,35625.8749511,22866.1327389,142948.2389709,2175.2795763,100658.8925281,35625.8749511,35625.8749511,41997.1637723,26561.3385575
0.0589752,0.0589752,0.0477433,28870.4395381,18521.5359393,115933.5787782,1768.2280826,81632.9712348,28870.4395381,28870.4395381,34033.5943783,21524.7350396
0.0639752,0.0639752,0.0527433,23325.6359824,14956.3262626,93751.7748575,1422.2242914,66011.0347699,23325.6359824,23325.6359824,27497.1647935,17390.7339889
0.0689752,0.0689752,0.0577433,18798.8710761,12046.4357330,75634.8274459,1140.6160413,53252.1191755,18798.8710761,18798.8710761,22160.8386713,14015.7450122
0.0739752,0.0739752,0.0627433,15120.0029636,9682.2687920,60904.1674185,912.5541087,42878.2571270,15120.0029636,15120.0029636,17824.0461903,11272.9166163
0.0789752,0.0789752,0.0677433,12141.5963442,7768.8645359,48971.6967243,728.6470524,34475.2099951,12141.5963442,12141.5963442,14312.9848972,9052.3264782
0.0839752,0.0839752,0.0727433,9737.8827353,6225.2249815,39335.6626635,580.8894116,27689.5610516,9737.8827353,9737.8827353,11479.3940245,7260.2062552
0.0889752,0.0889752,0.0777433,7802.9531880,4983.1491452,31573.4686358,462.1747951,22223.6508822,7802.9531880,7802.9531880,9198.4239936,5817.5941408
0.0939752,0.0939752,0.0827433,6188.1392527,3947.9593428,25080.7556998,364.6944028,17652.1854556,6188.1392527,6188.1392527,7294.8186676,4613.6484215
0.0989752,0.0989752,0.0877433,4882.5143192,3110.5114889,19836.1124360,286.1925515,13959.3045854,4882.5143192,4882.5143192,5755.6973342,3640.2226197
0.1039752,0.1039752,0.0927433,3857.8864273,2453.7166243,15715.8316455,224.7226580,11058.2678052,3857.8864273,3857.8864273,4547.8262169,2876.2978496
0.1089752,0.1089752,0.0977433,3052.6821046,1937.9442566,12474.0101529,176.7949064,8775.8786705,3052.6821046,3052.6821046,3598.6201172,2275.9672008
0.1139752,0.1139752,0.1027433,2418.9623496,1547.9858108,9919.1406447,139.4351531,6977.2552017,2418.9623496,2418.9623496,2851.5666799,1819.1302209
0.1189752,0.1189752,0.1077433,1919.4071661,1228.5475700,7902.0881005,110.2982601,5557.3606782,1919.4071661,1919.4071661,2262.6716456,1446.6802988
0.1239752,0.1239752,0.1127433,1540.5952864,976.5760800,6306.6733794,87.5514702,4434.3709019,1540.5952864,1540.5952864,1813.3162674,1152.5907042
0.1289752,0.1289752,0.1177433,1228.5977480,777.5071985,5042.3270339,69.7641338,3544.4997149,1228.5977480,1228.5977480,1445.5214628,919.9768453
0.1339752,0.1339752,0.1227433,981.3916075,619.9842585,4038.3741481,55.8142797,2837.9733974,981.3916075,981.3916075,1154.1052720,735.6690634
0.1389752,0.1389752,0.1277433,785.1830679,495.1415659,3239.5965529,44.8064624,2275.9048348,785.1830679,785.1830679,922.8070322,589.3832121
0.1439752,0.1439752,0.1327433,629.1859036,396.0488335,2602.7910064,36.0200949,1843.5057759,629.1859036,629.1859036,738.9115218,473.0774792
0.1489752,0.1489752,0.1377433,504.9529028,317.2806647,2094.1014012,28.9035597,1485.6661208,504.9529028,504.9529028,592.4608398,380.4539346
0.1539752,0.1539752,0.1427433,405.8578119,254.5829483,1702.5922380,23.0705185,1199.2986591,405.8578119,405.8578119,475.6437016,306.5722798
0.1589752,0.1589752,0.1477433,326.6937847,204.6140528,1376.0812637,18.2529889,969.6911620,326.6937847,326.6937847,382.3220779,247.5503949
0.1639752,0.1639752,0.1527433,263.3619144,164.7430785,1113.7425445,14.2462304,785.2488621,263.3619144,263.3619144,307.6640593,200.3316928
0.1689752,0.1689752,0.1577433,212.6291839,132.8900229,902.5764997,10.8863828,636.8189322,212.6291839,212.6291839,247.8587973,162.5028359
0.1739752,0.1739752,0.1627433,171.9388596,107.3954015,732.3003987,8.0468987,517.1618239,171.9388596,171.9388596,199.8944531,132.1472411
0.1789752,0.1789752,0.1677433,139.2580337,86.9158898,594.7640863,5.6369131,420.5397608,139.2580337,139.2580337,161.3827531,107.7246093
0.1839752,0.1839752,0.1727433,112.9516066,70.3548741,483.4945013,3.5961445,342.3959291,112.9516066,112.9516066,130.4156366,87.9783806
0.1889752,0.1889752,0.1777433,91.6835414,56.8379062,393.3400165,1.8838702,279.1036755,91.6835414,91.6835414,105.4470235,71.8838444
0.1939752,0.1939752,0.1827433,74.3599102,45.7117075,320.1920593,0.4666963,227.7682212,74.3599102,74.3599102,85.2062311,58.6420180
0.1989752,0.1989752,0.1877433,60.1246434,36.5133335,260.7653995,-0.6881584,186.0648535,60.1246434,60.1246434,68.6636661,47.6750622
0.2039752,0.2039752,0.1927433,48.3593429,28.9058264,212.4198951,-1.6133558,152.1011918,48.3593429,48.3593429,55.0410371,38.5748029
0.2089752,0.2089752,0.1977433,38.6269287,22.6187590,173.0079332,-2.3396177,124.3069136,38.6269287,38.6269287,43.7891446,31.0307770
0.2139752,0.2139752,0.2027433,30.5910895,17.4152036,140.7459444,-2.8947509,101.3955457,30.5910895,30.5910895,34.5077366,24.7791451
0.2189752,0.2189752,0.2077433,23.9627792,13.0870204,114.1621863,-3.3039059,82.4008995,23.9627792,23.9627792,26.8696979,19.5837666
0.2239752,0.2239752,0.2127433,18.4824939,9.4643906,92.1425179,-3.5901353,66.6473694,18.4824939,18.4824939,20.5844077,15.2403206
0.2289752,0.2289752,0.2177433,13.9249436,6.4212223,73.9058499,-3.7746271,53.6246359,13.9249436,13.9249436,15.3926781,11.5860327
0.2339752,0.2339752,0.2227433,10.1091493,3.8681102,58.8582884,-3.8765855,42.8946774,10.1091493,10.1091493,11.0757705,8.5013284
0.2389752,0.2389752,0.2277433,6.9012788,1.7381660,46.4883403,-3.9129969,34.0632056,6.9012788,6.9012788,7.4637315,5.9004270
0.2439752,0.2439752,0.2327433,4.2060328,-0.0245768,36.3386316,-3.8984793,26.7791617,4.2060328,4.2060328,4.4338156,3.7176740
0.2489752,0.2489752,0.2377433,1.9521429,-1.4702400,28.0043929,-3.8452929,20.7403487,1.9521429,1.9521429,1.8983747,1.8975379
0.2539752,0.2539752,0.2427433,0.0805981,-2.6437697,21.1359100,-3.7634928,15.6983054,0.0805981,0.0805981,-0.2100996,0.3904753
0.2589752,0.2589752,0.2477433,-1.4608625,-3.5844944,15.4408751,-3.6611726,11.4596326,-1.4608625,-1.4608625,-1.9490933,-0.8476564
0.2639752,0.2639752,0.2527433,-2.7188615,-4.3262479,10.6854147,-3.5447452,7.8813310,-2.7188615,-2.7188615,-3.3699035,-1.8553877
0.2689752,0.2689752,0.2577433,-3.7341635,-4.8981621,6.6917517,-3.4192233,4.8596181,-3.7341635,-3.7341635,-4.5180121,-2.6658942
0.2739752,0.2739752,0.2627433,-4.5418154,-5.3256396,3.3301428,-3.2884761,2.3160296,-4.5418154,-4.5418154,-5.4328559,-3.3077622
0.2789752,0.2789752,0.2677433,-5.1718920,-5.6311169,0.5056425,-3.1554542,0.1863178,-5.1718920,-5.1718920,-6.1481928,-3.8058720
0.2839752,0.2839752,0.2727433,-5.6504688,-5.8345133,-1.8555847,-3.0223785,-1.5854233,-5.6504688,-5.6504688,-6.6930162,-4.1821039
0.2889752,0.2889752,0.2777433,-6.0004508,-5.9534485,-3.8156835,-2.8908945,-3.0486609,-6.0004508,-6.0004508,-7.0925670,-4.4557870
0.2939752,0.2939752,0.2827433,-6.2421145,-6.0033563,-5.4293506,-2.7621990,-4.2467086,-6.2421145,-6.2421145,-7.3691153,-4.6439533
0.2989752,0.2989752,0.2877433,-6.3934076,-5.9975866,-6.7448955,-2.6371398,-5.2169371,-6.3934076,-6.3934076,-7.5424326,-4.7614966
0.3039752,0.3039752,0.2927433,-6.4701120,-5.9475368,-7.8043481,-2.5162954,-5.9913862,-6.4701120,-6.4701120,-7.6300348,-4.8213081
0.3089752,0.3089752,0.2977433,-6.4859657,-5.8628189,-8.6437856,-2.4000377,-6.5976437,-6.4859657,-6.4859657,-7.6473143,-4.8344256
0.3139752,0.3139752,0.3027433,-6.4527912,-5.7514505,-9.2940953,-2.2885814,-7.0597167,-6.4527912,-6.4527912,-7.6076478,-4.8102026
0.3189752,0.3189752,0.3077433,-6.3806503,-5.6200545,-9.7819363,-2.1820222,-7.3987147,-6.3806503,-6.3806503,-7.5225226,-4.7564920
0.3239752,0.3239752,0.3127433,-6.2780178,-5.4740544,-10.1306167,-2.0803668,-7.6333064,-6.2780178,-6.2780178,-7.4016909,-4.6798326
0.3289752,0.3289752,0.3177433,-6.1519666,-5.3178566,-10.3607377,-1.9835565,-7.7800036,-6.1519666,-6.1519666,-7.2533457,-4.5856296
0.3339752,0.3339752,0.3227433,-6.0083509,-5.1550143,-10.4905999,-1.8914845,-7.8533442,-6.0083509,-6.0083509,-7.0843053,-4.4783225
0.3389752,0.3389752,0.3277433,-5.8519804,-4.9883710,-10.5364413,-1.8040110,-7.8660370,-5.8519804,-5.8519804,-6.9001963,-4.3615357
0.3439752,0.3439752,0.3327433,-5.6867786,-4.8201839,-10.5125889,-1.7209726,-7.8290994,-5.6867786,-5.6867786,-6.7056251,-4.2382110
0.3489752,0.3489752,0.3377433,-5.5159245,-4.6522292,-10.4315813,-1.6421916,-7.7520024,-5.5159245,-5.5159245,-6.5043347,-4.1107226
0.3539752,0.3539752,0.3427433,-5.3419760,-4.4858896,-10.3042934,-1.5674817,-7.6428228,-5.3419760,-5.3419760,-6.2993433,-3.9809746
0.3589752,0.3589752,0.3477433,-5.1669752,-4.3222280,-10.1400729,-1.4966530,-7.5083981,-5.1669752,-5.1669752,-6.0930653,-3.8504833
0.3639752,0.3639752,0.3527433,-4.9925391,-4.1620474,-9.9468872,-1.4295151,-7.3544781,-4.9925391,-4.9925391,-5.8874151,-3.7204468
0.3689752,0.3689752,0.3577433,-4.8199348,-4.0059415,-9.7314739,-1.3658805,-7.1858683,-4.8199348,-4.8199348,-5.6838945,-3.5918026
0.3739752,0.3739752,0.3627433,-4.6501427,-3.8543351,-9.4994901,-1.3055655,-7.0065616,-4.6501427,-4.6501427,-5.4836669,-3.4652748
0.3789752,0.3789752,0.3677433,-4.4839094,-3.7075180,-9.2556532,-1.2483925,-6.8198572,-4.4839094,-4.4839094,-5.2876189,-3.3414144
0.3839752,0.3839752,0.3727433,-4.3217914,-3.5656721,-9.0038716,-1.1941903,-6.6284661,-4.3217914,-4.3217914,-5.0964118,-3.2206312
0.3889752,0.3889752,0.3777433,-4.1641907,-3.4288938,-8.7473622,-1.1427949,-6.4346021,-4.1641907,-4.1641907,-4.9105239,-3.1032212
0.3939752,0.3939752,0.3827433,-4.0113846,-3.2972122,-8.4887549,-1.0940498,-6.2400618,-4.0113846,-4.0113846,-4.7302857,-2.9893882
0.3989752,0.3989752,0.3877433,-3.8635507,-3.1706037,-8.2301835,-1.0478062,-6.0462920,-3.8635507,-3.8635507,-4.5559090,-2.8792620
0.4039752,0.4039752,0.3927433,-3.7207860,-3.0490038,-7.9733655,-1.0039230,-5.8544479,-3.7207860,-3.7207860,-4.3875101,-2.7729134
0.4089752,0.4089752,0.3977433,-3.5831240,-2.9323171,-7.7196689,-0.9622664,-5.6654416,-3.5831240,-3.5831240,-4.2251300,-2.6703660
0.4139752,0.4139752,0.4027433,-3.4505478,-2.8204250,-7.4701709,-0.9227102,-5.4799842,-3.4505478,-3.4505478,-4.0687497,-2.5716065
0.4189752,0.4189752,0.4077433,-3.3230012,-2.7131918,-7.2257065,-0.8851352,-5.2986196,-3.3230012,-3.3230012,-3.9183035,-2.4765923
0.4239752,0.4239752,0.4127433,-3.2003976,-2.6104698,-6.9869100,-0.8494291,-5.1217543,-3.2003976,-3.2003976,-3.7736899,-2.3852587
0.4289752,0.4289752,0.4177433,-3.0826276,-2.5121036,-6.7542502,-0.8154862,-4.9496817,-3.0826276,-3.0826276,-3.6347797,-2.2975237
0.4339752,0.4339752,0.4227433,-2.9695642,-2.4179329,-6.5280594,-0.7832069,-4.7826024,-2.9695642,-2.9695642,-3.5014234,-2.2132930
0.4389752,0.4389752,0.4277433,-2.8610683,-2.3277954,-6.3085579,-0.7524976,-4.6206412,-2.8610683,-2.8610683,-3.3734569,-2.1324627
0.4439752,0.4439752,0.4327433,-2.7569923,-2.2415287,-6.0958751,-0.7232703,-4.4638614,-2.7569923,-2.7569923,-3.2507059,-2.0549231
0.4489752,0.4489752,0.4377433,-2.6571832,-2.1589715,-5.8900660,-0.6954424,-4.3122766,-2.6571832,-2.6571832,-3.1329899,-1.9805603
0.4539752,0.4539752,0.4427433,-2.5614850,-2.0799655,-5.6911260,-0.6689361,-4.1658603,-2.5614850,-2.5614850,-3.0201248,-1.9092582
0.4589752,0.4589752,0.4477433,-2.4697410,-2.0043558,-5.4990024,-0.6436784,-4.0245545,-2.4697410,-2.4697410,-2.9119253,-1.8409003
0.4639752,0.4639752,0.4527433,-2.3817950,-1.9319916,-5.3136048,-0.6196007,-3.8882759,-2.3817950,-2.3817950,-2.8082073,-1.7753704
0.4689752,0.4689752,0.4577433,-2.2974929,-1.8627269,-5.1348128,-0.5966386,-3.7569222,-2.2974929,-2.2974929,-2.7087885,-1.7125538
0.4739752,0.4739752,0.4627433,-2.2166831,-1.7964207,-4.9624831,-0.5747316,-3.6303759,-2.2166831,-2.2166831,-2.6134903,-1.6523378
0.4789752,0.4789752,0.4677433,-2.1392179,-1.7329373,-4.7964548,-0.5538226,-3.5085087,-2.1392179,-2.1392179,-2.5221380,-1.5946125
0.4839752,0.4839752,0.4727433,-2.0649536,-1.6721461,-4.6365546,-0.5338583,-3.3911845,-2.0649536,-2.0649536,-2.4345619,-1.5392710
0.4889752,0.4889752,0.4777433,-1.9937508,-1.6139222,-4.4826001,-0.5147883,-3.2782619,-1.9937508,-1.9937508,-2.3505975,-1.4862096
0.4939752,0.4939752,0.4827433,-1.9254749,-1.5581459,-4.3344031,-0.4965655,-3.1695964,-1.9254749,-1.9254749,-2.2700862,-1.4353282
0.4989752,0.4989752,0.4877433,-1.8599964,-1.5047028,-4.1917720,-0.4791452,-3.0650419,-1.8599964,-1.8599964,-2.1928747,-1.3865304
0.5039752,0.5039752,0.4927433,-1.7971906,-1.4534837,-4.0545143,-0.4624858,-2.9644523,-1.7971906,-1.7971906,-2.1188159,-1.3397234
0.5089752,0.5089752,0.4977433,-1.7369378,-1.4043845,-3.9224375,-0.4465478,-2.8676825,-1.7369378,-1.7369378,-2.0477686,-1.2948181
0.5139752,0.5139752,0.5027433,-1.6791234,-1.3573060,-3.7953513,-0.4312943,-2.7745893,-1.6791234,-1.6791234,-1.9795975,-1.2517292
0.5189752,0.5189752,0.5077433,-1.6236374,-1.3121537,-3.6730680,-0.4166902,-2.6850320,-1.6236374,-1.6236374,-1.9141728,-1.2103750
0.5239752,0.5239752,0.5127433,-1.5703750,-1.2688377,-3.5554035,-0.4027027,-2.5988731,-1.5703750,-1.5703750,-1.8513707,-1.1706773
0.5289752,0.5289752,0.5177433,-1.5192358,-1.2272724,-3.4421783,-0.3893009,-2.5159786,-1.5192358,-1.5192358,-1.7910729,-1.1325615
0.5339752,0.5339752,0.5227433,-1.4701242,-1.1873766,-3.3332174,-0.3764556,-2.4362183,-1.4701242,-1.4701242,-1.7331664,-1.0959563
0.5389752,0.5389752,0.5277433,-1.4229487,-1.1490729,-3.2283509,-0.3641392,-2.3594661,-1.4229487,-1.4229487,-1.6775434,-1.0607936
0.5439752,0.5439752,0.5327433,-1.3776224,-1.1122877,-3.1274145,-0.3523258,-2.2856000,-1.3776224,-1.3776224,-1.6241011,-1.0270088
0.5489752,0.5489752,0.5377433,-1.3340621,-1.0769514,-3.0302491,-0.3409908,-2.2145021,-1.3340621,-1.3340621,-1.5727417,-0.9945399
0.5539752,0.5539752,0.5427433,-1.2921889,-1.0429976,-2.9367014,-0.3301111,-2.1460591,-1.2921889,-1.2921889,-1.5233718,-0.9633281
0.5589752,0.5589752,0.5477433,-1.2519274,-1.0103633,-2.8466237,-0.3196649,-2.0801617,-1.2519274,-1.2519274,-1.4759027,-0.9333172
0.5639752,0.5639752,0.5527433,-1.2132060,-0.9789885,-2.7598737,-0.3096315,-2.0167049,-1.2132060,-1.2132060,-1.4302496,-0.9044540
0.5689752,0.5689752,0.5577433,-1.1759563,-0.9488164,-2.6763148,-0.2999914,-1.9555879,-1.1759563,-1.1759563,-1.3863320,-0.8766876
0.5739752,0.5739752,0.5627433,-1.1401134,-0.9197930,-2.5958158,-0.2907261,-1.8967138,-1.1401134,-1.1401134,-1.3440734,-0.8499695
0.5789752,0.5789752,0.5677433,-1.1056154,-0.8918670,-2.5182508,-0.2818182,-1.8399901,-1.1056154,-1.1056154,-1.3034007,-0.8242536
0.5839752,0.5839752,0.5727433,-1.0724034,-0.8649895,-2.4434991,-0.2732513,-1.7853276,-1.0724034,-1.0724034,-1.2642444,-0.7994962
0.5889752,0.5889752,0.5777433,-1.0404214,-0.8391142,-2.3714449,-0.2650095,-1.7326414,-1.0404214,-1.0404214,-1.2265384,-0.7756554
0.5939752,0.5939752,0.5827433,-1.0096159,-0.8141970,-2.3019775,-0.2570783,-1.6818499,-1.0096159,-1.0096159,-1.1902199,-0.7526916
0.5989752,0.5989752,0.5877433,-0.9799364,-0.7901960,-2.2349908,-0.2494434,-1.6328751,-0.9799364,-0.9799364,-1.1552289,-0.7305668
0.6039752,0.6039752,0.5927433,-0.9513343,-0.7670715,-2.1703833,-0.2420917,-1.5856423,-0.9513343,-0.9513343,-1.1215083,-0.7092451
0.6089752,0.6089752,0.5977433,-0.9237636,-0.7447855,-2.1080578,-0.2350105,-1.5400803,-0.9237636,-0.9237636,-1.0890040,-0.6886921
0.6139752,0.6139752,0.6027433,-0.8971806,-0.7233020,-2.0479213,-0.2281879,-1.4961207,-0.8971806,-0.8971806,-1.0576642,-0.6688753
0.6189752,0.6189752,0.6077433,-0.8715435,-0.7025868,-1.9898851,-0.2216125,-1.4536984,-0.8715435,-0.8715435,-1.0274397,-0.6497635
0.6239752,0.6239752,0.6127433,-0.8468126,-0.6826073,-1.9338641,-0.2152737,-1.4127509,-0.8468126,-0.8468126,-0.9982835,-0.6313270
0.6289752,0.6289752,0.6177433,-0.8229499,-0.6633323,-1.8797771,-0.2091611,-1.3732186,-0.8229499,-0.8229499,-0.9701511,-0.6135378
0.6339752,0.6339752,0.6227433,-0.7999194,-0.6447325,-1.8275464,-0.2032650,-1.3350446,-0.7999194,-0.7999194,-0.9430000,-0.5963689
0.6389752,0.6389752,0.6277433,-0.7776867,-0.6267796,-1.7770977,-0.1975763,-1.2981744,-0.7776867,-0.7776867,-0.9167894,-0.5797946
0.6439752,0.6439752,0.6327433,-0.7562191,-0.6094469,-1.7283600,-0.1920862,-1.2625558,-0.7562191,-0.7562191,-0.8914809,-0.5637906
0.6489752,0.6489752,0.6377433,-0.7354852,-0.5927089,-1.6812654,-0.1867863,-1.2281392,-0.7354852,-0.7354852,-0.8670375,-0.5483336
0.6539752,0.6539752,0.6427433,-0.7154554,-0.5765412,-1.6357490,-0.1816688,-1.1948770,-0.7154554,-0.7154554,-0.8434242,-0.5334013
0.6589752,0.6589752,0.6477433,-0.6961011,-0.5609207,-1.5917488,-0.1767260,-1.1627237,-0.6961011,-0.6961011,-0.8206073,-0.5189726
0.6639752,0.6639752,0.6527433,-0.6773954,-0.5458253,-1.5492053,-0.1719509,-1.1316358,-0.6773954,-0.6773954,-0.7985551,-0.5050274
0.6689752,0.6689752,0.6577433,-0.6593123,-0.5312339,-1.5080620,-0.1673365,-1.1015717,-0.6593123,-0.6593123,-0.7772370,-0.4915463
0.6739752,0.6739752,0.6627433,-0.6418271,-0.5171264,-1.4682644,-0.1628763,-1.0724918,-0.6418271,-0.6418271,-0.7566238,-0.4785109
0.6789752,0.6789752,0.6677433,-0.6249164,-0.5034837,-1.4297607,-0.1585642,-1.0443579,-0.6249164,-0.6249164,-0.7366878,-0.4659037
0.6839752,0.6839752,0.6727433,-0.6085576,-0.4902874,-1.3925013,-0.1543943,-1.0171339,-0.6085576,-0.6085576,-0.7174026,-0.4537079
0.6889752,0.6889752,0.6777433,-0.5927292,-0.4775201,-1.3564386,-0.1503608,-0.9907847,-0.5927292,-0.5927292,-0.6987427,-0.4419076
0.6939752,0.6939752,0.6827433,-0.5774107,-0.4651651,-1.3215272,-0.1464585,-0.9652773,-0.5774107,-0.5774107,-0.6806839,-0.4304873
0.6989752,0.6989752,0.6877433,-0.5625825,-0.4532065,-1.2877236,-0.1426822,-0.9405797,-0.5625825,-0.5625825,-0.6632032,-0.4194326
0.7039752,0.7039752,0.6927433,-0.5482259,-0.4416291,-1.2549861,-0.1390270,-0.9166616,-0.5482259,-0.5482259,-0.6462785,-0.4087294
0.7089752,0.7089752,0.6977433,-0.5343230,-0.4304183,-1.2232749,-0.1354882,-0.8934936,-0.5343230,-0.5343230,-0.6298886,-0.3983644
0.7139752,0.7139752,0.7027433,-0.5208566,-0.4195602,-1.1925519,-0.1320614,-0.8710479,-0.5208566,-0.5208566,-0.6140133,-0.3883248
0.7189752,0.7189752,0.7077433,-0.5078103,-0.4090416,-1.1627805,-0.1287422,-0.8492978,-0.5078103,-0.5078103,-0.5986334,-0.3785984
0.7239752,0.7239752,0.7127433,-0.4951685,-0.3988497,-1.1339257,-0.1255267,-0.8282177,-0.4951685,-0.4951685,-0.5837303,-0.3691736
0.7289752,0.7289752,0.7177433,-0.4829162,-0.3889723,-1.1059539,-0.1224110,-0.8077829,-0.4829162,-0.4829162,-0.5692863,-0.3600391
0.7339752,0.7339752,0.7227433,-0.4710390,-0.3793979,-1.0788331,-0.1193913,-0.7879701,-0.4710390,-0.4710390,-0.5552846,-0.3511842
0.7389752,0.7389752,0.7277433,-0.4595232,-0.3701154,-1.0525324,-0.1164640,-0.7687566,-0.4595232,-0.4595232,-0.5417090,-0.3425988
0.7439752,0.7439752,0.7327433,-0.4483556,-0.3611139,-1.0270223,-0.1136258,-0.7501210,-0.4483556,-0.4483556,-0.5285439,-0.3342730
0.7489752,0.7489752,0.7377433,-0.4375236,-0.3523834,-1.0022746,-0.1108733,-0.7320425,-0.4375236,-0.4375236,-0.5157744,-0.3261973
0.7539752,0.7539752,0.7427433,-0.4270152,-0.3439141,-0.9782622,-0.1082036,-0.7145013,-0.4270152,-0.4270152,-0.5033864,-0.3183629
0.7589752,0.7589752,0.7477433,-0.4168188,-0.3356966,-0.9549589,-0.1056135,-0.6974783,-0.4168188,-0.4168188,-0.4913662,-0.3107611
0.7639752,0.7639752,0.7527433,-0.4069233,-0.3277219,-0.9323398,-0.1031002,-0.6809554,-0.4069233,-0.4069233,-0.4797008,-0.3033836
0.7689752,0.7689752,0.7577433,-0.3973180,-0.3199815,-0.9103811,-0.1006610,-0.6649149,-0.3973180,-0.3973180,-0.4683775,-0.2962225
0.7739752,0.7739752,0.7627433,-0.3879928,-0.3124670,-0.8890596,-0.0982933,-0.6493401,-0.3879928,-0.3879928,-0.4573843,-0.2892701
0.7789752,0.7789752,0.7677433,-0.3789379,-0.3051706,-0.8683534,-0.0959945,-0.6342149,-0.3789379,-0.3789379,-0.4467099,-0.2825193
0.7839752,0.7839752,0.7727433,-0.3701439,-0.2980846,-0.8482412,-0.0937623,-0.6195237,-0.3701439,-0.3701439,-0.4363429,-0.2759630
0.7889752,0.7889752,0.7777433,-0.3616018,-0.2912019,-0.8287028,-0.0915942,-0.6052517,-0.3616018,-0.3616018,-0.4262730,-0.2695945
0.7939752,0.7939752,0.7827433,-0.3533029,-0.2845154,-0.8097186,-0.0894882,-0.5913847,-0.3533029,-0.3533029,-0.4164898,-0.2634073
0.7989752,0.7989752,0.7877433,-0.3452390,-0.2780184,-0.7912698,-0.0874420,-0.5779089,-0.3452390,-0.3452390,-0.4069836,-0.2573953
0.8039752,0.8039752,0.7927433,-0.3374021,-0.2717044,-0.7733385,-0.0854536,-0.5648111,-0.3374021,-0.3374021,-0.3977450,-0.2515525
0.8089752,0.8089752,0.7977433,-0.3297845,-0.2655674,-0.7559072,-0.0835211,-0.5520786,-0.3297845,-0.3297845,-0.3887650,-0.2458732
0.8139752,0.8139752,0.8027433,-0.3223789,-0.2596012,-0.7389593,-0.0816425,-0.5396994,-0.3223789,-0.3223789,-0.3800349,-0.2403520
0.8189752,0.8189752,0.8077433,-0.3151782,-0.2538003,-0.7224788,-0.0798161,-0.5276616,-0.3151782,-0.3151782,-0.3715463,-0.2349835
0.8239752,0.8239752,0.8127433,-0.3081757,-0.2481592,-0.7064504,-0.0780401,-0.5159541,-0.3081757,-0.3081757,-0.3632913,-0.2297628
0.8289752,0.8289752,0.8177433,-0.3013647,-0.2426725,-0.6908591,-0.0763128,-0.5045660,-0.3013647,-0.3013647,-0.3552621,-0.2246849
0.8339752,0.8339752,0.8227433,-0.2947390,-0.2373352,-0.6756908,-0.0746327,-0.4934869,-0.2947390,-0.2947390,-0.3474514,-0.2197451
0.8389752,0.8389752,0.8277433,-0.2882926,-0.2321425,-0.6609318,-0.0729982,-0.4827067,-0.2882926,-0.2882926,-0.3398521,-0.2149390
0.8439752,0.8439752,0.8327433,-0.2820197,-0.2270896,-0.6465688,-0.0714077,-0.4722159,-0.2820197,-0.2820197,-0.3324572,-0.2102622
0.8489752,0.8489752,0.8377433,-0.2759147,-0.2221720,-0.6325892,-0.0698600,-0.4620052,-0.2759147,-0.2759147,-0.3252603,-0.2057106
0.8539752,0.8539752,0.8427433,-0.2699721,-0.2173853,-0.6189808,-0.0683536,-0.4520656,-0.2699721,-0.2699721,-0.3182549,-0.2012801
0.8589752,0.8589752,0.8477433,-0.2641868,-0.2127255,-0.6057317,-0.0668871,-0.4423885,-0.2641868,-0.2641868,-0.3114349,-0.1969669
0.8639752,0.8639752,0.8527433,-0.2585539,-0.2081885,-0.5928306,-0.0654593,-0.4329656,-0.2585539,-0.2585539,-0.3047946,-0.1927672
0.8689752,0.8689752,0.8577433,-0.2530685,-0.2037703,-0.5802666,-0.0640691,-0.4237890,-0.2530685,-0.2530685,-0.2983281,-0.1886776
0.8739752,0.8739752,0.8627433,-0.2477260,-0.1994673,-0.5680292,-0.0627151,-0.4148510,-0.2477260,-0.2477260,-0.2920301,-0.1846944
0.8789752,0.8789752,0.8677433,-0.2425220,-0.1952759,-0.5561082,-0.0613963,-0.4061441,-0.2425220,-0.2425220,-0.2858953,-0.1808145
0.8839752,0.8839752,0.8727433,-0.2374521,-0.1911926,-0.5444939,-0.0601115,-0.3976613,-0.2374521,-0.2374521,-0.2799186,-0.1770346
0.8889752,0.8889752,0.8777433,-0.2325121,-0.1872141,-0.5331769,-0.0588598,-0.3893955,-0.2325121,-0.2325121,-0.2740952,-0.1733517
0.8939752,0.8939752,0.8827433,-0.2276983,-0.1833371,-0.5221479,-0.0576400,-0.3813403,-0.2276983,-0.2276983,-0.2684204,-0.1697627
0.8989752,0.8989752,0.8877433,-0.2230066,-0.1795585,-0.5113984,-0.0564513,-0.3734891,-0.2230066,-0.2230066,-0.2628896,-0.1662647
0.9039752,0.9039752,0.8927433,-0.2184333,-0.1758754,-0.5009198,-0.0552927,-0.3658358,-0.2184333,-0.2184333,-0.2574984,-0.1628551
0.9089752,0.9089752,0.8977433,-0.2139750,-0.1722849,-0.4907040,-0.0541632,-0.3583745,-0.2139750,-0.2139750,-0.2522427,-0.1595312
0.9139752,0.9139752,0.9027433,-0.2096280,-0.1687842,-0.4807431,-0.0530619,-0.3510994,-0.2096280,-0.2096280,-0.2471183,-0.1562903
0.9189752,0.9189752,0.9077433,-0.2053892,-0.1653705,-0.4710295,-0.0519882,-0.3440049,-0.2053892,-0.2053892,-0.2421214,-0.1531300
0.9239752,0.9239752,0.9127433,-0.2012553,-0.1620414,-0.4615558,-0.0509410,-0.3370857,-0.2012553,-0.2012553,-0.2372481,-0.1500479
0.9289752,0.9289752,0.9177433,-0.1972231,-0.1587943,-0.4523151,-0.0499196,-0.3303367,-0.1972231,-0.1972231,-0.2324949,-0.1470417
0.9339752,0.9339752,0.9227433,-0.1932897,-0.1556267,-0.4433004,-0.0489234,-0.3237527,-0.1932897,-0.1932897,-0.2278580,-0.1441092
0.9389752,0.9389752,0.9277433,-0.1894523,-0.1525364,-0.4345053,-0.0479514,-0.3173291,-0.1894523,-0.1894523,-0.2233342,-0.1412481
0.9439752,0.9439752,0.9327433,-0.1857079,-0.1495211,-0.4259231,-0.0470031,-0.3110611,-0.1857079,-0.1857079,-0.2189202,-0.1384565
0.9489752,0.9489752,0.9377433,-0.1820540,-0.1465787,-0.4175480,-0.0460776,-0.3049443,-0.1820540,-0.1820540,-0.2146128,-0.1357323
0.9539752,0.9539752,0.9427433,-0.1784878,-0.1437069,-0.4093738,-0.0451745,-0.2989742,-0.1784878,-0.1784878,-0.2104088,-0.1330735
0.9589752,0.9589752,0.9477433,-0.1750069,-0.1409039,-0.4013948,-0.0442930,-0.2931468,-0.1750069,-0.1750069,-0.2063054,-0.1304783
0.9639752,0.9639752,0.9527433,-0.1716088,-0.1381676,-0.3936054,-0.0434324,-0.2874578,-0.1716088,-0.1716088,-0.2022996,-0.1279448
0.9689752,0.9689752,0.9577433,-0.1682913,-0.1354961,-0.3860004,-0.0425923,-0.2819035,-0.1682913,-0.1682913,-0.1983887,-0.1254714
0.9739752,0.9739752,0.9627433,-0.1650519,-0.1328876,-0.3785744,-0.0417720,-0.2764800,-0.1650519,-0.1650519,-0.1945700,-0.1230563
0.9789752,0.9789752,0.9677433,-0.1618886,-0.1303404,-0.3713225,-0.0409710,-0.2711836,-0.1618886,-0.1618886,-0.1908409,-0.1206978
0.9839752,0.9839752,0.9727433,-0.1587991,-0.1278526,-0.3642398,-0.0401887,-0.2660107,-0.1587991,-0.1587991,-0.1871989,-0.1183944
0.9889752,0.9889752,0.9777433,-0.1557815,-0.1254227,-0.3573215,-0.0394246,-0.2609581,-0.1557815,-0.1557815,-0.1836416,-0.1161446
0.9939752,0.9939752,0.9827433,-0.1528337,-0.1230491,-0.3505632,-0.0386783,-0.2560222,-0.1528337,-0.1528337,-0.1801666,-0.1139468
0.9989752,0.9989752,0.9877433,-0.1499538,-0.1207301,-0.3439604,-0.0379491,-0.2511999,-0.1499538,-0.1499538,-0.1767716,-0.1117997
1.0039752,1.0039752,0.9927433,-0.1471399,-0.1184644,-0.3375089,-0.0372366,-0.2464881,-0.1471399,-0.1471399,-0.1734545,-0.1097018
1.0089752,1.0089752,0.9977433,-0.1443902,-0.1162503,-0.3312045,-0.0365405,-0.2418838,-0.1443902,-0.1443902,-0.1702131,-0.1076518
1.0139752,1.0139752,1.0027433,-0.1417031,-0.1140866,-0.3250433,-0.0358602,-0.2373840,-0.1417031,-0.1417031,-0.1670454,-0.1056484
1.0189752,1.0189752,1.0077433,-0.1390767,-0.1119719,-0.3190213,-0.0351952,-0.2329859,-0.1390767,-0.1390767,-0.1639493,-0.1036902
1.0239752,1.0239752,1.0127433,-0.1365095,-0.1099048,-0.3131348,-0.0345453,-0.2286868,-0.1365095,-0.1365095,-0.1609230,-0.1017762
1.0289752,1.0289752,1.0177433,-0.1339999,-0.1078840,-0.3073802,-0.0339100,-0.2244841,-0.1339999,-0.1339999,-0.1579645,-0.0999052
1.0339752,1.0339752,1.0227433,-0.1315463,-0.1059084,-0.3017540,-0.0332888,-0.2203751,-0.1315463,-0.1315463,-0.1550721,-0.0980758
1.0389752,1.0389752,1.0277433,-0.1291472,-0.1039767,-0.2962528,-0.0326815,-0.2163573,-0.1291472,-0.1291472,-0.1522440,-0.0962872
1.0439752,1.0439752,1.0327433,-0.1268012,-0.1020878,-0.2908732,-0.0320876,-0.2124285,-0.1268012,-0.1268012,-0.1494784,-0.0945381
1.0489752,1.0489752,1.0377433,-0.1245070,-0.1002405,-0.2856121,-0.0315068,-0.2085861,-0.1245070,-0.1245070,-0.1467738,-0.0928276
1.0539752,1.0539752,1.0427433,-0.1222630,-0.0984337,-0.2804663,-0.0309388,-0.2048280,-0.1222630,-0.1222630,-0.1441286,-0.0911546
1.0589752,1.0589752,1.0477433,-0.1200681,-0.0966665,-0.2754329,-0.0303832,-0.2011520,-0.1200681,-0.1200681,-0.1415411,-0.0895182
1.0639752,1.0639752,1.0527433,-0.1179210,-0.0949377,-0.2705089,-0.0298397,-0.1975558,-0.1179210,-0.1179210,-0.1390100,-0.0879174
1.0689752,1.0689752,1.0577433,-0.1158203,-0.0932463,-0.2656916,-0.0293080,-0.1940376,-0.1158203,-0.1158203,-0.1365337,-0.0863512
1.0739752,1.0739752,1.0627433,-0.1137650,-0.0915914,-0.2609781,-0.0287877,-0.1905952,-0.1137650,-0.1137650,-0.1341108,-0.0848188
1.0789752,1.0789752,1.0677433,-0.1117538,-0.0899721,-0.2563658,-0.0282786,-0.1872267,-0.1117538,-0.1117538,-0.1317399,-0.0833194
1.0839752,1.0839752,1.0727433,-0.1097857,-0.0883875,-0.2518521,-0.0277805,-0.1839303,-0.1097857,-0.1097857,-0.1294198,-0.0818520
1.0889752,1.0889752,1.0777433,-0.1078595,-0.0868366,-0.2474345,-0.0272929,-0.1807040,-0.1078595,-0.1078595,-0.1271491,-0.0804159
1.0939752,1.0939752,1.0827433,-0.1059742,-0.0853186,-0.2431107,-0.0268157,-0.1775462,-0.1059742,-0.1059742,-0.1249266,-0.0790103
1.0989752,1.0989752,1.0877433,-0.1041287,-0.0838328,-0.2388781,-0.0263486,-0.1744550,-0.1041287,-0.1041287,-0.1227511,-0.0776344
1.1039752,1.1039752,1.0927433,-0.1023221,-0.0823782,-0.2347346,-0.0258914,-0.1714290,-0.1023221,-0.1023221,-0.1206214,-0.0762874
1.1089752,1.1089752,1.0977433,-0.1005533,-0.0809540,-0.2306779,-0.0254437,-0.1684663,-0.1005533,-0.1005533,-0.1185363,-0.0749687
1.1139752,1.1139752,1.1027433,-0.0988215,-0.0795597,-0.2267059,-0.0250054,-0.1655654,-0.0988215,-0.0988215,-0.1164947,-0.0736775
1.1189752,1.1189752,1.1077433,-0.0971257,-0.0781943,-0.2228164,-0.0245762,-0.1627248,-0.0971257,-0.0971257,-0.1144956,-0.0724132
1.1239752,1.1239752,1.1127433,-0.0954650,-0.0768572,-0.2190075,-0.0241559,-0.1599431,-0.0954650,-0.0954650,-0.1125379,-0.0711750
1.1289752,1.1289752,1.1177433,-0.0938385,-0.0755478,-0.2152771,-0.0237442,-0.1572187,-0.0938385,-0.0938385,-0.1106206,-0.0699624
1.1339752,1.1339752,1.1227433,-0.0922455,-0.0742652,-0.2116233,-0.0233410,-0.1545503,-0.0922455,-0.0922455,-0.1087427,-0.0687748
1.1389752,1.1389752,1.1277433,-0.0906851,-0.0730089,-0.2080443,-0.0229461,-0.1519365,-0.0906851,-0.0906851,-0.1069033,-0.0676114
1.1439752,1.1439752,1.1327433,-0.0891566,-0.0717782,-0.2045383,-0.0225593,-0.1493760,-0.0891566,-0.0891566,-0.1051013,-0.0664718
1.1489752,1.1489752,1.1377433,-0.0876591,-0.0705725,-0.2011034,-0.0221803,-0.1468674,-0.0876591,-0.0876591,-0.1033360,-0.0653553
1.1539752,1.1539752,1.1427433,-0.0861918,-0.0693912,-0.1977381,-0.0218090,-0.1444096,-0.0861918,-0.0861918,-0.1016064,-0.0642614
1.1589752,1.1589752,1.1477433,-0.0847542,-0.0682337,-0.1944405,-0.0214451,-0.1420014,-0.0847542,-0.0847542,-0.0999116,-0.0631895
1.1639752,1.1639752,1.1527433,-0.0833454,-0.0670995,-0.1912091,-0.0210886,-0.1396415,-0.0833454,-0.0833454,-0.0982509,-0.0621392
1.1689752,1.1689752,1.1577433,-0.0819649,-0.0659880,-0.1880424,-0.0207392,-0.1373287,-0.0819649,-0.0819649,-0.0966234,-0.0611099
1.1739752,1.1739752,1.1627433,-0.0806118,-0.0648986,-0.1849387,-0.0203968,-0.1350621,-0.0806118,-0.0806118,-0.0950284,-0.0601011
1.1789752,1.1789752,1.1677433,-0.0792856,-0.0638309,-0.1818967,-0.0200612,-0.1328404,-0.0792856,-0.0792856,-0.0934650,-0.0591123
1.1839752,1.1839752,1.1727433,-0.0779856,-0.0627843,-0.1789148,-0.0197322,-0.1306627,-0.0779856,-0.0779856,-0.0919326,-0.0581431
1.1889752,1.1889752,1.1777433,-0.0767113,-0.0617583,-0.1759917,-0.0194097,-0.1285279,-0.0767113,-0.0767113,-0.0904303,-0.0571930
1.1939752,1.1939752,1.1827433,-0.0754620,-0.0607524,-0.1731260,-0.0190936,-0.1264350,-0.0754620,-0.0754620,-0.0889576,-0.0562616
1.1989752,1.1989752,1.1877433,-0.0742371,-0.0597663,-0.1703163,-0.0187836,-0.1243831,-0.0742371,-0.0742371,-0.0875137,-0.0553484
1.2039752,1.2039752,1.1927433,-0.0730361,-0.0587994,-0.1675614,-0.0184797,-0.1223711,-0.0730361,-0.0730361,-0.0860979,-0.0544530
1.2089752,1.2089752,1.1977433,-0.0718585,-0.0578512,-0.1648599,-0.0181816,-0.1203982,-0.0718585,-0.0718585,-0.0847096,-0.0535750
1.2139752,1.2139752,1.2027433,-0.0707036,-0.0569214,-0.1622108,-0.0178894,-0.1184635,-0.0707036,-0.0707036,-0.0833482,-0.0527139
1.2189752,1.2189752,1.2077433,-0.0695710,-0.0560096,-0.1596127,-0.0176028,-0.1165661,-0.0695710,-0.0695710,-0.0820131,-0.0518695
1.2239752,1.2239752,1.2127433,-0.0684602,-0.0551153,-0.1570645,-0.0173217,-0.1147052,-0.0684602,-0.0684602,-0.0807036,-0.0510413
1.2289752,1.2289752,1.2177433,-0.0673706,-0.0542381,-0.1545651,-0.0170460,-0.1128798,-0.0673706,-0.0673706,-0.0794192,-0.0502290
1.2339752,1.2339752,1.2227433,-0.0663018,-0.0533776,-0.1521134,-0.0167755,-0.1110893,-0.0663018,-0.0663018,-0.0781592,-0.0494322
1.2389752,1.2389752,1.2277433,-0.0652534,-0.0525335,-0.1497083,-0.0165102,-0.1093328,-0.0652534,-0.0652534,-0.0769233,-0.0486505
1.2439752,1.2439752,1.2327433,-0.0642248,-0.0517054,-0.1473488,-0.0162499,-0.1076096,-0.0642248,-0.0642248,-0.0757108,-0.0478836
1.2489752,1.2489752,1.2377433,-0.0632157,-0.0508929,-0.1450338,-0.0159946,-0.1059190,-0.0632157,-0.0632157,-0.0745211,-0.0471312
1.2539752,1.2539752,1.2427433,-0.0622255,-0.0500957,-0.1427623,-0.0157440,-0.1042601,-0.0622255,-0.0622255,-0.0733539,-0.0463930
1.2589752,1.2589752,1.2477433,-0.0612539,-0.0493135,-0.1405335,-0.0154982,-0.1026323,-0.0612539,-0.0612539,-0.0722085,-0.0456686
1.2639752,1.2639752,1.2527433,-0.0603005,-0.0485459,-0.1383463,-0.0152569,-0.1010350,-0.0603005,-0.0603005,-0.0710846,-0.0449578
1.2689752,1.2689752,1.2577433,-0.0593648,-0.0477926,-0.1361998,-0.0150201,-0.0994674,-0.0593648,-0.0593648,-0.0699815,-0.0442601
1.2739752,1.2739752,1.2627433,-0.0584465,-0.0470533,-0.1340931,-0.0147878,-0.0979289,-0.0584465,-0.0584465,-0.0688990,-0.0435755
1.2789752,1.2789752,1.2677433,-0.0575451,-0.0463276,-0.1320254,-0.0145597,-0.0964188,-0.0575451,-0.0575451,-0.0678365,-0.0429035
1.2839752,1.2839752,1.2727433,-0.0566604,-0.0456154,-0.1299959,-0.0143358,-0.0949366,-0.0566604,-0.0566604,-0.0667935,-0.0422439
1.2889752,1.2889752,1.2777433,-0.0557920,-0.0449162,-0.1280036,-0.0141161,-0.0934816,-0.0557920,-0.0557920,-0.0657698,-0.0415964
1.2939752,1.2939752,1.2827433,-0.0549394,-0.0442298,-0.1260478,-0.0139003,-0.0920533,-0.0549394,-0.0549394,-0.0647648,-0.0409608
1.2989752,1.2989752,1.2877433,-0.0541024,-0.0435560,-0.1241277,-0.0136885,-0.0906510,-0.0541024,-0.0541024,-0.0637781,-0.0403368
1.3039752,1.3039752,1.2927433,-0.0532807,-0.0428944,-0.1222425,-0.0134806,-0.0892742,-0.0532807,-0.0532807,-0.0628094,-0.0397241
1.3089752,1.3089752,1.2977433,-0.0524738,-0.0422448,-0.1203915,-0.0132765,-0.0879224,-0.0524738,-0.0524738,-0.0618582,-0.0391225
1.3139752,1.3139752,1.3027433,-0.0516816,-0.0416070,-0.1185739,-0.0130760,-0.0865951,-0.0516816,-0.0516816,-0.0609243,-0.0385318
1.3189752,1.3189752,1.3077433,-0.0509036,-0.0409806,-0.1167891,-0.0128791,-0.0852916,-0.0509036,-0.0509036,-0.0600072,-0.0379518
1.3239752,1.3239752,1.3127433,-0.0501396,-0.0403655,-0.1150364,-0.0126858,-0.0840115,-0.0501396,-0.0501396,-0.0591065,-0.0373822
1.3289752,1.3289752,1.3177433,-0.0493892,-0.0397614,-0.1133150,-0.0124959,-0.0827544,-0.0493892,-0.0493892,-0.0582220,-0.0368228
1.3339752,1.3339752,1.3227433,-0.0486523,-0.0391681,-0.1116243,-0.0123095,-0.0815197,-0.0486523,-0.0486523,-0.0573532,-0.0362733
1.3389752,1.3389752,1.3277433,-0.0479284,-0.0385854,-0.1099637,-0.0121263,-0.0803069,-0.0479284,-0.0479284,-0.0564999,-0.0357336
1.3439752,1.3439752,1.3327433,-0.0472174,-0.0380130,-0.1083325,-0.0119464,-0.0791157,-0.0472174,-0.0472174,-0.0556618,-0.0352035
1.3489752,1.3489752,1.3377433,-0.0465190,-0.0374507,-0.1067302,-0.0117697,-0.0779455,-0.0465190,-0.0465190,-0.0548384,-0.0346828
1.3539752,1.3539752,1.3427433,-0.0458328,-0.0368983,-0.1051561,-0.0115961,-0.0767959,-0.0458328,-0.0458328,-0.0540296,-0.0341713
1.3589752,1.3589752,1.3477433,-0.0451588,-0.0363556,-0.1036096,-0.0114255,-0.0756665,-0.0451588,-0.0451588,-0.0532349,-0.0336687
1.3639752,1.3639752,1.3527433,-0.0444965,-0.0358224,-0.1020903,-0.0112579,-0.0745569,-0.0444965,-0.0444965,-0.0524542,-0.0331749
1.3689752,1.3689752,1.3577433,-0.0438458,-0.0352985,-0.1005974,-0.0110933,-0.0734667,-0.0438458,-0.0438458,-0.0516871,-0.0326898
1.3739752,1.3739752,1.3627433,-0.0432064,-0.0347838,-0.0991305,-0.0109315,-0.0723954,-0.0432064,-0.0432064,-0.0509334,-0.0322131
1.3789752,1.3789752,1.3677433,-0.0425781,-0.0342779,-0.0976891,-0.0107725,-0.0713427,-0.0425781,-0.0425781,-0.0501927,-0.0317446
1.3839752,1.3839752,1.3727433,-0.0419607,-0.0337809,-0.0962726,-0.0106163,-0.0703082,-0.0419607,-0.0419607,-0.0494649,-0.0312843
1.3889752,1.3889752,1.3777433,-0.0413539,-0.0332924,-0.0948805,-0.0104628,-0.0692916,-0.0413539,-0.0413539,-0.0487496,-0.0308319
1.3939752,1.3939752,1.3827433,-0.0407575,-0.0328122,-0.0935123,-0.0103119,-0.0682924,-0.0407575,-0.0407575,-0.0480466,-0.0303873
1.3989752,1.3989752,1.3877433,-0.0401714,-0.0323404,-0.0921676,-0.0101636,-0.0673103,-0.0401714,-0.0401714,-0.0473556,-0.0299503
1.4039752,1.4039752,1.3927433,-0.0395953,-0.0318766,-0.0908459,-0.0100178,-0.0663451,-0.0395953,-0.0395953,-0.0466765,-0.0295208
1.4089752,1.4089752,1.3977433,-0.0390290,-0.0314207,-0.0895467,-0.0098745,-0.0653963,-0.0390290,-0.0390290,-0.0460089,-0.0290986
1.4139752,1.4139752,1.4027433,-0.0384723,-0.0309725,-0.0882696,-0.0097337,-0.0644636,-0.0384723,-0.0384723,-0.0453527,-0.0286835
1.4189752,1.4189752,1.4077433,-0.0379251,-0.0305319,-0.0870140,-0.0095952,-0.0635467,-0.0379251,-0.0379251,-0.0447076,-0.0282755
1.4239752,1.4239752,1.4127433,-0.0373871,-0.0300988,-0.0857797,-0.0094591,-0.0626452,-0.0373871,-0.0373871,-0.0440734,-0.0278744
1.4289752,1.4289752,1.4177433,-0.0368581,-0.0296730,-0.0845662,-0.0093253,-0.0617590,-0.0368581,-0.0368581,-0.0434498,-0.0274801
1.4339752,1.4339752,1.4227433,-0.0363381,-0.0292543,-0.0833731,-0.0091937,-0.0608876,-0.0363381,-0.0363381,-0.0428368,-0.0270923
1.4389752,1.4389752,1.4277433,-0.0358267,-0.0288426,-0.0821999,-0.0090643,-0.0600308,-0.0358267,-0.0358267,-0.0422339,-0.0267111
1.4439752,1.4439752,1.4327433,-0.0353239,-0.0284378,-0.0810463,-0.0089371,-0.0591884,-0.0353239,-0.0353239,-0.0416412,-0.0263362
1.4489752,1.4489752,1.4377433,-0.0348295,-0.0280397,-0.0799119,-0.0088120,-0.0583599,-0.0348295,-0.0348295,-0.0410583,-0.0259675
1.4539752,1.4539752,1.4427433,-0.0343432,-0.0276483,-0.0787963,-0.0086890,-0.0575452,-0.0343432,-0.0343432,-0.0404851,-0.0256050
1.4589752,1.4589752,1.4477433,-0.0338650,-0.0272633,-0.0776992,-0.0085680,-0.0567440,-0.0338650,-0.0338650,-0.0399214,-0.0252485
1.4639752,1.4639752,1.4527433,-0.0333947,-0.0268847,-0.0766202,-0.0084490,-0.0559560,-0.0333947,-0.0333947,-0.0393670,-0.0248978
1.4689752,1.4689752,1.4577433,-0.0329321,-0.0265123,-0.0755589,-0.0083319,-0.0551809,-0.0329321,-0.0329321,-0.0388217,-0.0245530
1.4739752,1.4739752,1.4627433,-0.0324772,-0.0261460,-0.0745151,-0.0082168,-0.0544186,-0.0324772,-0.0324772,-0.0382854,-0.0242138
1.4789752,1.4789752,1.4677433,-0.0320296,-0.0257857,-0.0734883,-0.0081036,-0.0536688,-0.0320296,-0.0320296,-0.0377578,-0.0238801
1.4839752,1.4839752,1.4727433,-0.0315894,-0.0254313,-0.0724783,-0.0079922,-0.0529311,-0.0315894,-0.0315894,-0.0372388,-0.0235519
1.4889752,1.4889752,1.4777433,-0.0311564,-0.0250826,-0.0714848,-0.0078826,-0.0522055,-0.0311564,-0.0311564,-0.0367283,-0.0232290
1.4939752,1.4939752,1.4827433,-0.0307303,-0.0247396,-0.0705073,-0.0077748,-0.0514917,-0.0307303,-0.0307303,-0.0362261,-0.0229114
1.4989752,1.4989752,1.4877433,-0.0303112,-0.0244022,-0.0695457,-0.0076688,-0.0507894,-0.0303112,-0.0303112,-0.0357320,-0.0225989
1.5039752,1.5039752,1.4927433,-0.0298988,-0.0240702,-0.0685996,-0.0075645,-0.0500985,-0.0298988,-0.0298988,-0.0352459,-0.0222914
1.5089752,1.5089752,1.4977433,-0.0294931,-0.0237436,-0.0676687,-0.0074618,-0.0494186,-0.0294931,-0.0294931,-0.0347676,-0.0219889
1.5139752,1.5139752,1.5027433,-0.0290938,-0.0234222,-0.0667527,-0.0073608,-0.0487497,-0.0290938,-0.0290938,-0.0342970,-0.0216913
1.5189752,1.5189752,1.5077433,-0.0287010,-0.0231059,-0.0658514,-0.0072614,-0.0480915,-0.0287010,-0.0287010,-0.0338339,-0.0213984
1.5239752,1.5239752,1.5127433,-0.0283144,-0.0227947,-0.0649645,-0.0071636,-0.0474438,-0.0283144,-0.0283144,-0.0333782,-0.0211102
1.5289752,1.5289752,1.5177433,-0.0279340,-0.0224885,-0.0640918,-0.0070673,-0.0468064,-0.0279340,-0.0279340,-0.0329297,-0.0208266
1.5339752,1.5339752,1.5227433,-0.0275597,-0.0221871,-0.0632328,-0.0069726,-0.0461791,-0.0275597,-0.0275597,-0.0324884,-0.0205475
1.5389752,1.5389752,1.5277433,-0.0271912,-0.0218904,-0.0623875,-0.0068794,-0.0455618,-0.0271912,-0.0271912,-0.0320541,-0.0202728
1.5439752,1.5439752,1.5327433,-0.0268286,-0.0215985,-0.0615556,-0.0067877,-0.0449542,-0.0268286,-0.0268286,-0.0316266,-0.0200024
1.5489752,1.5489752,1.5377433,-0.0264717,-0.0213112,-0.0607367,-0.0066974,-0.0443562,-0.0264717,-0.0264717,-0.0312059,-0.0197363
1.5539752,1.5539752,1.5427433,-0.0261204,-0.0210284,-0.0599307,-0.0066085,-0.0437675,-0.0261204,-0.0261204,-0.0307917,-0.0194744
1.5589752,1.5589752,1.5477433,-0.0257746,-0.0207500,-0.0591373,-0.0065210,-0.0431881,-0.0257746,-0.0257746,-0.0303841,-0.0192166
1.5639752,1.5639752,1.5527433,-0.0254342,-0.0204759,-0.0583563,-0.0064349,-0.0426178,-0.0254342,-0.0254342,-0.0299828,-0.0189628
1.5689752,1.5689752,1.5577433,-0.0250991,-0.0202062,-0.0575875,-0.0063501,-0.0420563,-0.0250991,-0.0250991,-0.0295878,-0.0187130
1.5739752,1.5739752,1.5627433,-0.0247692,-0.0199406,-0.0568307,-0.0062666,-0.0415036,-0.0247692,-0.0247692,-0.0291989,-0.0184670
1.5789752,1.5789752,1.5677433,-0.0244445,-0.0196791,-0.0560856,-0.0061845,-0.0409594,-0.0244445,-0.0244445,-0.0288161,-0.0182249
1.5839752,1.5839752,1.5727433,-0.0241247,-0.0194217,-0.0553520,-0.0061036,-0.0404237,-0.0241247,-0.0241247,-0.0284392,-0.0179865
1.5889752,1.5889752,1.5777433,-0.0238099,-0.0191683,-0.0546297,-0.0060239,-0.0398962,-0.0238099,-0.0238099,-0.0280681,-0.0177518
1.5939752,1.5939752,1.5827433,-0.0235000,-0.0189188,-0.0539186,-0.0059455,-0.0393769,-0.0235000,-0.0235000,-0.0277027,-0.0175207
1.5989752,1.5989752,1.5877433,-0.0231948,-0.0186731,-0.0532183,-0.0058683,-0.0388655,-0.0231948,-0.0231948,-0.0273429,-0.0172932
1.6039752,1.6039752,1.5927433,-0.0228942,-0.0184311,-0.0525288,-0.0057922,-0.0383619,-0.0228942,-0.0228942,-0.0269886,-0.0170691
1.6089752,1.6089752,1.5977433,-0.0225983,-0.0181929,-0.0518498,-0.0057174,-0.0378661,-0.0225983,-0.0225983,-0.0266398,-0.0168485
1.6139752,1.6139752,1.6027433,-0.0223069,-0.0179582,-0.0511812,-0.0056436,-0.0373777,-0.0223069,-0.0223069,-0.0262962,-0.0166312
1.6189752,1.6189752,1.6077433,-0.0220199,-0.0177272,-0.0505227,-0.0055710,-0.0368968,-0.0220199,-0.0220199,-0.0259579,-0.0164172
1.6239752,1.6239752,1.6127433,-0.0217372,-0.0174996,-0.0498742,-0.0054995,-0.0364232,-0.0217372,-0.0217372,-0.0256247,-0.0162065
1.6289752,1.6289752,1.6177433,-0.0214588,-0.0172755,-0.0492355,-0.0054291,-0.0359568,-0.0214588,-0.0214588,-0.0252965,-0.0159989
1.6339752,1.6339752,1.6227433,-0.0211847,-0.0170548,-0.0486064,-0.0053597,-0.0354974,-0.0211847,-0.0211847,-0.0249733,-0.0157945
1.6389752,1.6389752,1.6277433,-0.0209146,-0.0168374,-0.0479868,-0.0052914,-0.0350449,-0.0209146,-0.0209146,-0.0246550,-0.0155932
1.6439752,1.6439752,1.6327433,-0.0206486,-0.0166232,-0.0473765,-0.0052241,-0.0345992,-0.0206486,-0.0206486,-0.0243414,-0.0153948
1.6489752,1.6489752,1.6377433,-0.0203866,-0.0164123,-0.0467753,-0.0051578,-0.0341601,-0.0203866,-0.0203866,-0.0240325,-0.0151995
1.6539752,1.6539752,1.6427433,-0.0201285,-0.0162045,-0.0461831,-0.0050925,-0.0337277,-0.0201285,-0.0201285,-0.0237282,-0.0150070
1.6589752,1.6589752,1.6477433,-0.0198742,-0.0159998,-0.0455998,-0.0050282,-0.0333016,-0.0198742,-0.0198742,-0.0234285,-0.0148175
1.6639752,1.6639752,1.6527433,-0.0196237,-0.0157982,-0.0450251,-0.0049648,-0.0328819,-0.0196237,-0.0196237,-0.0231332,-0.0146307
1.6689752,1.6689752,1.6577433,-0.0193770,-0.0155995,-0.0444589,-0.0049023,-0.0324684,-0.0193770,-0.0193770,-0.0228423,-0.0144467
1.6739752,1.6739752,1.6627433,-0.0191338,-0.0154038,-0.0439011,-0.0048408,-0.0320611,-0.0191338,-0.0191338,-0.0225557,-0.0142655
1.6789752,1.6789752,1.6677433,-0.0188943,-0.0152109,-0.0433515,-0.0047802,-0.0316597,-0.0188943,-0.0188943,-0.0222734,-0.0140869
1.6839752,1.6839752,1.6727433,-0.0186583,-0.0150209,-0.0428100,-0.0047205,-0.0312643,-0.0186583,-0.0186583,-0.0219951,-0.0139109
1.6889752,1.6889752,1.6777433,-0.0184258,-0.0148337,-0.0422765,-0.0046617,-0.0308746,-0.0184258,-0.0184258,-0.0217210,-0.0137376
1.6939752,1.6939752,1.6827433,-0.0181966,-0.0146493,-0.0417508,-0.0046037,-0.0304907,-0.0181966,-0.0181966,-0.0214509,-0.0135667
1.6989752,1.6989752,1.6877433,-0.0179709,-0.0144675,-0.0412328,-0.0045466,-0.0301124,-0.0179709,-0.0179709,-0.0211847,-0.0133984
1.7039752,1.7039752,1.6927433,-0.0177484,-0.0142884,-0.0407223,-0.0044903,-0.0297396,-0.0177484,-0.0177484,-0.0209225,-0.0132325
1.7089752,1.7089752,1.6977433,-0.0175291,-0.0141119,-0.0402192,-0.0044348,-0.0293722,-0.0175291,-0.0175291,-0.0206640,-0.0130691
1.7139752,1.7139752,1.7027433,-0.0173130,-0.0139379,-0.0397235,-0.0043802,-0.0290101,-0.0173130,-0.0173130,-0.0204093,-0.0129080
1.7189752,1.7189752,1.7077433,-0.0171001,-0.0137665,-0.0392349,-0.0043263,-0.0286533,-0.0171001,-0.0171001,-0.0201583,-0.0127492
1.7239752,1.7239752,1.7127433,-0.0168902,-0.0135975,-0.0387534,-0.0042732,-0.0283017,-0.0168902,-0.0168902,-0.0199109,-0.0125927
1.7289752,1.7289752,1.7177433,-0.0166834,-0.0134310,-0.0382788,-0.0042209,-0.0279551,-0.0166834,-0.0166834,-0.0196670,-0.0124385
1.7339752,1.7339752,1.7227433,-0.0164795,-0.0132669,-0.0378111,-0.0041693,-0.0276135,-0.0164795,-0.0164795,-0.0194267,-0.0122865
1.7389752,1.7389752,1.7277433,-0.0162786,-0.0131051,-0.0373500,-0.0041184,-0.0272768,-0.0162786,-0.0162786,-0.0191898,-0.0121367
1.7439752,1.7439752,1.7327433,-0.0160805,-0.0129457,-0.0368956,-0.0040683,-0.0269449,-0.0160805,-0.0160805,-0.0189563,-0.0119890
1.7489752,1.7489752,1.7377433,-0.0158853,-0.0127885,-0.0364476,-0.0040189,-0.0266178,-0.0158853,-0.0158853,-0.0187262,-0.0118435
1.7539752,1.7539752,1.7427433,-0.0156928,-0.0126335,-0.0360060,-0.0039702,-0.0262953,-0.0156928,-0.0156928,-0.0184993,-0.0117000
1.7589752,1.7589752,1.7477433,-0.0155031,-0.0124808,-0.0355707,-0.0039222,-0.0259774,-0.0155031,-0.0155031,-0.0182756,-0.0115585
1.7639752,1.7639752,1.7527433,-0.0153161,-0.0123302,-0.0351416,-0.0038749,-0.0256640,-0.0153161,-0.0153161,-0.0180552,-0.0114191
1.7689752,1.7689752,1.7577433,-0.0151317,-0.0121818,-0.0347186,-0.0038283,-0.0253551,-0.0151317,-0.0151317,-0.0178378,-0.0112816
1.7739752,1.7739752,1.7627433,-0.0149499,-0.0120355,-0.0343015,-0.0037823,-0.0250505,-0.0149499,-0.0149499,-0.0176235,-0.0111461
1.7789752,1.7789752,1.7677433,-0.0147707,-0.0118912,-0.0338903,-0.0037369,-0.0247502,-0.0147707,-0.0147707,-0.0174123,-0.0110125
1.7839752,1.7839752,1.7727433,-0.0145940,-0.0117489,-0.0334849,-0.0036922,-0.0244541,-0.0145940,-0.0145940,-0.0172040,-0.0108807
1.7889752,1.7889752,1.7777433,-0.0144198,-0.0116087,-0.0330852,-0.0036482,-0.0241622,-0.0144198,-0.0144198,-0.0169986,-0.0107508
1.7939752,1.7939752,1.7827433,-0.0142480,-0.0114704,-0.0326910,-0.0036047,-0.0238743,-0.0142480,-0.0142480,-0.0167961,-0.0106228
1.7989752,1.7989752,1.7877433,-0.0140786,-0.0113340,-0.0323024,-0.0035618,-0.0235905,-0.0140786,-0.0140786,-0.0165964,-0.0104965
1.8039752,1.8039752,1.7927433,-0.0139116,-0.0111995,-0.0319192,-0.0035196,-0.0233106,-0.0139116,-0.0139116,-0.0163995,-0.0103720
1.8089752,1.8089752,1.7977433,-0.0137469,-0.0110670,-0.0315413,-0.0034779,-0.0230347,-0.0137469,-0.0137469,-0.0162053,-0.0102492
1.8139752,1.8139752,1.8027433,-0.0135845,-0.0109362,-0.0311686,-0.0034368,-0.0227625,-0.0135845,-0.0135845,-0.0160139,-0.0101281
1.8189752,1.8189752,1.8077433,-0.0134243,-0.0108073,-0.0308011,-0.0033963,-0.0224941,-0.0134243,-0.0134243,-0.0158251,-0.0100087
1.8239752,1.8239752,1.8127433,-0.0132663,-0.0106801,-0.0304387,-0.0033563,-0.0222295,-0.0132663,-0.0132663,-0.0156389,-0.0098909
1.8289752,1.8289752,1.8177433,-0.0131106,-0.0105547,-0.0300813,-0.0033169,-0.0219684,-0.0131106,-0.0131106,-0.0154552,-0.0097747
1.8339752,1.8339752,1.8227433,-0.0129569,-0.0104310,-0.0297288,-0.0032781,-0.0217110,-0.0129569,-0.0129569,-0.0152741,-0.0096602
1.8389752,1.8389752,1.8277433,-0.0128054,-0.0103090,-0.0293811,-0.0032397,-0.0214571,-0.0128054,-0.0128054,-0.0150955,-0.0095472
1.8439752,1.8439752,1.8327433,-0.0126559,-0.0101887,-0.0290382,-0.0032019,-0.0212067,-0.0126559,-0.0126559,-0.0149193,-0.0094358
1.8489752,1.8489752,1.8377433,-0.0125085,-0.0100700,-0.0287000,-0.0031646,-0.0209597,-0.0125085,-0.0125085,-0.0147455,-0.0093259
1.8539752,1.8539752,1.8427433,-0.0123631,-0.0099530,-0.0283664,-0.0031278,-0.0207160,-0.0123631,-0.0123631,-0.0145741,-0.0092175
1.8589752,1.8589752,1.8477433,-0.0122197,-0.0098375,-0.0280373,-0.0030915,-0.0204757,-0.0122197,-0.0122197,-0.0144051,-0.0091106
1.8639752,1.8639752,1.8527433,-0.0120782,-0.0097236,-0.0277127,-0.0030558,-0.0202387,-0.0120782,-0.0120782,-0.0142383,-0.0090051
1.8689752,1.8689752,1.8577433,-0.0119387,-0.0096113,-0.0273925,-0.0030204,-0.0200048,-0.0119387,-0.0119387,-0.0140738,-0.0089010
1.8739752,1.8739752,1.8627433,-0.0118010,-0.0095004,-0.0270767,-0.0029856,-0.0197741,-0.0118010,-0.0118010,-0.0139115,-0.0087984
1.8789752,1.8789752,1.8677433,-0.0116652,-0.0093911,-0.0267650,-0.0029513,-0.0195466,-0.0116652,-0.0116652,-0.0137514,-0.0086971
1.8839752,1.8839752,1.8727433,-0.0115312,-0.0092832,-0.0264576,-0.0029174,-0.0193221,-0.0115312,-0.0115312,-0.0135934,-0.0085972
1.8889752,1.8889752,1.8777433,-0.0113990,-0.0091768,-0.0261543,-0.0028839,-0.0191006,-0.0113990,-0.0113990,-0.0134376,-0.0084987
1.8939752,1.8939752,1.8827433,-0.0112686,-0.0090718,-0.0258551,-0.0028509,-0.0188820,-0.0112686,-0.0112686,-0.0132839,-0.0084015
1.8989752,1.8989752,1.8877433,-0.0111399,-0.0089682,-0.0255599,-0.0028184,-0.0186665,-0.0111399,-0.0111399,-0.0131322,-0.0083055
1.9039752,1.9039752,1.8927433,-0.0110130,-0.0088660,-0.0252686,-0.0027862,-0.0184537,-0.0110130,-0.0110130,-0.0129825,-0.0082109
1.9089752,1.9089752,1.8977433,-0.0108877,-0.0087652,-0.0249812,-0.0027546,-0.0182439,-0.0108877,-0.0108877,-0.0128349,-0.0081175
1.9139752,1.9139752,1.9027433,-0.0107641,-0.0086657,-0.0246977,-0.0027233,-0.0180368,-0.0107641,-0.0107641,-0.0126892,-0.0080253
1.9189752,1.9189752,1.9077433,-0.0106422,-0.0085675,-0.0244179,-0.0026924,-0.0178324,-0.0106422,-0.0106422,-0.0125454,-0.0079344
1.9239752,1.9239752,1.9127433,-0.0105219,-0.0084706,-0.0241418,-0.0026620,-0.0176308,-0.0105219,-0.0105219,-0.0124036,-0.0078447
1.9289752,1.9289752,1.9177433,-0.0104031,-0.0083750,-0.0238693,-0.0026319,-0.0174318,-0.0104031,-0.0104031,-0.0122636,-0.0077562
1.9339752,1.9339752,1.9227433,-0.0102859,-0.0082807,-0.0236004,-0.0026023,-0.0172355,-0.0102859,-0.0102859,-0.0121255,-0.0076688
1.9389752,1.9389752,1.9277433,-0.0101703,-0.0081876,-0.0233351,-0.0025730,-0.0170417,-0.0101703,-0.0101703,-0.0119891,-0.0075826
1.9439752,1.9439752,1.9327433,-0.0100562,-0.0080957,-0.0230733,-0.0025442,-0.0168505,-0.0100562,-0.0100562,-0.0118546,-0.0074975
1.9489752,1.9489752,1.9377433,-0.0099435,-0.0080051,-0.0228149,-0.0025157,-0.0166618,-0.0099435,-0.0099435,-0.0117218,-0.0074135
1.9539752,1.9539752,1.9427433,-0.0098324,-0.0079156,-0.0225599,-0.0024876,-0.0164755,-0.0098324,-0.0098324,-0.0115908,-0.0073307
1.9589752,1.9589752,1.9477433,-0.0097227,-0.0078273,-0.0223082,-0.0024598,-0.0162917,-0.0097227,-0.0097227,-0.0114615,-0.0072489
1.9639752,1.9639752,1.9527433,-0.0096144,-0.0077401,-0.0220598,-0.0024324,-0.0161103,-0.0096144,-0.0096144,-0.0113339,-0.0071682
1.9689752,1.9689752,1.9577433,-0.0095076,-0.0076541,-0.0218146,-0.0024054,-0.0159312,-0.0095076,-0.0095076,-0.0112079,-0.0070885
1.9739752,1.9739752,1.9627433,-0.0094021,-0.0075692,-0.0215726,-0.0023787,-0.0157545,-0.0094021,-0.0094021,-0.0110836,-0.0070099
1.9789752,1.9789752,1.9677433,-0.0092980,-0.0074854,-0.0213337,-0.0023524,-0.0155801,-0.0092980,-0.0092980,-0.0109608,-0.0069322
1.9839752,1.9839752,1.9727433,-0.0091952,-0.0074026,-0.0210979,-0.0023264,-0.0154079,-0.0091952,-0.0091952,-0.0108397,-0.0068556
1.9889752,1.9889752,1.9777433,-0.0090938,-0.0073210,-0.0208652,-0.0023007,-0.0152379,-0.0090938,-0.0090938,-0.0107201,-0.0067800
1.9939752,1.9939752,1.9827433,-0.0089937,-0.0072404,-0.0206355,-0.0022754,-0.0150701,-0.0089937,-0.0089937,-0.0106021,-0.0067053
1.9989752,1.9989752,1.9877433,-0.0088948,-0.0071608,-0.0204087,-0.0022504,-0.0149045,-0.0088948,-0.0088948,-0.0104856,-0.0066317
