# r[nm],d[nm],daligned[nm],Umethane(d)[kj/mol],UMinmethane(d)[kj/mol]
-0.0782046,-0.0782046,0.0000000,17583.7358129,17583.7358129
-0.0682046,-0.0682046,0.0100000,18035.9607809,18035.9607809
-0.0582046,-0.0582046,0.0200000,19889.2720622,19889.2720622
-0.0482046,-0.0482046,0.0300000,23556.5962816,23556.5962816
-0.0382046,-0.0382046,0.0400000,15851.5565774,15851.5565774
-0.0282046,-0.0282046,0.0500000,10765.6343402,10765.6343402
-0.0182046,-0.0182046,0.0600000,7486.6429959,7486.6429959
-0.0082046,-0.0082046,0.0700000,5447.7320784,5447.7320784
0.0017954,0.0017954,0.0800000,4060.2480386,4060.2480386
0.0117954,0.0117954,0.0900000,3015.5975593,3015.5975593
0.0217954,0.0217954,0.1000000,2328.8702444,2328.8702444
0.0317954,0.0317954,0.1100000,1866.0648869,1866.0648869
0.0417954,0.0417954,0.1200000,1388.1600516,1363.6888845
0.0517954,0.0517954,0.1300000,958.3572203,933.8860531
0.0617954,0.0617954,0.1400000,676.4943773,652.0232102
0.0717954,0.0717954,0.1500000,488.5165767,464.0454095
0.0817954,0.0817954,0.1600000,360.8556790,336.3845119
0.0917954,0.0917954,0.1700000,272.3228347,247.8516676
0.1017954,0.1017954,0.1800000,209.3925813,184.9214143
0.1117954,0.1117954,0.1900000,163.3763664,138.9225659
0.1217954,0.1217954,0.2000000,121.2794164,95.6284603
0.1317954,0.1317954,0.2100000,84.2533536,59.8610674
0.1417954,0.1417954,0.2200000,56.4925522,34.5143895
0.1517954,0.1517954,0.2300000,36.9738040,14.1748722
0.1617954,0.1617954,0.2400000,23.6679719,1.3795022
0.1717954,0.1717954,0.2500000,14.3631941,-6.5838690
0.1817954,0.1817954,0.2600000,7.8612233,-11.4478055
0.1917954,0.1917954,0.2700000,3.2548195,-14.4131272
0.2017954,0.2017954,0.2800000,-0.0463522,-16.2483966
0.2117954,0.2117954,0.2900000,-2.3500191,-16.9283840
0.2217954,0.2217954,0.3000000,-3.9266837,-16.9060867
0.2317954,0.2317954,0.3100000,-5.0188613,-16.7816930
0.2417954,0.2417954,0.3200000,-5.7768387,-16.3961050
0.2517954,0.2517954,0.3300000,-6.2928206,-15.7140693
0.2617954,0.2617954,0.3400000,-6.6531081,-14.8725171
0.2717954,0.2717954,0.3500000,-6.9348481,-13.9578684
0.2817954,0.2817954,0.3600000,-7.1896459,-13.1027624
0.2917954,0.2917954,0.3700000,-7.4507920,-12.5951318
0.3017954,0.3017954,0.3800000,-7.7254159,-12.0329884
0.3117954,0.3117954,0.3900000,-7.9682433,-11.5381687
0.3217954,0.3217954,0.4000000,-8.1113326,-11.1551826
0.3317954,0.3317954,0.4100000,-8.1164651,-10.7865545
0.3417954,0.3417954,0.4200000,-7.9827435,-10.3444573
0.3517954,0.3517954,0.4300000,-7.7291720,-9.8160870
0.3617954,0.3617954,0.4400000,-7.3837913,-9.2083776
0.3717954,0.3717954,0.4500000,-6.9784950,-8.5663875
0.3817954,0.3817954,0.4600000,-6.5433544,-7.9310984
0.3917954,0.3917954,0.4700000,-6.1022080,-7.3211521
0.4017954,0.4017954,0.4800000,-5.6714264,-6.7695225
0.4117954,0.4117954,0.4900000,-5.2609307,-6.2739712
0.4217954,0.4217954,0.5000000,-4.8759289,-5.8282478
0.4317954,0.4317954,0.5100000,-4.5185094,-5.3975707
0.4417954,0.4417954,0.5200000,-4.1888344,-4.9910537
0.4517954,0.4517954,0.5300000,-3.8859500,-4.6127721
0.4617954,0.4617954,0.5400000,-3.6083068,-4.2638686
0.4717954,0.4717954,0.5500000,-3.3540819,-3.9438186
0.4817954,0.4817954,0.5600000,-3.1213726,-3.6511943
0.4917954,0.4917954,0.5700000,-2.9083083,-3.3841231
0.5017954,0.5017954,0.5800000,-2.7131115,-3.1405609
0.5117954,0.5117954,0.5900000,-2.5341287,-2.9184866
0.5217954,0.5217954,0.6000000,-2.3698417,-2.7162092
0.5317954,0.5317954,0.6100000,-2.2188691,-2.5314743
0.5417954,0.5417954,0.6200000,-2.0799605,-2.3625891
0.5517954,0.5517954,0.6300000,-1.9519884,-2.2080111
0.5617954,0.5617954,0.6400000,-1.8339386,-2.0663452
0.5717954,0.5717954,0.6500000,-1.7248995,-1.9363353
0.5817954,0.5817954,0.6600000,-1.6240522,-1.8168538
0.5917954,0.5917954,0.6700000,-1.5306612,-1.7068909
0.6017954,0.6017954,0.6800000,-1.4440655,-1.6055425
0.6117954,0.6117954,0.6900000,-1.3636710,-1.5119997
0.6217954,0.6217954,0.7000000,-1.2889426,-1.4255391
0.6317954,0.6317954,0.7100000,-1.2193985,-1.3455126
0.6417954,0.6417954,0.7200000,-1.1546040,-1.2713399
0.6517954,0.6517954,0.7300000,-1.0941667,-1.2025005
0.6617954,0.6617954,0.7400000,-1.0377315,-1.1385273
0.6717954,0.6717954,0.7500000,-0.9849773,-1.0790003
0.6817954,0.6817954,0.7600000,-0.9356129,-1.0235416
0.6917954,0.6917954,0.7700000,-0.8893738,-0.9718107
0.7017954,0.7017954,0.7800000,-0.8460197,-0.9236648
0.7117954,0.7117954,0.7900000,-0.8053322,-0.8786441
0.7217954,0.7217954,0.8000000,-0.7671119,-0.8364956
0.7317954,0.7317954,0.8100000,-0.7311770,-0.7969940
0.7417954,0.7417954,0.8200000,-0.6973614,-0.7599348
0.7517954,0.7517954,0.8300000,-0.6655133,-0.7251321
0.7617954,0.7617954,0.8400000,-0.6354936,-0.6924166
0.7717954,0.7717954,0.8500000,-0.6071747,-0.6616342
0.7817954,0.7817954,0.8600000,-0.5804396,-0.6326440
0.7917954,0.7917954,0.8700000,-0.5551806,-0.6053175
0.8017954,0.8017954,0.8800000,-0.5312987,-0.5795368
0.8117954,0.8117954,0.8900000,-0.5087029,-0.5552152
0.8217954,0.8217954,0.9000000,-0.4873090,-0.5322443
0.8317954,0.8317954,0.9100000,-0.4670395,-0.5105183
0.8417954,0.8417954,0.9200000,-0.4478227,-0.4899538
0.8517954,0.8517954,0.9300000,-0.4295922,-0.4704744
0.8617954,0.8617954,0.9400000,-0.4122867,-0.4520151
0.8717954,0.8717954,0.9500000,-0.3958494,-0.4345437
0.8817954,0.8817954,0.9600000,-0.3802274,-0.4179561
0.8917954,0.8917954,0.9700000,-0.3653718,-0.4021971
0.9017954,0.9017954,0.9800000,-0.3512371,-0.3872246
0.9117954,0.9117954,0.9900000,-0.3377809,-0.3729918
0.9217954,0.9217954,1.0000000,-0.3249639,-0.3594438
0.9317954,0.9317954,1.0100000,-0.3127494,-0.3465399
0.9417954,0.9417954,1.0200000,-0.3011032,-0.3342425
0.9517954,0.9517954,1.0300000,-0.2899933,-0.3225163
0.9617954,0.9617954,1.0400000,-0.2793899,-0.3113287
0.9717954,0.9717954,1.0500000,-0.2692652,-0.3006517
0.9817954,0.9817954,1.0600000,-0.2595930,-0.2904757
0.9917954,0.9917954,1.0700000,-0.2503491,-0.2807501
1.0017954,1.0017954,1.0800000,-0.2415106,-0.2714505
1.0117954,1.0117954,1.0900000,-0.2330561,-0.2625612
1.0217954,1.0217954,1.1000000,-0.2249655,-0.2540548
1.0317954,1.0317954,1.1100000,-0.2172199,-0.2459091
1.0417954,1.0417954,1.1200000,-0.2098018,-0.2381053
1.0517954,1.0517954,1.1300000,-0.2026944,-0.2306256
1.0617954,1.0617954,1.1400000,-0.1958821,-0.2234536
1.0717954,1.0717954,1.1500000,-0.1893502,-0.2165737
1.0817954,1.0817954,1.1600000,-0.1830849,-0.2099779
1.0917954,1.0917954,1.1700000,-0.1770731,-0.2036504
1.1017954,1.1017954,1.1800000,-0.1713026,-0.1975726
1.1117954,1.1117954,1.1900000,-0.1657617,-0.1917322
1.1217954,1.1217954,1.2000000,-0.1604395,-0.1861180
1.1317954,1.1317954,1.2100000,-0.1553257,-0.1807191
1.1417954,1.1417954,1.2200000,-0.1504105,-0.1755256
1.1517954,1.1517954,1.2300000,-0.1456847,-0.1705277
1.1617954,1.1617954,1.2400000,-0.1411396,-0.1657350
1.1717954,1.1717954,1.2500000,-0.1367669,-0.1611540
1.1817954,1.1817954,1.2600000,-0.1325589,-0.1567402
1.1917954,1.1917954,1.2700000,-0.1285081,-0.1524862
1.2017954,1.2017954,1.2800000,-0.1246076,-0.1483848
1.2117954,1.2117954,1.2900000,-0.1208506,-0.1444292
1.2217954,1.2217954,1.3000000,-0.1172310,-0.1406133
1.2317954,1.2317954,1.3100000,-0.1137427,-0.1369309
1.2417954,1.2417954,1.3200000,-0.1103800,-0.1333763
1.2517954,1.2517954,1.3300000,-0.1071377,-0.1299532
1.2617954,1.2617954,1.3400000,-0.1040105,-0.1266473
1.2717954,1.2717954,1.3500000,-0.1009936,-0.1234531
1.2817954,1.2817954,1.3600000,-0.0980824,-0.1203660
1.2917954,1.2917954,1.3700000,-0.0952725,-0.1173815
1.3017954,1.3017954,1.3800000,-0.0925598,-0.1144955
1.3117954,1.3117954,1.3900000,-0.0899402,-0.1117039
1.3217954,1.3217954,1.4000000,-0.0874099,-0.1090030
1.3317954,1.3317954,1.4100000,-0.0849654,-0.1063892
1.3417954,1.3417954,1.4200000,-0.0826032,-0.1038590
1.3517954,1.3517954,1.4300000,-0.0803200,-0.1014092
1.3617954,1.3617954,1.4400000,-0.0781127,-0.0990366
1.3717954,1.3717954,1.4500000,-0.0759784,-0.0967394
1.3817954,1.3817954,1.4600000,-0.0739141,-0.0945161
1.3917954,1.3917954,1.4700000,-0.0719172,-0.0923613
1.4017954,1.4017954,1.4800000,-0.0699850,-0.0902723
1.4117954,1.4117954,1.4900000,-0.0681151,-0.0882468
1.4217954,1.4217954,1.5000000,-0.0663052,-0.0862824
1.4317954,1.4317954,1.5100000,-0.0645528,-0.0843768
1.4417954,1.4417954,1.5200000,-0.0628560,-0.0825317
1.4517954,1.4517954,1.5300000,-0.0612126,-0.0807484
1.4617954,1.4617954,1.5400000,-0.0596207,-0.0790203
1.4717954,1.4717954,1.5500000,-0.0580783,-0.0773438
1.4817954,1.4817954,1.5600000,-0.0565836,-0.0757157
1.4917954,1.4917954,1.5700000,-0.0551349,-0.0741342
1.5017954,1.5017954,1.5800000,-0.0537305,-0.0725977
1.5117954,1.5117954,1.5900000,-0.0523689,-0.0711046
1.5217954,1.5217954,1.6000000,-0.0510485,-0.0696533
1.5317954,1.5317954,1.6100000,-0.0497679,-0.0682425
1.5417954,1.5417954,1.6200000,-0.0485256,-0.0668708
1.5517954,1.5517954,1.6300000,-0.0473203,-0.0655367
1.5617954,1.5617954,1.6400000,-0.0461506,-0.0642391
1.5717954,1.5717954,1.6500000,-0.0450155,-0.0629776
1.5817954,1.5817954,1.6600000,-0.0439136,-0.0617526
1.5917954,1.5917954,1.6700000,-0.0428439,-0.0605606
