# r[nm],d[nm],daligned[nm],Uwater(d)[kj/mol],UMinwater(d)[kj/mol]
-0.0782046,-0.0782046,0.0000000,3096.3830010,3096.3830010
-0.0682046,-0.0682046,0.0100000,3757.2451535,3757.2451535
-0.0582046,-0.0582046,0.0200000,3544.3098363,3544.3098363
-0.0482046,-0.0482046,0.0300000,3215.5063188,3215.5063188
-0.0382046,-0.0382046,0.0400000,2704.1454007,2704.1454007
-0.0282046,-0.0282046,0.0500000,2229.3920351,2229.3920351
-0.0182046,-0.0182046,0.0600000,1761.4624973,1735.6271428
-0.0082046,-0.0082046,0.0700000,1224.3942606,1198.5530244
0.0017954,0.0017954,0.0800000,883.6843051,857.8797099
0.0117954,0.0117954,0.0900000,663.0847744,638.1152063
0.0217954,0.0217954,0.1000000,496.6747872,471.1430591
0.0317954,0.0317954,0.1100000,334.0859016,309.7399878
0.0417954,0.0417954,0.1200000,203.2224743,178.0140132
0.0517954,0.0517954,0.1300000,98.4780609,72.6381698
0.0617954,0.0617954,0.1400000,33.2085872,7.3674371
0.0717954,0.0717954,0.1500000,-7.8219132,-33.6631432
0.0817954,0.0817954,0.1600000,-33.5925299,-59.4337618
0.0917954,0.0917954,0.1700000,-49.3802595,-75.2213061
0.1017954,0.1017954,0.1800000,-58.4280671,-84.2670198
0.1117954,0.1117954,0.1900000,-62.9179423,-88.6606790
0.1217954,0.1217954,0.2000000,-68.5309418,-91.4676029
0.1317954,0.1317954,0.2100000,-74.9447904,-97.5304219
0.1417954,0.1417954,0.2200000,-77.3661593,-99.2958674
0.1517954,0.1517954,0.2300000,-78.5237378,-100.1471523
0.1617954,0.1617954,0.2400000,-81.4864735,-104.0952067
0.1717954,0.1717954,0.2500000,-82.3377512,-105.5638694
0.1817954,0.1817954,0.2600000,-80.5718029,-103.1981770
0.1917954,0.1917954,0.2700000,-78.0808150,-98.9545621
0.2017954,0.2017954,0.2800000,-74.7598230,-95.4390483
0.2117954,0.2117954,0.2900000,-70.8004680,-92.3845495
0.2217954,0.2217954,0.3000000,-66.3478926,-88.2555860
0.2317954,0.2317954,0.3100000,-61.8211161,-83.5265654
0.2417954,0.2417954,0.3200000,-57.5565572,-78.8115861
0.2517954,0.2517954,0.3300000,-53.7101136,-74.3835876
0.2617954,0.2617954,0.3400000,-50.3320915,-70.3481132
0.2717954,0.2717954,0.3500000,-47.4394751,-66.7290467
0.2817954,0.2817954,0.3600000,-45.0366377,-63.5115727
0.2917954,0.2917954,0.3700000,-43.0815192,-60.6638995
0.3017954,0.3017954,0.3800000,-41.4715201,-58.1482410
0.3117954,0.3117954,0.3900000,-40.0992493,-55.9262849
0.3217954,0.3217954,0.4000000,-38.8970510,-53.9618002
0.3317954,0.3317954,0.4100000,-37.8312727,-52.2217557
0.3417954,0.3417954,0.4200000,-36.8831760,-50.6766675
0.3517954,0.3517954,0.4300000,-36.0380643,-49.3005572
0.3617954,0.3617954,0.4400000,-35.2819993,-48.0781069
0.3717954,0.3717954,0.4500000,-34.6016760,-47.3981093
0.3817954,0.3817954,0.4600000,-33.9849690,-46.7711667
0.3917954,0.3917954,0.4700000,-33.4213128,-46.1828442
0.4017954,0.4017954,0.4800000,-32.9017952,-45.6290819
0.4117954,0.4117954,0.4900000,-32.4190547,-45.1061219
0.4217954,0.4217954,0.5000000,-31.9670833,-44.6105421
0.4317954,0.4317954,0.5100000,-31.5410048,-44.1392616
0.4417954,0.4417954,0.5200000,-31.1368658,-43.6895296
0.4517954,0.4517954,0.5300000,-30.7514548,-43.2589052
0.4617954,0.4617954,0.5400000,-30.3821524,-42.8452319
0.4717954,0.4717954,0.5500000,-30.0268103,-42.4466110
0.4817954,0.4817954,0.5600000,-29.6836559,-42.0623470
0.4917954,0.4917954,0.5700000,-29.3512170,-41.6939586
0.5017954,0.5017954,0.5800000,-29.0282630,-41.3362636
0.5117954,0.5117954,0.5900000,-28.7137584,-40.9880758
0.5217954,0.5217954,0.6000000,-28.4068264,-40.6483632
0.5317954,0.5317954,0.6100000,-28.1067208,-40.3162284
0.5417954,0.5417954,0.6200000,-27.8128028,-39.9908908
0.5517954,0.5517954,0.6300000,-27.5245230,-39.6716717
0.5617954,0.5617954,0.6400000,-27.2414069,-39.3579809
0.5717954,0.5717954,0.6500000,-26.9630431,-39.0525822
0.5817954,0.5817954,0.6600000,-26.6890735,-38.7547160
0.5917954,0.5917954,0.6700000,-26.4191858,-38.4605476
0.6017954,0.6017954,0.6800000,-26.1531065,-38.1697763
0.6117954,0.6117954,0.6900000,-25.8905959,-37.8824286
0.6217954,0.6217954,0.7000000,-25.6314430,-37.6031661
0.6317954,0.6317954,0.7100000,-25.3754624,-37.3261556
0.6417954,0.6417954,0.7200000,-25.1224900,-37.0512710
0.6517954,0.6517954,0.7300000,-24.8723814,-36.7816261
0.6617954,0.6617954,0.7400000,-24.6250083,-36.5146543
0.6717954,0.6717954,0.7500000,-24.3802575,-36.2491899
0.6817954,0.6817954,0.7600000,-24.1380281,-35.9879596
0.6917954,0.6917954,0.7700000,-23.8982310,-35.7281867
0.7017954,0.7017954,0.7800000,-23.6607867,-35.4696018
0.7117954,0.7117954,0.7900000,-23.4256244,-35.2137353
0.7217954,0.7217954,0.8000000,-23.1926811,-34.9592451
0.7317954,0.7317954,0.8100000,-22.9619006,-34.7058213
0.7417954,0.7417954,0.8200000,-22.7332327,-34.4534834
0.7517954,0.7517954,0.8300000,-22.5066323,-34.2022511
0.7617954,0.7617954,0.8400000,-22.2820593,-33.9521439
0.7717954,0.7717954,0.8500000,-22.0594773,-33.7038390
0.7817954,0.7817954,0.8600000,-21.8388539,-33.4567340
0.7917954,0.7917954,0.8700000,-21.6201596,-33.2107589
0.8017954,0.8017954,0.8800000,-21.4033681,-32.9659356
0.8117954,0.8117954,0.8900000,-21.1884553,-32.7222855
0.8217954,0.8217954,0.9000000,-20.9753992,-32.4798292
0.8317954,0.8317954,0.9100000,-20.7641801,-32.2385866
0.8417954,0.8417954,0.9200000,-20.5547798,-31.9985770
0.8517954,0.8517954,0.9300000,-20.3471814,-31.7598189
0.8617954,0.8617954,0.9400000,-20.1413695,-31.5223298
0.8717954,0.8717954,0.9500000,-19.9373300,-31.2861268
0.8817954,0.8817954,0.9600000,-19.7350493,-31.0512259
0.8917954,0.8917954,0.9700000,-19.5345151,-30.8176425
0.9017954,0.9017954,0.9800000,-19.3357157,-30.5853912
0.9117954,0.9117954,0.9900000,-19.1386400,-30.3544858
0.9217954,0.9217954,1.0000000,-18.9432774,-30.1249392
0.9317954,0.9317954,1.0100000,-18.7496180,-29.8967638
0.9417954,0.9417954,1.0200000,-18.5576519,-29.6699710
0.9517954,0.9517954,1.0300000,-18.3673699,-29.4445715
0.9617954,0.9617954,1.0400000,-18.1787630,-29.2205754
0.9717954,0.9717954,1.0500000,-17.9918222,-28.9979919
0.9817954,0.9817954,1.0600000,-17.8065389,-28.7768295
0.9917954,0.9917954,1.0700000,-17.6229047,-28.5570962
1.0017954,1.0017954,1.0800000,-17.4409110,-28.3387992
1.0117954,1.0117954,1.0900000,-17.2605496,-28.1219449
1.0217954,1.0217954,1.1000000,-17.0818123,-27.9065391
1.0317954,1.0317954,1.1100000,-16.9046907,-27.6925873
1.0417954,1.0417954,1.1200000,-16.7291766,-27.4800938
1.0517954,1.0517954,1.1300000,-16.5552618,-27.2690628
1.0617954,1.0617954,1.1400000,-16.3829381,-27.0594977
1.0717954,1.0717954,1.1500000,-16.2121971,-26.8514013
1.0817954,1.0817954,1.1600000,-16.0430305,-26.6447760
1.0917954,1.0917954,1.1700000,-15.8754300,-26.4396236
1.1017954,1.1017954,1.1800000,-15.7093870,-26.2359453
1.1117954,1.1117954,1.1900000,-15.5448931,-26.0337419
1.1217954,1.1217954,1.2000000,-15.3819397,-25.8330136
1.1317954,1.1317954,1.2100000,-15.2205181,-25.6337604
1.1417954,1.1417954,1.2200000,-15.0606196,-25.4359817
1.1517954,1.1517954,1.2300000,-14.9022353,-25.2396763
1.1617954,1.1617954,1.2400000,-14.7453564,-25.0448428
1.1717954,1.1717954,1.2500000,-14.5899740,-24.8514793
1.1817954,1.1817954,1.2600000,-14.4360789,-24.6595837
1.1917954,1.1917954,1.2700000,-14.2836620,-24.4691532
1.2017954,1.2017954,1.2800000,-14.1327140,-24.2801850
1.2117954,1.2117954,1.2900000,-13.9832258,-24.0926757
1.2217954,1.2217954,1.3000000,-13.8351880,-23.9066217
1.2317954,1.2317954,1.3100000,-13.6885910,-23.7220190
1.2417954,1.2417954,1.3200000,-13.5434255,-23.5388635
1.2517954,1.2517954,1.3300000,-13.3996817,-23.3571505
1.2617954,1.2617954,1.3400000,-13.2573501,-23.1768752
1.2717954,1.2717954,1.3500000,-13.1164210,-22.9980327
1.2817954,1.2817954,1.3600000,-12.9768846,-22.8206175
1.2917954,1.2917954,1.3700000,-12.8387311,-22.6446242
1.3017954,1.3017954,1.3800000,-12.7019507,-22.4700469
1.3117954,1.3117954,1.3900000,-12.5665333,-22.2968796
1.3217954,1.3217954,1.4000000,-12.4324690,-22.1251161
1.3317954,1.3317954,1.4100000,-12.2997480,-21.9547501
1.3417954,1.3417954,1.4200000,-12.1683600,-21.7857749
1.3517954,1.3517954,1.4300000,-12.0382950,-21.6181838
1.3617954,1.3617954,1.4400000,-11.9095429,-21.4519698
1.3717954,1.3717954,1.4500000,-11.7820936,-21.2871258
1.3817954,1.3817954,1.4600000,-11.6559370,-21.1236447
1.3917954,1.3917954,1.4700000,-11.5310628,-20.9615190
1.4017954,1.4017954,1.4800000,-11.4074608,-20.8007412
1.4117954,1.4117954,1.4900000,-11.2851209,-20.6413037
1.4217954,1.4217954,1.5000000,-11.1640328,-20.4831987
1.4317954,1.4317954,1.5100000,-11.0441864,-20.3264184
1.4417954,1.4417954,1.5200000,-10.9255713,-20.1709548
1.4517954,1.4517954,1.5300000,-10.8081773,-20.0167998
1.4617954,1.4617954,1.5400000,-10.6919943,-19.8639452
1.4717954,1.4717954,1.5500000,-10.5770119,-19.7123829
1.4817954,1.4817954,1.5600000,-10.4632201,-19.5621045
1.4917954,1.4917954,1.5700000,-10.3506086,-19.4131016
1.5017954,1.5017954,1.5800000,-10.2391671,-19.2653658
1.5117954,1.5117954,1.5900000,-10.1288856,-19.1188886
1.5217954,1.5217954,1.6000000,-10.0197539,-18.9736614
1.5317954,1.5317954,1.6100000,-9.9117619,-18.8296756
1.5417954,1.5417954,1.6200000,-9.8048994,-18.6869224
1.5517954,1.5517954,1.6300000,-9.6991565,-18.5453934
1.5617954,1.5617954,1.6400000,-9.5945229,-18.4050796
1.5717954,1.5717954,1.6500000,-9.4909888,-18.2659723
1.5817954,1.5817954,1.6600000,-9.3885442,-18.1280628
1.5917954,1.5917954,1.6700000,-9.2871791,-17.9913422
