# r[nm],d[nm],daligned[nm],Ucarbring(d)[kj/mol],UMincarbring(d)[kj/mol]
-0.2319331,-0.2319331,-0.0000000,55906.7325558,55906.7325558
-0.2219331,-0.2219331,0.0100000,48451.2246308,48451.2246308
-0.2119331,-0.2119331,0.0200000,42578.4527724,42578.4527724
-0.2019331,-0.2019331,0.0300000,39975.5093019,39975.5093019
-0.1919331,-0.1919331,0.0400000,40564.8173864,40564.8173864
-0.1819331,-0.1819331,0.0500000,44589.5413427,44589.5413427
-0.1719331,-0.1719331,0.0600000,52724.8777359,52724.8777359
-0.1619331,-0.1619331,0.0700000,47653.0429508,47653.0429508
-0.1519331,-0.1519331,0.0800000,43865.2684980,43865.2684980
-0.1419331,-0.1419331,0.0900000,42856.5952159,42856.5952159
-0.1319331,-0.1319331,0.1000000,44976.5780727,44976.5780727
-0.1219331,-0.1219331,0.1100000,48889.2498111,48889.2498111
-0.1119331,-0.1119331,0.1200000,44468.0804892,44468.0804892
-0.1019331,-0.1019331,0.1300000,29548.5638894,29548.5638894
-0.0919331,-0.0919331,0.1400000,20042.7175535,20042.7175535
-0.0819331,-0.0819331,0.1500000,13796.2785040,13796.2785040
-0.0719331,-0.0719331,0.1600000,9537.4122424,9537.4122424
-0.0619331,-0.0619331,0.1700000,6595.4659750,6595.4659750
-0.0519331,-0.0519331,0.1800000,4570.5429811,4570.5429811
-0.0419331,-0.0419331,0.1900000,3192.1428085,3192.1428085
-0.0319331,-0.0319331,0.2000000,2264.0664911,2264.0664911
-0.0219331,-0.0219331,0.2100000,1668.4051397,1642.5704190
-0.0119331,-0.0119331,0.2200000,1250.4091642,1224.7223506
-0.0019331,-0.0019331,0.2300000,874.4325776,848.6902855
0.0080669,0.0080669,0.2400000,556.8382284,531.4988147
0.0180669,0.0180669,0.2500000,338.1391515,312.6768568
0.0280669,0.0280669,0.2600000,195.8142301,170.0429861
0.0380669,0.0380669,0.2700000,111.2838182,87.7925925
0.0480669,0.0480669,0.2800000,58.9235359,36.1843731
0.0580669,0.0580669,0.2900000,27.4679295,5.3028896
0.0680669,0.0680669,0.3000000,8.5089572,-13.3897991
0.0780669,0.0780669,0.3100000,-2.9658072,-24.2339409
0.0880669,0.0880669,0.3200000,-9.7897170,-30.3212141
0.0980669,0.0980669,0.3300000,-13.6318943,-33.4613899
0.1080669,0.1080669,0.3400000,-15.5789565,-34.8286755
0.1180669,0.1180669,0.3500000,-16.3745854,-35.0279703
0.1280669,0.1280669,0.3600000,-16.5979052,-34.4518456
0.1380669,0.1380669,0.3700000,-16.6722451,-33.3743397
0.1480669,0.1480669,0.3800000,-16.7441354,-31.9956500
0.1580669,0.1580669,0.3900000,-16.7889395,-30.4659726
0.1680669,0.1680669,0.4000000,-16.7771414,-29.3269230
0.1780669,0.1780669,0.4100000,-16.6930447,-28.3903522
0.1880669,0.1880669,0.4200000,-16.5250973,-27.3284859
0.1980669,0.1980669,0.4300000,-16.2964249,-26.3648100
0.2080669,0.2080669,0.4400000,-16.0548892,-25.1844406
0.2180669,0.2180669,0.4500000,-15.8322773,-23.8943911
0.2280669,0.2280669,0.4600000,-15.6232089,-23.4222496
0.2380669,0.2380669,0.4700000,-15.3940932,-23.1677023
0.2480669,0.2480669,0.4800000,-15.1080897,-22.5800808
0.2580669,0.2580669,0.4900000,-14.7450658,-21.7700029
0.2680669,0.2680669,0.5000000,-14.3060391,-20.9858214
0.2780669,0.2780669,0.5100000,-13.8053933,-20.2410819
0.2880669,0.2880669,0.5200000,-13.2634668,-19.3659153
0.2980669,0.2980669,0.5300000,-12.7028520,-18.4108921
0.3080669,0.3080669,0.5400000,-12.1443784,-17.4169736
0.3180669,0.3180669,0.5500000,-11.6019829,-16.4140907
0.3280669,0.3280669,0.5600000,-11.0800282,-15.4234846
0.3380669,0.3380669,0.5700000,-10.5771899,-14.4599341
0.3480669,0.3480669,0.5800000,-10.0939477,-13.5334028
0.3580669,0.3580669,0.5900000,-9.6354044,-12.6745786
0.3680669,0.3680669,0.6000000,-9.2056044,-11.8667067
0.3780669,0.3780669,0.6100000,-8.7999377,-11.0976576
0.3880669,0.3880669,0.6200000,-8.4055044,-10.4065599
0.3980669,0.3980669,0.6300000,-8.0091360,-9.7753807
0.4080669,0.4080669,0.6400000,-7.6045652,-9.1755302
0.4180669,0.4180669,0.6500000,-7.1936636,-8.8057147
0.4280669,0.4280669,0.6600000,-6.7833242,-8.3632324
0.4380669,0.4380669,0.6700000,-6.3815258,-7.8888931
0.4480669,0.4480669,0.6800000,-5.9948276,-7.4208675
0.4580669,0.4580669,0.6900000,-5.6275583,-6.9756452
0.4680669,0.4680669,0.7000000,-5.2819987,-6.5370005
0.4780669,0.4780669,0.7100000,-4.9589018,-6.1171675
0.4880669,0.4880669,0.7200000,-4.6580100,-5.7214980
0.4980669,0.4980669,0.7300000,-4.3784571,-5.3510468
0.5080669,0.5080669,0.7400000,-4.1190472,-5.0047024
0.5180669,0.5180669,0.7500000,-3.8784350,-4.6818329
0.5280669,0.5280669,0.7600000,-3.6552377,-4.3822072
0.5380669,0.5380669,0.7700000,-3.4481012,-4.1049293
0.5480669,0.5480669,0.7800000,-3.2557358,-3.8487403
0.5580669,0.5580669,0.7900000,-3.0769356,-3.6122091
0.5680669,0.5680669,0.8000000,-2.9105849,-3.3938525
0.5780669,0.5780669,0.8100000,-2.7556593,-3.1922082
0.5880669,0.5880669,0.8200000,-2.6112223,-3.0058772
0.5980669,0.5980669,0.8300000,-2.4764203,-2.8335469
0.6080669,0.6080669,0.8400000,-2.3504763,-2.6740017
0.6180669,0.6180669,0.8500000,-2.2326840,-2.5261256
0.6280669,0.6280669,0.8600000,-2.1224012,-2.3889003
0.6380669,0.6380669,0.8700000,-2.0190436,-2.2614003
0.6480669,0.6480669,0.8800000,-1.9220798,-2.1427868
0.6580669,0.6580669,0.8900000,-1.8310259,-2.0323007
0.6680669,0.6680669,0.9000000,-1.7454407,-1.9293693
0.6780669,0.6780669,0.9100000,-1.6649220,-1.8333100
0.6880669,0.6880669,0.9200000,-1.5891021,-1.7434901
0.6980669,0.6980669,0.9300000,-1.5176450,-1.6594044
0.7080669,0.7080669,0.9400000,-1.4502430,-1.5808233
0.7180669,0.7180669,0.9500000,-1.3866142,-1.5071210
0.7280669,0.7280669,0.9600000,-1.3265000,-1.4378706
0.7380669,0.7380669,0.9700000,-1.2696625,-1.3727355
0.7480669,0.7480669,0.9800000,-1.2158834,-1.3114096
0.7580669,0.7580669,0.9900000,-1.1649612,-1.2536139
0.7680669,0.7680669,1.0000000,-1.1167106,-1.1991858
0.7780669,0.7780669,1.0100000,-1.0709602,-1.1479084
0.7880669,0.7880669,1.0200000,-1.0275520,-1.0994330
0.7980669,0.7980669,1.0300000,-0.9863397,-1.0535691
0.8080669,0.8080669,1.0400000,-0.9471879,-1.0102310
0.8180669,0.8180669,1.0500000,-0.9099711,-0.9692226
0.8280669,0.8280669,1.0600000,-0.8745728,-0.9303210
0.8380669,0.8380669,1.0700000,-0.8408851,-0.8934659
0.8480669,0.8480669,1.0800000,-0.8088074,-0.8585502
0.8580669,0.8580669,1.0900000,-0.7782464,-0.8253591
0.8680669,0.8680669,1.1000000,-0.7491149,-0.7938477
0.8780669,0.8780669,1.1100000,-0.7213320,-0.7638408
0.8880669,0.8880669,1.1200000,-0.6948220,-0.7352504
0.8980669,0.8980669,1.1300000,-0.6695143,-0.7079946
0.9080669,0.9080669,1.1400000,-0.6453430,-0.6820344
0.9180669,0.9180669,1.1500000,-0.6222463,-0.6572595
0.9280669,0.9280669,1.1600000,-0.6001665,-0.6336023
0.9380669,0.9380669,1.1700000,-0.5790497,-0.6110015
0.9480669,0.9480669,1.1800000,-0.5588452,-0.5893996
0.9580669,0.9580669,1.1900000,-0.5395055,-0.5687428
0.9680669,0.9680669,1.2000000,-0.5209860,-0.5489810
0.9780669,0.9780669,1.2100000,-0.5032449,-0.5300670
0.9880669,0.9880669,1.2200000,-0.4862429,-0.5119667
0.9980669,0.9980669,1.2300000,-0.4699429,-0.4946341
1.0080669,1.0080669,1.2400000,-0.4543102,-0.4780443
1.0180669,1.0180669,1.2500000,-0.4393119,-0.4621410
1.0280669,1.0280669,1.2600000,-0.4249173,-0.4468862
1.0380669,1.0380669,1.2700000,-0.4110972,-0.4322480
1.0480669,1.0480669,1.2800000,-0.3978242,-0.4181964
1.0580669,1.0580669,1.2900000,-0.3850724,-0.4047031
1.0680669,1.0680669,1.3000000,-0.3728172,-0.3917413
1.0780669,1.0780669,1.3100000,-0.3610357,-0.3792858
1.0880669,1.0880669,1.3200000,-0.3497059,-0.3673129
1.0980669,1.0980669,1.3300000,-0.3388072,-0.3558001
1.1080669,1.1080669,1.3400000,-0.3283201,-0.3447262
1.1180669,1.1180669,1.3500000,-0.3182259,-0.3340710
1.1280669,1.1280669,1.3600000,-0.3085073,-0.3238157
1.1380669,1.1380669,1.3700000,-0.2991475,-0.3139422
1.1480669,1.1480669,1.3800000,-0.2901308,-0.3044336
1.1580669,1.1580669,1.3900000,-0.2814423,-0.2952737
1.1680669,1.1680669,1.4000000,-0.2730677,-0.2864473
1.1780669,1.1780669,1.4100000,-0.2649937,-0.2779398
1.1880669,1.1880669,1.4200000,-0.2572074,-0.2697384
1.1980669,1.1980669,1.4300000,-0.2496966,-0.2618325
1.2080669,1.2080669,1.4400000,-0.2424499,-0.2542060
1.2180669,1.2180669,1.4500000,-0.2354561,-0.2468471
1.2280669,1.2280669,1.4600000,-0.2287050,-0.2397447
1.2380669,1.2380669,1.4700000,-0.2221865,-0.2328882
1.2480669,1.2480669,1.4800000,-0.2158910,-0.2262674
1.2580669,1.2580669,1.4900000,-0.2098098,-0.2198728
1.2680669,1.2680669,1.5000000,-0.2039340,-0.2136952
1.2780669,1.2780669,1.5100000,-0.1982555,-0.2077258
1.2880669,1.2880669,1.5200000,-0.1927666,-0.2019564
1.2980669,1.2980669,1.5300000,-0.1874597,-0.1963790
1.3080669,1.3080669,1.5400000,-0.1823277,-0.1909861
1.3180669,1.3180669,1.5500000,-0.1773638,-0.1857704
1.3280669,1.3280669,1.5600000,-0.1725616,-0.1807251
1.3380669,1.3380669,1.5700000,-0.1679149,-0.1758436
1.3480669,1.3480669,1.5800000,-0.1634177,-0.1711196
1.3580669,1.3580669,1.5900000,-0.1590644,-0.1665472
1.3680669,1.3680669,1.6000000,-0.1548495,-0.1621206
1.3780669,1.3780669,1.6100000,-0.1507680,-0.1578343
1.3880669,1.3880669,1.6200000,-0.1468148,-0.1536831
1.3980669,1.3980669,1.6300000,-0.1429852,-0.1496621
1.4080669,1.4080669,1.6400000,-0.1392747,-0.1457663
1.4180669,1.4180669,1.6500000,-0.1356789,-0.1419913
1.4280669,1.4280669,1.6600000,-0.1321937,-0.1383326
1.4380669,1.4380669,1.6700000,-0.1288151,-0.1347860
1.4480669,1.4480669,1.6800000,-0.1255392,-0.1313475
1.4580669,1.4580669,1.6900000,-0.1223625,-0.1280133
1.4680669,1.4680669,1.7000000,-0.1192814,-0.1247796
1.4780669,1.4780669,1.7100000,-0.1162926,-0.1216429
1.4880669,1.4880669,1.7200000,-0.1133927,-0.1185997
1.4980669,1.4980669,1.7300000,-0.1105788,-0.1156469
1.5080669,1.5080669,1.7400000,-0.1078478,-0.1127813
1.5180669,1.5180669,1.7500000,-0.1051969,-0.1099998
1.5280669,1.5280669,1.7600000,-0.1026233,-0.1072996
1.5380669,1.5380669,1.7700000,-0.1001244,-0.1046779
1.5480669,1.5480669,1.7800000,-0.0976977,-0.1021321
1.5580669,1.5580669,1.7900000,-0.0953408,-0.0996596
1.5680669,1.5680669,1.8000000,-0.0930513,-0.0972579
1.5780669,1.5780669,1.8100000,-0.0908269,-0.0949247
1.5880669,1.5880669,1.8200000,-0.0886656,-0.0926576
1.5980669,1.5980669,1.8300000,-0.0865651,-0.0904546
